Vector Track Size:     1311

12114049,       10, 15412299,    57364,    56658,     5199
12119483,       11, 16032123,    57369,    56666,     5716
12121515,       12, 16494593,    57375,    56673,     6225
12121861,       13, 15463233,    57380,    56680,     6735
12123902,       10, 15433063,    59855,    56718,     5199
12124104,       12, 16496964,    59901,    56750,     6225
12124513,       13, 15473335,    59924,    56768,     6735
12127053,       10, 15925452,    59124,    57227,     5199
12130498,       11, 16040396,    59152,    57249,     5716
12130820,       12, 16495481,    59180,    57269,     6225
12141627,       13, 15469998,    59207,    57289,     6735
12141829,       10, 15428559,    60254,    56780,     5199
12143642,       10, 15433540,    61374,    56752,     5199
12156186,       12, 16505242,    61389,    56754,     6225
12166269,       10, 15938203,    61098,    57037,     5199
12166282,       11, 16049034,    61102,    57047,     5716
12520807,       12, 16506293,    61106,    57058,     6225
12521741,       13, 15476633,    61109,    57068,     6735
12523461,       10, 15943677,    62640,    57271,     5199
12523956,       11, 16056996,    62644,    57286,     5716
12524973,       12, 16503821,    62648,    57301,     6225
12525140,       13, 15478421,    62652,    57316,     6735
12525313,       10, 15941464,    61808,    57144,     5199
12525983,       11, 16050692,    61868,    57196,     5716
12527743,       12, 16509291,    61928,    57249,     6225
12530416,       13, 15483428,    61987,    57301,     6735
12532832,       10, 15943766,    63152,    57410,     5199
12533118,       11, 16059789,    63161,    57431,     5716
12533432,       12, 16511389,    63169,    57451,     6225
12533488,       13, 15490975,    63176,    57468,     6735
12534403,       10, 15949626,    63920,    57518,     5199
12535518,       12, 16517247,    63919,    57598,     6225
12538258,       10, 15949124,    65658,    57022,     5199
12538483,       11, 16063588,    65663,    57025,     5716
12539810,       12, 16524052,    65667,    57028,     6225
12540920,       13, 15492587,    65672,    57030,     6735
12541254,       10, 15949816,    65339,    57597,     5199
12541268,       11, 16067713,    65358,    57641,     5716
12541367,       10, 15966491,    67911,    57691,     5199
12541473,       11, 16070734,    67930,    57738,     5716
12541732,       12, 16528447,    67948,    57785,     6225
12542242,       13, 15502756,    67966,    57832,     6735
12542772,       10, 15975952,    70810,    57103,     5199
12543082,       11, 16087554,    70819,    57108,     5716
12543085,       12, 16550186,    70828,    57112,     6225
12544686,       13, 15508221,    70836,    57116,     6735
12544845,       10, 15983297,    73137,    56703,     5199
12548272,       11, 16098604,    73141,    56706,     5716
12548609,       12, 16552258,    73144,    56709,     6225
12549401,       13, 15526092,    73148,    56712,     6735
12551334,       10, 15979140,    73388,    56982,     5199
12551793,       11, 16096119,    73412,    57015,     5716
12553896,       12, 16554774,    73437,    57047,     6225
12554698,       13, 15527683,    73461,    57080,     6735
12555529,       10, 15919453,    57622,    58347,     5199
12556074,       10, 16418637,    57611,    59141,     5199
12557263,       11, 16536426,    57644,    59169,     5716
12557583,       12, 17006283,    57677,    59196,     6225
12557755,       13, 15958997,    57709,    59223,     6735
12558082,       10, 15916162,    56972,    57834,     5199
12559130,       11, 16036687,    56997,    57835,     5716
12559181,       12, 16493513,    57022,    57835,     6225
12559991,       13, 15465247,    57047,    57836,     6735
12563724,       10, 15925083,    58585,    58296,     5199
12563794,       11, 16042388,    58598,    58338,     5716
12564262,       12, 17007526,    58611,    58380,     6225
12564521,       13, 15962316,    58624,    58422,     6735
12566239,       10, 15930341,    57841,    58517,     5199
12566401,       11, 16536804,    57900,    58524,     5716
12566602,       12, 17005241,    57960,    58531,     6225
12567175,       13, 15957995,    58017,    58538,     6735
12567988,       10, 15924806,    58393,    58413,     5199
12567994,       11, 16034886,    58408,    58419,     5716
12569630,       12, 17010344,    58423,    58426,     6225
12570917,       13, 15962037,    58436,    58432,     6735
12572428,       10, 15926963,    58654,    58713,     5199
12574385,       11, 16547854,    58664,    58749,     5716
12927704,       12, 17011262,    58673,    58785,     6225
12928023,       13, 15963592,    58682,    58821,     6735
12929286,       10, 16416349,    56859,    59117,     5199
12930308,       11, 16541835,    56866,    59147,     5716
12930772,       12, 17011746,    56877,    59176,     6225
12931102,       13, 15959736,    56887,    59206,     6735
12931137,       10, 15928691,    59480,    58775,     5199
12931306,       10, 16423940,    58755,    59186,     5199
12931971,       11, 16550067,    58759,    59189,     5716
12932114,       12, 17020189,    58763,    59191,     6225
12934288,       13, 15960486,    58768,    59193,     6735
12934765,       11, 16046273,    60680,    57447,     5716
12936052,       12, 16500783,    60690,    57457,     6225
12936385,       13, 15470564,    60698,    57467,     6735
12938582,       10, 15926273,    58713,    57753,     5199
12938613,       12, 16493228,    58714,    57768,     6225
12939376,       13, 15465328,    58714,    57775,     6735
12939660,       10, 15936059,    61131,    58690,     5199
12939751,       11, 16551289,    61148,    58718,     5716
12940635,       12, 17021569,    61172,    58745,     6225
12942394,       13, 15974381,    61192,    58773,     6735
12944002,       10, 15937431,    61431,    58251,     5199
12944337,       11, 16051008,    61432,    58254,     5716
12944713,       12, 16506809,    61434,    58256,     6225
12949250,       13, 15977972,    61436,    58259,     6735
12951208,       10, 15936240,    60901,    58732,     5199
12954016,       11, 16551262,    60917,    58746,     5716
12958845,       12, 17021490,    60932,    58760,     6225
12959842,       13, 15974181,    60948,    58774,     6735
12960467,       10, 15943773,    62601,    57533,     5199
12961331,       11, 16054231,    62625,    57562,     5716
12963259,       12, 16504861,    62650,    57590,     6225
12963989,       13, 15478402,    62675,    57618,     6735
12964495,       10, 15946531,    61794,    58845,     5199
12965206,       10, 16439861,    61872,    59016,     5199
12965422,       11, 16557624,    61885,    59051,     5716
12965925,       12, 17027653,    61898,    59087,     6225
12966081,       13, 15976745,    61911,    59122,     6735
12969051,       10, 15945346,    63277,    58422,     5199
12969407,       11, 16059215,    63327,    58424,     5716
12970142,       12, 17032917,    63377,    58426,     6225
12970195,       13, 15985645,    63427,    58428,     6735
12971620,       10, 15951913,    64637,    58638,     5199
12972549,       11, 16569523,    64690,    58650,     5716
12973934,       12, 17030183,    64744,    58662,     6225
12976680,       13, 15982904,    64797,    58673,     6735
12978254,       11, 16059629,    63028,    57343,     5716
12978287,       12, 16511396,    63034,    57349,     6225
13339274,       13, 15490759,    63041,    57356,     6735
13339592,       10, 15943584,    63095,    57649,     5199
13341329,       11, 16054042,    63097,    57651,     5716
13341366,       12, 16512420,    63100,    57654,     6225
13343014,       13, 15491024,    63103,    57657,     6735
13343623,       10, 15943680,    62678,    57296,     5199
13345006,       11, 16054033,    62683,    57298,     5716
13345815,       13, 15478222,    62695,    57301,     6735
13346486,       10, 15952060,    64546,    57758,     5199
13348010,       11, 16065238,    64597,    57775,     5716
13350478,       12, 16512716,    64646,    57797,     6225
13351369,       13, 15487252,    64695,    57821,     6735
13351906,       10, 15950907,    64318,    57622,     5199
13352318,       11, 16054587,    64322,    57639,     5716
13357995,       12, 16512819,    64327,    57656,     6225
13360524,       13, 15485309,    64332,    57673,     6735
13361145,       10, 15952250,    64382,    57929,     5199
13362783,       11, 16055624,    64387,    57935,     5716
13362824,       12, 16512774,    64391,    57941,     6225
13363510,       13, 15486995,    64395,    57946,     6735
13363953,       10, 16452752,    64765,    59140,     5199
13364168,       11, 16573268,    64793,    59150,     5716
13366153,       12, 17040169,    64821,    59159,     6225
13366923,       13, 15990663,    64849,    59169,     6735
13368442,       12, 16518081,    63874,    57895,     6225
13369568,       13, 15489487,    63876,    57906,     6735
13370600,       10, 15947740,    63862,    58147,     5199
13372732,       11, 16055420,    63899,    58153,     5716
13372774,       12, 16516605,    63935,    58156,     6225
13373094,       13, 15979987,    63970,    58158,     6735
13375682,       10, 15944132,    63234,    58775,     5199
13376220,       11, 16564100,    63241,    58783,     5716
13378026,       12, 17035932,    63248,    58790,     6225
13379426,       13, 15986740,    63255,    58797,     6735
13381565,       10, 15943298,    63528,    58640,     5199
13381888,       11, 16564064,    63540,    58650,     5716
13382301,       12, 17034663,    63553,    58662,     6225
13383121,       13, 15986863,    63565,    58672,     6735
13383286,       10, 15959878,    66623,    57916,     5199
13383664,       11, 16075811,    66630,    57919,     5716
13385440,       12, 16522706,    66637,    57921,     6225
13386938,       10, 16458513,    66663,    58841,     5199
13388058,       11, 16578975,    66688,    58848,     5716
13388546,       12, 17039654,    66715,    58854,     6225
13391169,       13, 15993523,    66740,    58860,     6735
13391712,       10, 16453731,    64633,    59440,     5199
13394033,       11, 16569978,    64633,    59460,     5716
13394998,       12, 17032629,    64634,    59480,     6225
13395871,       13, 15982418,    64635,    59499,     6735
13396357,       10, 15950539,    65483,    58751,     5199
13396982,       11, 16571744,    65484,    58762,     5716
13745411,       12, 17042635,    65486,    58773,     6225
13749608,       13, 15989066,    65487,    58784,     6735
13749902,       10, 15947258,    65214,    57786,     5199
13750473,       11, 16068361,    65220,    57803,     5716
13750791,       12, 16526145,    65226,    57819,     6225
13750979,       13, 15496293,    65232,    57835,     6735
13752737,       10, 15966584,    67806,    58058,     5199
13753471,       11, 16070456,    67836,    58101,     5716
13753647,       12, 16530110,    67867,    58144,     6225
13754176,       13, 15995497,    67897,    58188,     6735
13754199,       10, 16468832,    67916,    59353,     5199
13754386,       11, 16575463,    67935,    59379,     5716
13754445,       12, 17046856,    67954,    59405,     6225
13755506,       13, 15994497,    67974,    59432,     6735
13755566,       10, 15967922,    68180,    58350,     5199
13755855,       11, 16074176,    68180,    58377,     5716
13756364,       12, 17044787,    68180,    58405,     6225
13756806,       13, 16000144,    68180,    58433,     6735
13756836,       10, 16466923,    68293,    59197,     5199
13759756,       11, 16580079,    68294,    59217,     5716
13760011,       12, 17050891,    68295,    59237,     6225
13761752,       13, 15998473,    68297,    59257,     6735
13763935,       10, 15956639,    67036,    58714,     5199
13765889,       11, 16578771,    67041,    58723,     5716
13767274,       12, 17049590,    67046,    58731,     6225
13768439,       13, 16001763,    67051,    58739,     6735
13768665,       10, 15962176,    68853,    58197,     5199
13768918,       11, 16081265,    68892,    58244,     5716
13768945,       12, 16539204,    68933,    58290,     6225
13770295,       13, 16002695,    68976,    58336,     6735
13772061,       10, 15963926,    68317,    57513,     5199
13774280,       11, 16074914,    68328,    57527,     5716
13774304,       12, 16532686,    68339,    57540,     6225
13774361,       13, 15505802,    68351,    57554,     6735
13776827,       10, 15956199,    67170,    57473,     5199
13777967,       11, 16074540,    67197,    57483,     5716
13778828,       12, 16532160,    67225,    57489,     6225
13778847,       13, 15500969,    67254,    57494,     6735
13779038,       10, 16464887,    69403,    58821,     5199
13779091,       11, 16581790,    69405,    58822,     5716
13779339,       12, 17053564,    69407,    58824,     6225
13780259,       13, 16004704,    69409,    58825,     6735
13782276,       10, 15973245,    69849,    58662,     5199
13782306,       11, 16586544,    69853,    58677,     5716
13782507,       12, 17052451,    69856,    58691,     6225
13784048,       13, 16008765,    69860,    58706,     6735
13785093,       10, 15966969,    69143,    57777,     5199
13786768,       11, 16078315,    69171,    57788,     5716
13786910,       12, 16536234,    69199,    57802,     6225
13787506,       13, 15511103,    69226,    57821,     6735
13788706,       10, 16462756,    69065,    58936,     5199
13789666,       11, 16581959,    69081,    58941,     5716
13795527,       12, 17053538,    69097,    58948,     6225
13796754,       13, 16004368,    69114,    58954,     6735
13798416,       10, 16462637,    68937,    58906,     5199
13800124,       11, 16581645,    68958,    58917,     5716
13800502,       12, 17059156,    68977,    58926,     6225
14147835,       13, 16004695,    68996,    58938,     6735
14152064,       10, 15972348,    69814,    57266,     5199
14152512,       13, 15512998,    69813,    57277,     6735
14153127,       10, 15963915,    69062,    57307,     5199
14154194,       11, 16077470,    69073,    57316,     5716
14154877,       12, 16540152,    69086,    57324,     6225
14156235,       13, 15508375,    69097,    57335,     6735
14157430,       10, 15974308,    71243,    57723,     5199
14157727,       11, 16084787,    71250,    57728,     5716
14157807,       12, 16544279,    71257,    57734,     6225
14158226,       13, 15515946,    71265,    57739,     6735
14158683,       10, 15974982,    70897,    58085,     5199
14159178,       12, 16546584,    70911,    58159,     6225
14159569,       13, 16010321,    70918,    58196,     6735
14160836,       10, 15969061,    71659,    57870,     5199
14161942,       11, 16090436,    71711,    57904,     5716
14163482,       12, 16549113,    71763,    57938,     6225
14164185,       13, 15519814,    71819,    57974,     6735
14164245,       10, 15970260,    70823,    58106,     5199
14164697,       11, 16085635,    70825,    58118,     5716
14164785,       12, 16550234,    70828,    58129,     6225
14164894,       13, 16003488,    70831,    58141,     6735
14165992,       10, 16479858,    72304,    58664,     5199
14166646,       12, 17064874,    72358,    58778,     6225
14167719,       13, 16011976,    72383,    58836,     6735
14170126,       10, 15977636,    72072,    57889,     5199
14170363,       11, 16090433,    72079,    57891,     5716
14170401,       12, 16549238,    72086,    57893,     6225
14171696,       13, 15519642,    72093,    57895,     6735
14175022,       10, 16474817,    71681,    59088,     5199
14175198,       11, 16594875,    71690,    59130,     5716
14176752,       12, 17066296,    71700,    59175,     6225
14176859,       13, 16014012,    71710,    59219,     6735
14177063,       10, 16482439,    72869,    58849,     5199
14178663,       11, 16596588,    72883,    58885,     5716
14179680,       12, 17069357,    72899,    58923,     6225
14179754,       13, 16020475,    72915,    58962,     6735
14180875,       10, 15980800,    72811,    57336,     5199
14180913,       11, 16091767,    72813,    57337,     5716
14181160,       12, 16550671,    72814,    57338,     6225
14183821,       13, 15515309,    72816,    57339,     6735
14184075,       10, 15978049,    73482,    57884,     5199
14185274,       11, 16097779,    73484,    57897,     5716
14185293,       12, 16556763,    73485,    57910,     6225
14185884,       13, 15527075,    73487,    57924,     6735
14186182,       10, 16427589,    58124,    60588,     5199
14187476,       11, 17043985,    58141,    60602,     5716
14189019,       12, 17531007,    58159,    60615,     6225
14189563,       13, 16460721,    58175,    60627,     6735
14189594,       10, 16417104,    57291,    59582,     5199
14190044,       11, 16537227,    57340,    59615,     5716
14193068,       12, 17007944,    57390,    59647,     6225
14194508,       13, 15956489,    57440,    59679,     6735
14200715,       10, 16422119,    56775,    60926,     5199
14202214,       10, 16425264,    58417,    59721,     5199
14204496,       11, 16538187,    58424,    59738,     5716
14206729,       12, 17009369,    58431,    59755,     6225
14207231,       13, 15961095,    58437,    59771,     6735
14208706,       10, 16917009,    57070,    61805,     5199
14558379,       11, 17048242,    57094,    61859,     5716
14559567,       12, 17535987,    57118,    61911,     6225
14559872,       13, 16464053,    57144,    61961,     6735
14559913,       10, 16425215,    58748,    59771,     5199
14559923,       11, 16545870,    58774,    59776,     5716
14560491,       12, 17016858,    58799,    59782,     6225
14561340,       10, 16426574,    58334,    60273,     5199
14561926,       11, 16539307,    58343,    60306,     5716
14562467,       12, 17533521,    58351,    60339,     6225
14562763,       13, 16459390,    58360,    60372,     6735
14564115,       10, 16417904,    57022,    59933,     5199
14564963,       11, 16538612,    57046,    59941,     5716
14565155,       12, 17008844,    57071,    59948,     6225
14565939,       13, 15963036,    57094,    59956,     6735
14569644,       10, 16933785,    60110,    60978,     5199
14570479,       11, 17050817,    60138,    60988,     5716
14572794,       12, 17541382,    60166,    60997,     6225
14573711,       13, 16468197,    60193,    61007,     6735
14574218,       10, 16928755,    59325,    60969,     5199
14574648,       11, 17049840,    59334,    60998,     5716
14575405,       12, 17538548,    59343,    61027,     6225
14575871,       13, 16469871,    59351,    61056,     6735
14576254,       10, 16428096,    59554,    60546,     5199
14576639,       11, 17049448,    59586,    60580,     5716
14576686,       10, 16425685,    59042,    60279,     5199
14576875,       10, 16432509,    60335,    60800,     5199
14576948,       11, 17050943,    60338,    60803,     5716
14576965,       12, 17540194,    60341,    60807,     6225
14577618,       13, 16468360,    60344,    60810,     6735
14578599,       10, 16429933,    59205,    59784,     5199
14580299,       11, 16542437,    59234,    59826,     5716
14580747,       12, 17012524,    59263,    59870,     6225
14581311,       13, 15966177,    59292,    59912,     6735
14582355,       10, 16435808,    61395,    60663,     5199
14583458,       11, 17059059,    61405,    60667,     5716
14583720,       12, 17548160,    61415,    60671,     6225
14584240,       10, 16936924,    61014,    61051,     5199
14586868,       11, 17056936,    61031,    61065,     5716
14587253,       12, 17546793,    61047,    61079,     6225
14588604,       13, 16477859,    61063,    61092,     6735
14589280,       10, 16436734,    61162,    59413,     5199
14589837,       11, 16553136,    61164,    59416,     5716
14590949,       12, 17024008,    61165,    59419,     6225
14591534,       10, 16443530,    62665,    59869,     5199
14593975,       11, 16558135,    62677,    59890,     5716
14595657,       12, 17021115,    62688,    59910,     6225
14595964,       13, 15974020,    62699,    59930,     6735
14596103,       10, 16446065,    62567,    59516,     5199
14597639,       11, 16561610,    62581,    59531,     5716
14598265,       12, 17024618,    62594,    59546,     6225
14598571,       13, 15972472,    62606,    59559,     6735
14599297,       11, 16550478,    61213,    59861,     5716
14600855,       10, 16435845,    61700,    60405,     5199
14601022,       11, 16556955,    61710,    60407,     5716
14601184,       12, 17550051,    61719,    60409,     6225
14601229,       13, 16475678,    61728,    60412,     6735
14601241,       10, 16936293,    61417,    61528,     5199
14601494,       11, 17064372,    61418,    61568,     5716
14602788,       12, 17551276,    61420,    61609,     6225
14604021,       13, 16479901,    61421,    61648,     6735
14604102,       13, 16476830,    61880,    60098,     6735
14606368,       10, 16442454,    62411,    59838,     5199
14607608,       11, 16550938,    62454,    59844,     5716
14607877,       12, 17021174,    62497,    59850,     6225
14610549,       13, 15974023,    62540,    59856,     6735
14613292,       10, 16446887,    63807,    60482,     5199
14613475,       10, 16443257,    63200,    60086,     5199
14614268,       11, 16563277,    63200,    60088,     5716
14961871,       12, 17035206,    63201,    60092,     6225
14962170,       13, 16485157,    63201,    60094,     6735
14964541,       10, 16460690,    66226,    60524,     5199
14964870,       11, 17073453,    66251,    60531,     5716
14964938,       12, 17563810,    66275,    60539,     6225
14965005,       13, 16491619,    66299,    60546,     6735
14965513,       12, 17045674,    67976,    60132,     6225
14966575,       10, 16466004,    68250,    60103,     5199
14966680,       11, 16578370,    68264,    60111,     5716
14968893,       12, 17049095,    68279,    60119,     6225
14969198,       13, 16500404,    68292,    60128,     6735
14969244,       10, 16454889,    67243,    59253,     5199
14969660,       11, 16575715,    67245,    59254,     5716
14969750,       12, 17047407,    67246,    59255,     6225
14971224,       13, 15997041,    67247,    59256,     6735
14972352,       10, 16463285,    68502,    60499,     5199
14973112,       11, 17084533,    68530,    60516,     5716
14973770,       12, 17572968,    68559,    60533,     6225
14976336,       13, 16498728,    68588,    60551,     6735
14976899,       10, 16957118,    67110,    61626,     5199
14978067,       11, 17088637,    67151,    61664,     5716
14979708,       12, 17578435,    67191,    61703,     6225
14982015,       13, 16502004,    67231,    61742,     6735
14983562,       10, 16454529,    67203,    60172,     5199
14985838,       11, 16579605,    67215,    60212,     5716
14985894,       12, 17050541,    67227,    60252,     6225
14988083,       13, 16497973,    67240,    60293,     6735
14988517,       10, 16973961,    69884,    60993,     5199
14989390,       11, 17090940,    69899,    61019,     5716
14992679,       12, 17578895,    69914,    61044,     6225
14993160,       13, 16507588,    69928,    61069,     6735
14995360,       10, 16472553,    69754,    59955,     5199
14995361,       11, 16580922,    69763,    59989,     5716
14995576,       12, 17052076,    69773,    60022,     6225
14997816,       13, 16008216,    69783,    60055,     6735
14997854,       10, 16966819,    69653,    60961,     5199
15000718,       12, 17579086,    69697,    60961,     6225
15002045,       13, 16507395,    69720,    60962,     6735
15002375,       10, 16465757,    69673,    60010,     5199
15004320,       11, 16580987,    69682,    60017,     5716
15006199,       12, 17051892,    69692,    60024,     6225
15006293,       13, 16008166,    69702,    60030,     6735
15008114,       10, 16470721,    70344,    60469,     5199
15009010,       11, 17092487,    70406,    60497,     5716
15011404,       12, 17582439,    70467,    60524,     6225
15014562,       13, 16506495,    70529,    60550,     6735
15358134,       10, 16476433,    69845,    59463,     5199
15360007,       11, 16584857,    69858,    59467,     5716
15360113,       10, 16975160,    70081,    61241,     5199
15360219,       13, 16511473,    70135,    61267,     6735
15360537,       10, 16471739,    70234,    59972,     5199
15361289,       11, 16585774,    70236,    59979,     5716
15361979,       12, 17056770,    70236,    59986,     6225
15362731,       13, 16008164,    70239,    59994,     6735
15364576,       10, 16470643,    70447,    60446,     5199
15367911,       11, 16587110,    70486,    60470,     5716
15368134,       12, 17580804,    70524,    60494,     6225
15368896,       13, 16506509,    70563,    60519,     6735
15368956,       10, 16473979,    71200,    60086,     5199
15369938,       11, 16588671,    71215,    60147,     5716
15370787,       12, 17061255,    71229,    60208,     6225
15371347,       13, 16513012,    71244,    60270,     6735
15372677,       10, 16472917,    71560,    59734,     5199
15373035,       11, 16592544,    71571,    59737,     5716
15373873,       12, 17059487,    71581,    59741,     6225
15374352,       13, 16014210,    71591,    59744,     6735
15378426,       10, 16469106,    71697,    59485,     5199
15378434,       11, 16592767,    71708,    59504,     5716
15379704,       12, 17063988,    71719,    59525,     6225
15379906,       13, 16014364,    71731,    59545,     6735
15381239,       11, 16591638,    70685,    59518,     5716
15383626,       10, 16982633,    72937,    61043,     5199
15385130,       11, 17104227,    72940,    61043,     5716
15386161,       12, 17594516,    72944,    61043,     6225
15386396,       13, 16521100,    72949,    61043,     6735
15386584,       10, 16982588,    72871,    61159,     5199
15389506,       11, 17104066,    72876,    61168,     5716
15390906,       12, 17594407,    72881,    61178,     6225
15392801,       13, 16524907,    72885,    61188,     6735
15393110,       10, 16927947,    58194,    61698,     5199
15394371,       11, 17047539,    58225,    61732,     5716
15395906,       12, 17536441,    58256,    61767,     6225
15395938,       13, 16463775,    58287,    61802,     6735
15395991,       10, 16926785,    58039,    61475,     5199
15396083,       11, 17040296,    58044,    61484,     5716
15396153,       12, 17534387,    58050,    61493,     6225
15396176,       13, 16463651,    58055,    61501,     6735
15397147,       10, 16927789,    58209,    61846,     5199
15397846,       11, 17047454,    58210,    61847,     5716
15398928,       12, 17535205,    58210,    61848,     6225
15399056,       13, 16464228,    58211,    61849,     6735
15399802,       10, 16930458,    58607,    62682,     5199
15400413,       11, 17558999,    58613,    62725,     5716
15401971,       12, 18060680,    58620,    62769,     6225
15402044,       13, 16965342,    58627,    62811,     6735
15402334,       10, 17428014,    57743,    63212,     5199
15402621,       11, 17546498,    57779,    63237,     5716
15402676,       12, 18056748,    57815,    63262,     6225
15402791,       13, 16961724,    57850,    63286,     6735
15403544,       10, 17426703,    57130,    63232,     5199
15404175,       11, 17547032,    57142,    63244,     5716
15406029,       12, 18057188,    57153,    63256,     6225
15409964,       13, 16961479,    57165,    63269,     6735
15410095,       10, 16921446,    56980,    62407,     5199
15410638,       11, 17047088,    56986,    62419,     5716
15411218,       12, 18059043,    56991,    62430,     6225
15413055,       13, 16968706,    56997,    62441,     6735
15413469,       10, 16932146,    59783,    62314,     5199
15415828,       11, 17054684,    59799,    62320,     5716
15764406,       12, 18062529,    59814,    62323,     6225
15764613,       10, 16928313,    59553,    61876,     5199
15767172,       11, 17053339,    59584,    61903,     5716
15802684,       12, 17543680,    59615,    61929,     6225
15810947,       13, 16469274,    59645,    61955,     6735
13146562,       10, 16937843,    60404,    61971,     5199
13148527,       11, 17054707,    60410,    61976,     5716
13163843,       12, 17544423,    60416,    61980,     6225
13193331,       13, 16472095,    60422,    61984,     6735
13596647,       10, 17444984,    59939,    62925,     5199
13598093,       11, 17558307,    59947,    62930,     5716
13598107,       12, 18069025,    59955,    62936,     6225
13608872,       13, 16973302,    59963,    62941,     6735
13612901,       10, 16938662,    60173,    62753,     5199
14032921,       11, 17558679,    60177,    62768,     5716
14041088,       12, 18069081,    60184,    62782,     6225
14054623,       13, 16973413,    60192,    62796,     6735
14056184,       10, 16940157,    61481,    61950,     5199
14067100,       11, 17062991,    61493,    61965,     5716
14067106,       12, 17552042,    61505,    61981,     6225
14067133,       13, 16480205,    61518,    61996,     6735
14068526,       10, 16939218,    61552,    62390,     5199
14492776,       11, 17063816,    61564,    62420,     5716
14494933,       12, 18070889,    61577,    62452,     6225
14496108,       13, 16983329,    61590,    62482,     6735
14496226,       10, 16937100,    61741,    62287,     5199
14496622,       11, 17063321,    61743,    62291,     5716
14497119,       12, 17553643,    61745,    62295,     6225
14508294,       13, 16981970,    61747,    62299,     6735
14511916,       10, 16948828,    63909,    61762,     5199
14516890,       11, 17070156,    63956,    61773,     5716
14516909,       12, 17561169,    64003,    61784,     6225
14520961,       13, 16486796,    64050,    61796,     6735
14522210,       10, 16953157,    63809,    61909,     5199
14522423,       11, 17072135,    63810,    61909,     5716
14524727,       12, 17561260,    63810,    61911,     6225
14524743,       13, 16487635,    63811,    61912,     6735
14531661,       10, 17460151,    64754,    63011,     5199
14944973,       11, 17578531,    64771,    63048,     5716
14953198,       12, 18089231,    64787,    63085,     6225
14956789,       13, 16994739,    64804,    63123,     6735
14958102,       10, 17460303,    64809,    62914,     5199
14962593,       11, 17581769,    64837,    62936,     5716
14962668,       12, 18089085,    64865,    62957,     6225
14971807,       13, 16994709,    64894,    62980,     6735
14992849,       10, 17461264,    64663,    63032,     5199
14996490,       11, 17578472,    64679,    63043,     5716
14998075,       12, 18081119,    64694,    63054,     6225
15379995,       13, 16986727,    64709,    63066,     6735
15393716,       10, 17450160,    63563,    63182,     5199
15399033,       11, 17571436,    63565,    63194,     5716
15412257,       10, 17460241,    64523,    62937,     5199
15432446,       11, 17569699,    64573,    62944,     5716
15432753,       12, 18080464,    64619,    62951,     6225
15836770,       13, 16986804,    64665,    62954,     6735
15836846,       11, 17077288,    66137,    61866,     5716
15836855,       12, 17567823,    66162,    61888,     6225
15852211,       13, 16493443,    66188,    61911,     6735
15852982,       10, 16951826,    65055,    61613,     5199
15859886,       11, 17080505,    65064,    61617,     5716
15875666,       12, 17570218,    65074,    61622,     6225
15875713,       13, 16494846,    65085,    61626,     6735
16277358,       11, 17577446,    66562,    63277,     5716
16278268,       12, 18087458,    66596,    63289,     6225
16278947,       13, 16996280,    66629,    63300,     6735
16278984,       10, 17467711,    66705,    63059,     5199
16279622,       11, 17589132,    66744,    63071,     5716
16292208,       12, 18095869,    66783,    63083,     6225
16297623,       13, 17002157,    66823,    63094,     6735
16309463,       10, 17460228,    64931,    62854,     5199
16313435,       11, 17581893,    64934,    62882,     5716
16313447,       12, 18092523,    64937,    62913,     6225
16317220,       13, 16994442,    64941,    62944,     6735
16722563,       10, 16972102,    68238,    62002,     5199
16730504,       11, 17087338,    68269,    62021,     5716
16730541,       12, 17577184,    68299,    62040,     6225
16735666,       13, 16503512,    68331,    62059,     6735
16737194,       10, 16967432,    67791,    61695,     5199
16753786,       11, 17085175,    67817,    61707,     5716
16771430,       12, 17575303,    67843,    61719,     6225
13181639,       13, 16501985,    67870,    61732,     6735
13581791,       10, 16956720,    66718,    61656,     5199
13581811,       11, 17088623,    66718,    61662,     5716
13584277,       12, 17568254,    66719,    61669,     6225
13593856,       13, 16495339,    66721,    61676,     6735
13615593,       10, 16960759,    67387,    62735,     5199
13617828,       11, 17583121,    67401,    62744,     5716
13619539,       12, 18094504,    67415,    62750,     6225
13619557,       13, 17000888,    67428,    62751,     6735
14015523,       10, 17476449,    68123,    62956,     5199
14015809,       11, 17588439,    68132,    62960,     5716
14017347,       12, 18094378,    68141,    62962,     6225
14018027,       13, 17002524,    68150,    62966,     6735
14020280,       11, 17584235,    67350,    62902,     5716
14026660,       12, 18099817,    67358,    62945,     6225
14031663,       13, 17001668,    67364,    62991,     6735
14033578,       10, 16971484,    69783,    61764,     5199
14034328,       11, 17095789,    69789,    61769,     5716
14045185,       12, 17583224,    69795,    61774,     6225
14048732,       13, 16510758,    69801,    61779,     6735
14059260,       10, 16972653,    70271,    61537,     5199
14062729,       11, 17095561,    70305,    61563,     5716
14062939,       12, 17585741,    70339,    61586,     6225
14064028,       13, 16510715,    70373,    61609,     6735
14064232,       10, 17475958,    69800,    63219,     5199
14442859,       11, 17592245,    69805,    63226,     5716
14453182,       12, 18103145,    69811,    63233,     6225
14461657,       13, 17011910,    69816,    63240,     6735
14469679,       10, 16968671,    69077,    62670,     5199
14485351,       11, 17590490,    69079,    62692,     5716
14504113,       12, 18107669,    69083,    62714,     6225
14504188,       13, 17009254,    69087,    62735,     6735
14897844,       10, 17470198,    68901,    62725,     5199
14900642,       11, 17595048,    68912,    62729,     5716
14900734,       12, 18107774,    68920,    62732,     6225
14909396,       13, 17009037,    68929,    62735,     6735
14921150,       10, 17470131,    69025,    62813,     5199
14927417,       11, 17591842,    69045,    62822,     5716
14931819,       12, 18107755,    69064,    62831,     6225
14934811,       13, 17010201,    69084,    62839,     6735
14934918,       10, 17478838,    70507,    63171,     5199
14935819,       11, 17593376,    70527,    63214,     5716
14935880,       12, 18104281,    70547,    63257,     6225
14938625,       13, 17007154,    70566,    63300,     6735
14941005,       10, 16979585,    71111,    62086,     5199
15348317,       11, 17101519,    71147,    62106,     5716
15354277,       12, 17592090,    71184,    62128,     6225
15354281,       13, 17015177,    71220,    62153,     6735
15355837,       10, 16980670,    72161,    61597,     5199
15771217,       11, 17103435,    72163,    61613,     5716
15772824,       12, 17593619,    72166,    61629,     6225
15774496,       13, 16517930,    72168,    61645,     6735
15774613,       10, 16980748,    72385,    61431,     5199
15780573,       11, 17097088,    72416,    61441,     5716
15780581,       12, 17591634,    72446,    61451,     6225
15783163,       13, 16516646,    72477,    61461,     6735
15783774,       10, 17477369,    70811,    62881,     5199
15787351,       11, 17599851,    70825,    62925,     5716
15788501,       12, 18110796,    70839,    62975,     6225
15795980,       13, 17017473,    70853,    63025,     6735
15797028,       10, 17476663,    71761,    62667,     5199
15799287,       11, 17602826,    71778,    62678,     5716
16203152,       12, 18115108,    71794,    62689,     6225
16210833,       13, 17021410,    71811,    62700,     6735
16212902,       10, 16986754,    72822,    62152,     5199
16219111,       11, 17108805,    72835,    62167,     5716
16229067,       12, 17598154,    72849,    62183,     6225
16235981,       13, 17025554,    72863,    62199,     6735
16235984,       10, 16986242,    73476,    62084,     5199
16626052,       11, 17109806,    73479,    62111,     5716
16626423,       12, 17600585,    73482,    62137,     6225
16627435,       13, 17027727,    73485,    62163,     6735
16632429,       10, 16987206,    73102,    62604,     5199
16632515,       10, 17489592,    72820,    62894,     5199
16637002,       11, 17607094,    72820,    62901,     5716
16656969,       13, 17025915,    72822,    62913,     6735
16656981,       10, 17488716,    73375,    63591,     5199
16669198,       11, 17609893,    73383,    63642,     5716
16669205,       12, 18121207,    73391,    63693,     6225
16669524,       13, 17028324,    73400,    63744,     6735
17078137,       10, 17488578,    73438,    63317,     5199
17081135,       11, 17609102,    73471,    63330,     5716
17085502,       10, 17431444,    56729,    64674,     5199
12923449,       11, 18041935,    56752,    64715,     5716
12932073,       12, 18569704,    56773,    64753,     6225
12936958,       10, 17427604,    57387,    64957,     5199
13312139,       11, 18039692,    57395,    64994,     5716
13312450,       13, 17455671,    57407,    65063,     6735
13312485,       10, 17426690,    57386,    63523,     5199
13316015,       11, 17546371,    57390,    63536,     5716
13319525,       12, 18058374,    57395,    63549,     6225
13322483,       13, 16962677,    57401,    63562,     6735
13322512,       10, 17921474,    57816,    65236,     5199
13348813,       11, 18040310,    57820,    65243,     5716
13349741,       12, 18565513,    57823,    65251,     6225
13349936,       13, 17456701,    57827,    65258,     6735
13721910,       10, 17427868,    57785,    64077,     5199
13742731,       11, 17544860,    57800,    64102,     5716
13748385,       12, 18055370,    57814,    64127,     6225
13748992,       13, 17456161,    57829,    64151,     6735
13751357,       10, 17435612,    58335,    63732,     5199
13761341,       11, 17548617,    58370,    63741,     5716
13761737,       12, 18058853,    58405,    63750,     6225
13768988,       13, 16967466,    58438,    63759,     6735
14144640,       10, 17426229,    57270,    64593,     5199
14148482,       11, 18040985,    57281,    64598,     5716
14151595,       12, 18569675,    57293,    64603,     6225
14159749,       13, 17454795,    57304,    64608,     6735
12938589,       12, 18057249,    57098,    63245,     6225
14168885,       13, 16965872,    57122,    63245,     6735
14169375,       10, 17434721,    58636,    63887,     5199
14169436,       11, 17555811,    58644,    63950,     5716
14169623,       12, 18569696,    56877,    64946,     6225
14174784,       13, 17461103,    56878,    64960,     6735
14177127,       10, 17920773,    57366,    64993,     5199
14177669,       11, 18039579,    57401,    64997,     5716
14182234,       12, 18565699,    57436,    65001,     6225
14187979,       13, 17455423,    57470,    65005,     6735
14187986,       10, 17920807,    57018,    65060,     5199
14188058,       11, 18044785,    57023,    65062,     5716
14188088,       10, 17920686,    57310,    65021,     5199
14197478,       11, 18039575,    57322,    65029,     5716
14205163,       13, 17455658,    57360,    65046,     6735
14587943,       10, 17928751,    59274,    65156,     5199
14594553,       11, 18047943,    59297,    65196,     5716
14605015,       12, 18573228,    59321,    65236,     6225
14613162,       13, 17464994,    59344,    65275,     6735
14613634,       12, 18573744,    59567,    64493,     6225
14618549,       10, 17928710,    59304,    65107,     5199
14621439,       11, 18047938,    59330,    65142,     5716
14996363,       12, 18573231,    59356,    65177,     6225
14996718,       13, 17465010,    59382,    65211,     6735
15003094,       10, 17439079,    59802,    63527,     5199
15004682,       11, 17554885,    59810,    63543,     5716
15006581,       12, 18061963,    59818,    63558,     6225
15012234,       13, 16974929,    59826,    63574,     6735
15012236,       10, 17929915,    59655,    65051,     5199
15034341,       11, 18047704,    59712,    65081,     5716
15405309,       12, 18573129,    59768,    65110,     6225
15406419,       13, 17466325,    59824,    65139,     6735
15408303,       10, 17930031,    59565,    65042,     5199
15410684,       11, 18047705,    59614,    65072,     5716
15411622,       12, 18573266,    59661,    65102,     6225
15411702,       13, 17468474,    59709,    65131,     6735
15417793,       10, 17441299,    60601,    64729,     5199
15420232,       11, 18061869,    60644,    64752,     5716
15426598,       12, 18577579,    60685,    64776,     6225
15438042,       13, 17463887,    60727,    64800,     6735
15454407,       10, 17441243,    60373,    64773,     5199
14967321,       11, 18050283,    60382,    64781,     5716
15821128,       13, 17463947,    60401,    64796,     6735
15823647,       10, 17444249,    60196,    64244,     5199
15824287,       11, 17557786,    60209,    64297,     5716
15824784,       12, 18575073,    60223,    64350,     6225
15831503,       13, 17467858,    60236,    64402,     6735
15832393,       10, 17947292,    62735,    65430,     5199
15839273,       11, 18064330,    62760,    65461,     5716
15848189,       12, 18589175,    62783,    65491,     6225
15852800,       13, 17480864,    62807,    65521,     6735
15854173,       10, 17447281,    62177,    64304,     5199
15858603,       11, 17565689,    62180,    64315,     5716
15858820,       12, 18583431,    62183,    64325,     6225
15861634,       13, 17470824,    62186,    64336,     6735
15868249,       10, 17948210,    61882,    65243,     5199
15872779,       11, 18060516,    61883,    65267,     5716
15872871,       12, 18586281,    61883,    65291,     6225
16250470,       10, 17945192,    62809,    65049,     5199
16275248,       11, 18063395,    62814,    65086,     5716
16276860,       12, 18589127,    62819,    65123,     6225
16287924,       13, 17480661,    62824,    65158,     6735
16645254,       10, 17453267,    62826,    64744,     5199
16645281,       11, 18065172,    62838,    64761,     5716
16665615,       12, 18588312,    62849,    64777,     6225
16667000,       13, 17480633,    62860,    64793,     6735
16684947,       10, 17459250,    64481,    64729,     5199
15391764,       11, 18065348,    64485,    64734,     5716
14591011,       12, 18588728,    64489,    64741,     6225
12536785,       13, 17477959,    64492,    64746,     6735
14025227,       10, 17460649,    64721,    64509,     5199
12962467,       11, 18073886,    64732,    64516,     5716
13351903,       12, 18598807,    64743,    64524,     6225
15391389,       13, 17479924,    64753,    64532,     6735
15393572,       10, 17949557,    64219,    65169,     5199
14153450,       11, 18064822,    64242,    65190,     5716
15798097,       12, 18589608,    64265,    65211,     6225
14563292,       13, 17479127,    64287,    65232,     6735
16205735,       10, 17453128,    63413,    64362,     5199
15002715,       11, 17571933,    63428,    64375,     5716
14966565,       12, 18591541,    63443,    64388,     6225
15369450,       13, 17483199,    63457,    64400,     6735
16199973,       10, 17451241,    63258,    63895,     5199
15406833,       10, 17450838,    63582,    63651,     5199
15403969,       11, 17572173,    63599,    63657,     5716
12113868,       12, 18082794,    63616,    63664,     6225
13584258,       13, 16990301,    63634,    63670,     6735
13599358,       10, 17452224,    63434,    63998,     5199
13774977,       11, 17573118,    63440,    64017,     5716
15011238,       12, 18083766,    63445,    64036,     6225
14574927,       13, 17481162,    63450,    64054,     6735
15425149,       10, 17467131,    66725,    64058,     5199
16292221,       11, 17588077,    66761,    64071,     5716
15847446,       12, 18098819,    66797,    64083,     6225
15845119,       13, 17495094,    66833,    64096,     6735
15401412,       10, 17953135,    64662,    64912,     5199
13386842,       11, 18073614,    64665,    64913,     5716
14173447,       12, 18588524,    64669,    64915,     6225
13392695,       13, 17480130,    64672,    64917,     6735
15439298,       10, 17456342,    65658,    64318,     5199
15040011,       11, 17575432,    65663,    64324,     5716
14054385,       12, 18090160,    65667,    64329,     6225
13371272,       13, 17486283,    65671,    64334,     6735
13801413,       10, 17455045,    65475,    64238,     5199
14172066,       11, 17581281,    65513,    64258,     5716
15459143,       12, 18090135,    65551,    64276,     6225
13377152,       13, 17486543,    65589,    64296,     6735
15399623,       10, 17951017,    65511,    65610,     5199
13353681,       11, 18074716,    65544,    65645,     5716
13786405,       12, 18600053,    65576,    65680,     6225
15390875,       13, 17484636,    65608,    65714,     6735
14597026,       10, 17963052,    66046,    65455,     5199
15790720,       11, 18071449,    66096,    65484,     5716
14185238,       12, 18597413,    66145,    65513,     6225
13783663,       13, 17487004,    66195,    65542,     6735
14181785,       10, 17456457,    65377,    64754,     5199
14987721,       11, 18074364,    65408,    64782,     5716
15368124,       12, 18601665,    65440,    64810,     6225
16735804,       13, 17485970,    65471,    64838,     6735
15392468,       10, 17960165,    65883,    65198,     5199
12923606,       11, 18071366,    65930,    65233,     5716
12570651,       12, 18596426,    65975,    65266,     6225
12928256,       13, 17486798,    66021,    65300,     6735
13374869,       10, 17957225,    67385,    65386,     5199
15354604,       11, 18079519,    67401,    65415,     5716
14201378,       12, 18604789,    67416,    65443,     6225
14562929,       13, 17494846,    67432,    65471,     6735
14566840,       10, 17970537,    68072,    65045,     5199
15385424,       11, 18079089,    68080,    65066,     5716
15383457,       12, 18604957,    68090,    65087,     6225
15396553,       13, 17498685,    68099,    65109,     6735
15408553,       10, 17472857,    67953,    63695,     5199
12146471,       11, 17582500,    67980,    63705,     5716
12541145,       12, 18093169,    68007,    63715,     6225
12537983,       13, 17004824,    68034,    63725,     6735
14044065,       10, 17956786,    67195,    65516,     5199
12970911,       11, 18079393,    67238,    65552,     5716
13344034,       12, 18607000,    67281,    65586,     6225
13371447,       13, 17491840,    67323,    65621,     6735
13762518,       10, 17464291,    67123,    63524,     5199
14907610,       11, 17585298,    67136,    63534,     5716
14574715,       12, 18096981,    67149,    63545,     6225
14998909,       13, 17000315,    67163,    63555,     6735
16200534,       10, 17464196,    66979,    63646,     5199
15392635,       11, 17586265,    66980,    63646,     5716
15408593,       12, 18096891,    66981,    63645,     6225
12552707,       13, 17005233,    66981,    63645,     6735
12945575,       10, 17973270,    70895,    65350,     5199
17078180,       11, 18095474,    70925,    65373,     5716
12555089,       12, 18620831,    70955,    65395,     6225
12961753,       13, 17510771,    70985,    65418,     6735
14619059,       10, 17474325,    69699,    63874,     5199
14985793,       11, 17594699,    69739,    63914,     5716
15820826,       12, 18101943,    69781,    63955,     6225
16197084,       13, 17012589,    69824,    63996,     6735
14980240,       10, 17473185,    69490,    63737,     5199
15384126,       11, 17589916,    69493,    63759,     5716
17099122,       12, 18100408,    69497,    63780,     6225
16771019,       13, 17007877,    69501,    63801,     6735
13349740,       10, 17469474,    68847,    63966,     5199
12562376,       11, 17594168,    68849,    63970,     5716
13753725,       12, 18106844,    68853,    63975,     6225
14905358,       13, 17008293,    68857,    63981,     6735
12159776,       10, 17481422,    71307,    64213,     5199
14067134,       11, 17599308,    71349,    64252,     5716
13374174,       12, 18112099,    71389,    64292,     6225
14897480,       13, 17511828,    71430,    64331,     6735
13793917,       10, 17476633,    71775,    64076,     5199
14983083,       11, 17603426,    71780,    64090,     5716
15417507,       12, 18114592,    71784,    64102,     6225
15858627,       13, 17511649,    71788,    64114,     6735
14968662,       10, 17981281,    71995,    65048,     5199
15013795,       11, 18099400,    72003,    65079,     5716
14985174,       12, 18625825,    72010,    65109,     6225
12128515,       13, 17514301,    72019,    65140,     6735
14445902,       10, 17488501,    73155,    63751,     5199
12938909,       11, 17609649,    73167,    63794,     5716
13378477,       12, 18116146,    73179,    63836,     6225
14905128,       13, 17028317,    73190,    63879,     6735
14996492,       10, 17985978,    73139,    65139,     5199
14582665,       11, 18107330,    73144,    65151,     5716
14590717,       12, 18628518,    73148,    65162,     6225
15387209,       13, 17521487,    73153,    65173,     6735
14995603,       11, 18548588,    56685,    66855,     5716
16772730,       12, 19076089,    56691,    66856,     6225
14052874,       13, 17943563,    56697,    66858,     6735
15004784,       10, 18423097,    57688,    67077,     5199
14554038,       11, 18543432,    57719,    67084,     5716
14560134,       12, 19083338,    57749,    67091,     6225
15783185,       13, 17948225,    57779,    67099,     6735
15449761,       10, 17920261,    57555,    65981,     5199
16722058,       11, 18041589,    57581,    65995,     5716
12933515,       12, 18564462,    57606,    66008,     6225
13741842,       13, 17949404,    57631,    66021,     6735
14160952,       10, 17921234,    57446,    66275,     5199
14465902,       11, 18039146,    57450,    66275,     5716
14031847,       12, 18571230,    57453,    66274,     6225
13768080,       10, 17931359,    57988,    66835,     5199
14983080,       11, 18542740,    58029,    66864,     5716
14621496,       12, 19083379,    58068,    66893,     6225
13793185,       13, 17953188,    58107,    66922,     6735
14182886,       11, 18045769,    58480,    65250,     5716
14173406,       10, 18431658,    58648,    67015,     5199
14178714,       11, 18552413,    58665,    67025,     5716
13781949,       12, 19084974,    58681,    67034,     6225
15026067,       13, 17952832,    58698,    67043,     6735
13793092,       10, 17929101,    58752,    66456,     5199
15355822,       11, 18051764,    58779,    66474,     5716
14590264,       12, 19096480,    58805,    66492,     6225
14205804,       13, 17962746,    58830,    66510,     6735
15774650,       10, 17923675,    56728,    66253,     5199
14593023,       11, 18043873,    56731,    66254,     5716
14609913,       12, 18571261,    56733,    66256,     6225
15387515,       13, 17946726,    56735,    66257,     6735
13612755,       10, 17921158,    56978,    66347,     5199
13739018,       11, 18043732,    56979,    66353,     5716
13350152,       12, 19088610,    56980,    66360,     6225
14513876,       13, 17954953,    56980,    66366,     6735
13369669,       10, 18436396,    59832,    67021,     5199
14163712,       11, 18552719,    59839,    67035,     5716
14164845,       12, 19091103,    59845,    67047,     6225
14587335,       13, 17960981,    59851,    67060,     6735
14195150,       10, 18436551,    59514,    67356,     5199
14983602,       11, 18549435,    59544,    67384,     5716
12551364,       12, 19089392,    59573,    67412,     6225
12982202,       13, 17961595,    59602,    67439,     6735
14196161,       10, 17933010,    59841,    66100,     5199
15442415,       11, 18052097,    59861,    66132,     5716
15872833,       12, 18571816,    59881,    66163,     6225
16722007,       13, 17962499,    59900,    66194,     6735
16734774,       10, 17930802,    59438,    66160,     5199
15390505,       11, 18047139,    59447,    66184,     5716
15407809,       12, 18571449,    59456,    66207,     6225
12121786,       13, 17957238,    59463,    66230,     6735
12164925,       10, 17938759,    60119,    66894,     5199
12537348,       11, 18556399,    60155,    66911,     5716
14074333,       12, 19092785,    60190,    66928,     6225
13355323,       13, 17961233,    60225,    66945,     6735
14541560,       10, 17933997,    60619,    66526,     5199
13788260,       11, 18559218,    60629,    66543,     5716
15853162,       12, 19095919,    60637,    66558,     6225
14962748,       13, 17958641,    60645,    66574,     6735
14984153,       10, 17941210,    60012,    65937,     5199
16764558,       11, 18051148,    60018,    65965,     5716
16770469,       12, 18576866,    60025,    65994,     6225
13577094,       13, 17955144,    60030,    66023,     6735
13600494,       10, 17936515,    60363,    66190,     5199
12564529,       11, 18052148,    60366,    66198,     5716
12568828,       12, 18576693,    60369,    66205,     6225
12935144,       13, 17962454,    60372,    66213,     6735
14492162,       10, 17937868,    59952,    66461,     5199
14157324,       11, 18052121,    59965,    66508,     5716
14162170,       13, 17959922,    59989,    66601,     6735
14206845,       10, 18431457,    58820,    67306,     5199
15876308,       11, 18552420,    58822,    67316,     5716
16747058,       12, 19093956,    58823,    67327,     6225
16763235,       13, 17956609,    58825,    67336,     6735
17113628,       10, 18444714,    61379,    67094,     5199
13595540,       11, 18560395,    61400,    67118,     5716
12939448,       12, 19096716,    61420,    67142,     6225
12949318,       13, 17968899,    61440,    67167,     6735
14476026,       10, 17939053,    61308,    66831,     5199
13757834,       11, 18559597,    61324,    66838,     5716
13788037,       12, 19099737,    61339,    66845,     6225
14989176,       13, 17968592,    61354,    66852,     6735
14165876,       10, 17935733,    60974,    66014,     5199
15398247,       11, 18054870,    60981,    66046,     5716
15765454,       12, 18579464,    60988,    66078,     6225
15882992,       13, 17965104,    60994,    66111,     6735
14605191,       10, 17939093,    61264,    66681,     5199
16291894,       11, 18559296,    61265,    66720,     5716
16203121,       12, 19099085,    61267,    66759,     6225
14970591,       13, 17967533,    61268,    66798,     6735
15868010,       10, 17934272,    60926,    66808,     5199
15361103,       11, 18559314,    60929,    66828,     5716
14977458,       12, 19099659,    60931,    66847,     6225
15384585,       13, 17963034,    60935,    66867,     6735
17085492,       10, 17946070,    62888,    66159,     5199
13623629,       11, 18062340,    62945,    66211,     5716
12935173,       12, 18587221,    63001,    66262,     6225
12970035,       13, 17977864,    63059,    66314,     6735
14153855,       11, 18060037,    61529,    66195,     5716
14526472,       12, 18584596,    61531,    66195,     6225
13776860,       13, 17969897,    61533,    66196,     6735
14576421,       10, 17938294,    61815,    66392,     5199
14607697,       11, 18059861,    61826,    66399,     5716
15872851,       12, 19103694,    61837,    66408,     6225
14984194,       13, 17969904,    61847,    66417,     6735
15399482,       10, 18459430,    64538,    66875,     5199
13321158,       11, 18567860,    64552,    66876,     5716
13356433,       12, 19107626,    64566,    66878,     6225
14469978,       13, 17973558,    64581,    66882,     6735
13363783,       11, 18064921,    64209,    65662,     5716
14604809,       12, 18591020,    64257,    65693,     6225
14207866,       13, 17477079,    64305,    65724,     6735
14575619,       10, 17948417,    64090,    66501,     5199
14963752,       11, 18567781,    64116,    66509,     5716
15865750,       12, 19106834,    64142,    66519,     6225
15009607,       13, 17972818,    64170,    66526,     6735
14980002,       10, 17952144,    63997,    66280,     5199
15392051,       11, 18062990,    64008,    66342,     5716
15400437,       12, 19111524,    64020,    66403,     6225
12943625,       13, 17972321,    64030,    66464,     6735
14453275,       10, 17945716,    63247,    66113,     5199
14175128,       11, 18067754,    63248,    66119,     5716
15437632,       12, 18592534,    63250,    66124,     6225
14572897,       13, 17977652,    63251,    66130,     6735
14574254,       10, 17945927,    63348,    66308,     5199
14976822,       11, 18067807,    63349,    66314,     5716
16252559,       12, 18592758,    63350,    66321,     6225
15373898,       13, 17977640,    63351,    66328,     6735
16255393,       10, 17962096,    66431,    66394,     5199
17062437,       11, 18072938,    66440,    66412,     5716
13580091,       12, 19113280,    66451,    66429,     6225
13761365,       13, 17985007,    66461,    66442,     6735
12941352,       10, 17949094,    65795,    66677,     5199
12935120,       11, 18574424,    65800,    66696,     5716
13365385,       12, 19113411,    65805,    66717,     6225
13773925,       13, 17980701,    65810,    66736,     6735
15347791,       10, 18455348,    65803,    66824,     5199
14195213,       11, 18574545,    65805,    66845,     5716
13781868,       12, 19116580,    65807,    66865,     6225
13791892,       13, 17978489,    65809,    66886,     6735
14190856,       10, 17955157,    64975,    65362,     5199
14605926,       11, 18077529,    64992,    65364,     5716
16655777,       12, 18602386,    65010,    65367,     6225
15391885,       13, 17488162,    65031,    65370,     6735
12117286,       10, 17955437,    64826,    65563,     5199
14016494,       11, 18077368,    64839,    65586,     5716
14016117,       12, 18598966,    64852,    65608,     6225
14015900,       13, 17489079,    64865,    65631,     6735
12927591,       10, 17955434,    65176,    65620,     5199
12531813,       11, 18077084,    65178,    65629,     5716
14183737,       12, 18599952,    65179,    65638,     6225
15349426,       13, 17489039,    65181,    65646,     6735
14565486,       10, 17952376,    65651,    66143,     5199
16752967,       11, 18069929,    65674,    66148,     5716
12153604,       12, 18600945,    65698,    66156,     6225
13353284,       13, 17980012,    65726,    66168,     6735
13750985,       10, 18471690,    68080,    67248,     5199
14935776,       11, 18584925,    68084,    67267,     5716
15340997,       12, 19120370,    68088,    67286,     6225
13786964,       13, 17991537,    68092,    67306,     6735
14181626,       10, 17969397,    68257,    66513,     5199
15824540,       11, 18587879,    68287,    66530,     5716
15859597,       12, 19127091,    68317,    66548,     6225
14597372,       13, 17989825,    68348,    66566,     6735
15370108,       10, 17959237,    67735,    66294,     5199
16662303,       11, 18077942,    67750,    66310,     5716
16642501,       12, 18603074,    67764,    66325,     6225
12114744,       13, 17988041,    67777,    66340,     6735
13581581,       10, 17971676,    67936,    65578,     5199
13621028,       11, 18079911,    67937,    65586,     5716
12966974,       12, 18605782,    67937,    65592,     6225
14494985,       13, 17494447,    67938,    65600,     6735
13380680,       10, 17957834,    67385,    65672,     5199
13757526,       11, 18080896,    67386,    65692,     5716
14160359,       12, 18605672,    67387,    65713,     6225
14568421,       13, 17492015,    67389,    65733,     6735
15369847,       10, 18461799,    67140,    66815,     5199
15373292,       11, 18588171,    67142,    66815,     5716
12940120,       12, 19123447,    67144,    66815,     6225
13785291,       13, 17989398,    67146,    66816,     6735
13796770,       10, 17958830,    67002,    66059,     5199
14159605,       11, 18083175,    67009,    66071,     5716
13778330,       12, 18608093,    67016,    66083,     6225
15778296,       13, 17993413,    67022,    66095,     6735
16722011,       10, 17968218,    68351,    65953,     5199
16722299,       11, 18082546,    68356,    65969,     5716
15400354,       12, 18608743,    68360,    65986,     6225
15404700,       13, 17497050,    68365,    66002,     6735
15409376,       10, 17969471,    68389,    66319,     5199
12955024,       11, 18083688,    68397,    66358,     5716
13373139,       12, 19127184,    68404,    66397,     6225
14967362,       13, 17992813,    68412,    66436,     6735
13388850,       10, 17956570,    67286,    66317,     5199
13395146,       11, 18078112,    67294,    66331,     5716
15363477,       12, 19127617,    67300,    66345,     6225
15793416,       13, 17987717,    67305,    66358,     6735
15791094,       10, 17966306,    68773,    65657,     5199
14605995,       11, 18089470,    68773,    65678,     5716
15009490,       12, 18614925,    68774,    65699,     6225
16751882,       13, 17491677,    68774,    65720,     6735
15399788,       10, 18470128,    68932,    67003,     5199
15006957,       11, 18592022,    68941,    67018,     5716
13579944,       12, 19131303,    68950,    67034,     6225
14967571,       13, 17994067,    68959,    67048,     6735
13775888,       10, 18485546,    72411,    66825,     5199
14564305,       11, 18599060,    72436,    66842,     5716
13589545,       12, 19139163,    72462,    66860,     6225
13625402,       13, 18004572,    72488,    66877,     6735
14020272,       10, 18482725,    71836,    66829,     5199
12558543,       11, 18600969,    71862,    66872,     5716
12562963,       12, 19140093,    71887,    66916,     6225
14180090,       13, 18007018,    71913,    66960,     6735
13375111,       10, 17985277,    72822,    66408,     5199
13755870,       11, 18100741,    72825,    66418,     5716
14176333,       12, 19145415,    72829,    66428,     6225
13770083,       13, 18012632,    72832,    66438,     6735
14572902,       10, 17985144,    73459,    66422,     5199
14175511,       11, 18106127,    73464,    66424,     5716
14592903,       12, 19150389,    73469,    66425,     6225
15361298,       13, 18015477,    73475,    66427,     6735
14970587,       10, 18489938,    73398,    66890,     5199
14984250,       11, 18610762,    73413,    66893,     5716
15366270,       12, 19147941,    73428,    66896,     6225
15798820,       13, 18013205,    73445,    66899,     6735
12526396,       10, 18489881,    73327,    66927,     5199
12959803,       11, 18608569,    73343,    66985,     5716
12934292,       12, 19147612,    73358,    67042,     6225
13361159,       13, 18014598,    73374,    67100,     6735
13751036,       10, 18422606,    57724,    68647,     5199
13790227,       11, 19049702,    57740,    68683,     5716
14186777,       12, 19604652,    57755,    68720,     6225
14189425,       13, 18451678,    57771,    68757,     6735
14196093,       10, 18425101,    57905,    67871,     5199
15442435,       11, 18542009,    57907,    67927,     5716
15824559,       12, 19082436,    57909,    67983,     6225
15374751,       13, 18452283,    57911,    68037,     6735
12149587,       10, 18434864,    58016,    68165,     5199
12153807,       11, 18547145,    58035,    68183,     5716
12533975,       12, 19083973,    58052,    68201,     6225
14070238,       13, 18455532,    58069,    68219,     6735
12943940,       10, 18423967,    57372,    67734,     5199
14520432,       11, 18540933,    57375,    67737,     5716
14169192,       12, 19087699,    57377,    67739,     6225
12961191,       13, 17950334,    57380,    67742,     6735
13371910,       10, 18434612,    58039,    68033,     5199
13753580,       11, 18541824,    58043,    68040,     5716
15387059,       12, 19084040,    58047,    68046,     6225
13768794,       13, 18452994,    58050,    68053,     6735
14569212,       10, 18920116,    57417,    69261,     5199
14182669,       11, 19050921,    57422,    69266,     5716
15857200,       12, 19607260,    57427,    69270,     6225
15000952,       13, 18452381,    57432,    69274,     6735
16274807,       10, 18434619,    58458,    67858,     5199
15398783,       11, 18547079,    58466,    67865,     5716
16635963,       12, 19087332,    58473,    67873,     6225
12110910,       13, 17952088,    58480,    67880,     6735
12962589,       10, 18929386,    58956,    68972,     5199
12968873,       11, 19057779,    58999,    68975,     5716
12968125,       12, 19619061,    59039,    68978,     6225
14496208,       10, 18424564,    57342,    68733,     5199
14522183,       11, 19049751,    57368,    68771,     5716
13366804,       12, 19609206,    57393,    68809,     6225
14169619,       13, 18451677,    57418,    68846,     6735
15328936,       10, 18436069,    58383,    68402,     5199
14186565,       11, 18545833,    58384,    68404,     5716
14565531,       13, 18455789,    58386,    68407,     6735
15417807,       10, 18426488,    56832,    67661,     5199
15869919,       11, 18546244,    56834,    67661,     5716
15857197,       12, 19087649,    56836,    67661,     6225
14600624,       10, 18430511,    59160,    68358,     5199
14977231,       11, 18552088,    59164,    68362,     5716
15012866,       12, 19612418,    59167,    68367,     6225
15364639,       13, 18458574,    59171,    68372,     6735
12526338,       10, 18432301,    59255,    68840,     5199
12932604,       11, 19057308,    59277,    68862,     5716
12534241,       12, 19613510,    59299,    68882,     6225
14067186,       13, 18459881,    59320,    68903,     6735
12551438,       10, 18430129,    59242,    68088,     5199
12926774,       11, 18550205,    59258,    68147,     5716
14929159,       12, 19091842,    59273,    68204,     6225
14990451,       13, 18458762,    59287,    68261,     6735
14952634,       11, 19059864,    60268,    68554,     5716
13755760,       12, 19617290,    60270,    68557,     6225
14996394,       13, 18463186,    60272,    68562,     6735
14982921,       10, 18438000,    60296,    68023,     5199
15005199,       11, 18555699,    60330,    68077,     5716
15373300,       12, 19093723,    60364,    68128,     6225
16645186,       13, 18463373,    60400,    68179,     6735
12135050,       10, 18441281,    61208,    67484,     5199
12165086,       11, 18557283,    61224,    67490,     5716
12960008,       12, 19096718,    61239,    67496,     6225
12552455,       13, 17964193,    61253,    67501,     6735
12555590,       10, 18443757,    61328,    68282,     5199
14496915,       11, 18561271,    61335,    68310,     5716
14469918,       12, 19622953,    61342,    68342,     6225
14202670,       13, 18470975,    61350,    68376,     6735
13779252,       10, 18934952,    60854,    69265,     5199
14941808,       11, 19066901,    60857,    69273,     5716
14163733,       12, 19623234,    60860,    69281,     6225
14161766,       13, 18468530,    60863,    69289,     6735
15833749,       10, 18442785,    61603,    67986,     5199
15832210,       11, 18564024,    61609,    68013,     5716
14590397,       12, 19101726,    61614,    68041,     6225
14602893,       13, 18469151,    61619,    68068,     6735
15378209,       10, 18940077,    61867,    69047,     5199
17085501,       11, 19071331,    61886,    69050,     5716
15393522,       12, 19626583,    61905,    69054,     6225
12153666,       10, 18449105,    62640,    68621,     5199
14162828,       11, 19073250,    62679,    68633,     5716
14174617,       12, 19621177,    62716,    68645,     6225
15354600,       13, 18468007,    62754,    68655,     6735
15852581,       10, 18940279,    61784,    69062,     5199
14978135,       11, 19071473,    61798,    69079,     5716
14983242,       12, 19626841,    61810,    69095,     6225
15005336,       13, 18469434,    61823,    69111,     6735
15364544,       10, 18448220,    62275,    67461,     5199
15385176,       11, 18558001,    62283,    67465,     5716
15404284,       12, 19102459,    62292,    67468,     6225
12106368,       13, 17964411,    62301,    67471,     6735
12938598,       10, 18441176,    61561,    67645,     5199
12948013,       11, 18563051,    61567,    67651,     5716
12972191,       12, 19103030,    61572,    67657,     6225
12976258,       13, 17969512,    61576,    67663,     6735
13364497,       10, 18441307,    61438,    67599,     5199
13367951,       11, 18563111,    61441,    67610,     5716
13364407,       12, 19097762,    61444,    67621,     6225
14203524,       13, 17969543,    61447,    67632,     6735
15386862,       10, 18441325,    61574,    67551,     5199
14169760,       12, 19102171,    61574,    67572,     6225
14935772,       10, 18448403,    62269,    67599,     5199
14570800,       11, 18558079,    62279,    67614,     5716
14186407,       12, 19102496,    62290,    67628,     6225
14598291,       13, 17964696,    62300,    67643,     6735
15843786,       10, 18450226,    62747,    68683,     5199
15858621,       11, 19073341,    62760,    68704,     5716
16730578,       12, 19628468,    62773,    68725,     6225
16235890,       13, 18476846,    62786,    68746,     6735
16284804,       10, 18456374,    64406,    68628,     5199
15796343,       11, 19073678,    64415,    68642,     5716
12112977,       12, 19629017,    64423,    68658,     6225
13603967,       13, 18474766,    64431,    68672,     6735
13346319,       10, 18458604,    64523,    68112,     5199
14043118,       11, 18566882,    64527,    68117,     5716
14151576,       12, 19108252,    64533,    68122,     6225
14453410,       13, 18473200,    64538,    68126,     6735
14587603,       10, 18956515,    64509,    69441,     5199
14203425,       11, 19076499,    64540,    69462,     5716
13392287,       12, 19631725,    64571,    69483,     6225
14196134,       13, 18472868,    64601,    69505,     6735
13796953,       10, 18450876,    63429,    67707,     5199
14187682,       11, 18571397,    63433,    67709,     5716
14554448,       12, 19110749,    63436,    67711,     6225
14566644,       10, 18451678,    63424,    68471,     5199
14582032,       11, 18570146,    63434,    68486,     5716
14975673,       12, 19633634,    63444,    68501,     6225
15387546,       13, 18480057,    63455,    68515,     6735
12128744,       13, 18474979,    63787,    68101,     6735
12130495,       11, 19082486,    66190,    68497,     5716
12147841,       12, 19636272,    66197,    68498,     6225
12953758,       13, 18487042,    66203,    68502,     6735
14034152,       10, 18466096,    66457,    68635,     5199
14492370,       11, 19083404,    66477,    68645,     5716
13365410,       12, 19638713,    66497,    68654,     6225
13757780,       13, 18487303,    66517,    68663,     6735
14926280,       10, 18955254,    64963,    68999,     5199
15421491,       11, 19086265,    64971,    69027,     5716
14559550,       12, 19642835,    64980,    69055,     6225
14994770,       13, 18484000,    64987,    69082,     6735
15365094,       10, 18453301,    65740,    68023,     5199
12526591,       11, 18573802,    65749,    68037,     5716
13146308,       12, 19117495,    65758,    68049,     6225
12526083,       13, 18482937,    65767,    68064,     6735
14031808,       10, 18459085,    64852,    68445,     5199
13618840,       11, 18578438,    64856,    68465,     5716
13361408,       12, 19639352,    64860,    68484,     6225
14185120,       13, 18487421,    64863,    68503,     6735
14074460,       10, 18955248,    65202,    69029,     5199
13362323,       11, 19087413,    65212,    69066,     5716
14521897,       12, 19642884,    65220,    69102,     6225
14969661,       13, 18483958,    65230,    69138,     6735
14615223,       10, 18453384,    65659,    67686,     5199
14935770,       11, 18573812,    65662,    67696,     5716
14542943,       12, 19118617,    65665,    67707,     6225
13761351,       13, 17979337,    65668,    67717,     6735
13763968,       10, 18969478,    67995,    68931,     5199
15040240,       11, 19089890,    67996,    68933,     5716
15034370,       12, 19645205,    67997,    68935,     6225
15417379,       13, 18494692,    67999,    68937,     6735
14179709,       10, 18473507,    68069,    67652,     5199
14567057,       11, 18586619,    68078,    67672,     5716
14973002,       12, 19121416,    68085,    67692,     6225
14576454,       13, 17992280,    68091,    67711,     6735
14982616,       10, 18969593,    68359,    69171,     5199
14595436,       11, 19094135,    68363,    69179,     5716
14999011,       12, 19649821,    68366,    69186,     6225
14598905,       13, 18491838,    68370,    69193,     6735
16240073,       11, 18586534,    68102,    67413,     5716
15375767,       12, 19120356,    68103,    67420,     6225
14995856,       13, 17992288,    68104,    67427,     6735
15004187,       10, 18462696,    67115,    67612,     5199
17064089,       11, 18586256,    67155,    67645,     5716
13362091,       12, 19126840,    67195,    67678,     6225
14941897,       13, 17987384,    67235,    67711,     6735
13387765,       10, 18460399,    67210,    68001,     5199
14203459,       11, 18581764,    67232,    68034,     5716
14201391,       12, 19124864,    67255,    68065,     6225
16229053,       13, 18490528,    67278,    68098,     6735
14598560,       10, 18472037,    69828,    67560,     5199
15400359,       11, 18594287,    69849,    67569,     5716
16287893,       12, 19128230,    69871,    67579,     6225
15378794,       13, 17999987,    69893,    67588,     6735
13143289,       12, 19132604,    70042,    68104,     6225
13729401,       13, 18499476,    70090,    68106,     6735
12949563,       10, 18965619,    69115,    68954,     5199
12967000,       11, 19096898,    69129,    68962,     5716
14442851,       12, 19652737,    69143,    68969,     6225
13347162,       13, 18497917,    69158,    68977,     6735
14493285,       10, 18477028,    70478,    68089,     5199
13758945,       11, 18594957,    70505,    68094,     5716
14174044,       12, 19132679,    70530,    68097,     6225
14597978,       13, 18498661,    70556,    68101,     6735
15872897,       10, 18974066,    70366,    68721,     5199
15368717,       11, 19100851,    70370,    68748,     5716
15407819,       12, 19656605,    70373,    68774,     6225
12128606,       13, 18498268,    70377,    68800,     6735
12561072,       10, 18972394,    70761,    68774,     5199
12152751,       11, 19103805,    70787,    68802,     5716
12564136,       12, 19660883,    70811,    68828,     6225
12570277,       13, 18505210,    70836,    68855,     6735
12527327,       10, 18473027,    69871,    68471,     5199
14025327,       11, 18593582,    69871,    68473,     5716
12974191,       12, 19651312,    69872,    68476,     6225
14898671,       10, 18972700,    70755,    68993,     5199
14985837,       11, 19105243,    70769,    69025,     5716
13390952,       12, 19660581,    70783,    69057,     6225
15362670,       13, 18506454,    70797,    69089,     6735
15787352,       10, 18974643,    70281,    68812,     5199
15427407,       11, 19100800,    70307,    68832,     5716
15442469,       12, 19657482,    70333,    68852,     6225
15750989,       13, 18502331,    70360,    68872,     6735
14966544,       11, 19100595,    70129,    69006,     5716
14976427,       10, 18478790,    70933,    68462,     5199
15009136,       11, 18600176,    70935,    68470,     5716
15412136,       12, 19659369,    70937,    68478,     6225
16771442,       13, 18504022,    70939,    68487,     6735
16689374,       10, 18488209,    72894,    68631,     5199
13325973,       11, 19111305,    72921,    68641,     5716
12521658,       12, 19666626,    72947,    68651,     6225
14037244,       13, 18516956,    72973,    68661,     6735
13339187,       10, 18982119,    72517,    68663,     5199
13372642,       11, 19104235,    72522,    68678,     5716
13773406,       12, 19659807,    72527,    68692,     6225
14982513,       13, 18505902,    72532,    68707,     6735
12952026,       10, 18486980,    72357,    68478,     5199
13751994,       11, 19104296,    72363,    68517,     5716
14998077,       12, 19659798,    72369,    68556,     6225
14543207,       13, 18504299,    72375,    68594,     6735
14964395,       10, 18979819,    72062,    68765,     5199
14174784,       11, 19108612,    72078,    68771,     5716
15361081,       12, 19663981,    72094,    68777,     6225
15009174,       13, 18505682,    72109,    68783,     6735
15412881,       10, 18487004,    72353,    68501,     5199
14170379,       11, 19106106,    72415,    68504,     5716
14173372,       12, 19659748,    72475,    68506,     6225
14984094,       13, 18504430,    72537,    68508,     6735
16663476,       10, 18488923,    73023,    67903,     5199
14169038,       11, 18610131,    73044,    67940,     5716
12569077,       12, 19144511,    73068,    67977,     6225
14165523,       13, 18013870,    73093,    68011,     6735
14595036,       12, 19670012,    73490,    69623,     6225
12949212,       13, 18515388,    73490,    69660,     6735
