Vector Track Size:      880

39092079,       10, 49259180,    61884,    62551,    31724
41487612,       11, 47056963,    61886,    62556,    32237
41501354,       12, 49502144,    61888,    62560,    32742
41502165,       13, 47581993,    61890,    62566,    33256
43874890,       14, 49756194,    61892,    62570,    33782
36699399,       10, 52121655,    64528,    66531,    31724
36700770,       11, 49920341,    64537,    66547,    32237
36711703,       12, 52351615,    64546,    66562,    32742
36713362,       13, 50493670,    64556,    66578,    33256
36720525,       14, 52709768,    64565,    66593,    33782
36726654,       11, 49936173,    67675,    64999,    32237
36743200,       12, 50991384,    67676,    65007,    32742
36744877,       14, 51284961,    67677,    65021,    33782
36751330,       10, 52135715,    67065,    66308,    31724
36762437,       11, 49926917,    67095,    66337,    32237
36767542,       12, 50960654,    67125,    66366,    32742
36774721,       13, 50507116,    67155,    66396,    33256
36791972,       14, 52746601,    67186,    66426,    33782
36798635,       10, 54973772,    69700,    70244,    31724
36802397,       11, 52741699,    69727,    70269,    32237
36806018,       12, 53828097,    69756,    70295,    32742
36807345,       13, 53382886,    69784,    70320,    33256
36820456,       10, 46298260,    58537,    57422,    31724
36842847,       11, 44191013,    58543,    57422,    32237
36844848,       12, 45157103,    58548,    57424,    32742
37867620,       13, 43174730,    58553,    57425,    33256
37868632,       14, 45213472,    58559,    57427,    33782
37872007,       10, 46291765,    58594,    57892,    31724
37872787,       12, 45159050,    58596,    57898,    32742
37886996,       13, 43179808,    58597,    57902,    33256
37888530,       14, 46746829,    58598,    57905,    33782
37893684,       11, 44197043,    59550,    57766,    32237
37894269,       12, 45197743,    59564,    57768,    32742
37895346,       13, 43188888,    59579,    57769,    33256
37897317,       14, 46726961,    59593,    57770,    33782
37897404,       10, 46319382,    60231,    58126,    31724
37901726,       11, 44206461,    60279,    58142,    32237
37905985,       12, 45181767,    60324,    58157,    32742
37912192,       13, 44629741,    60372,    58173,    33256
37928898,       14, 46733678,    60420,    58189,    33782
37930688,       10, 46332197,    60895,    57974,    31724
37930738,       11, 44206737,    60896,    57978,    32237
37932233,       13, 43202880,    60897,    57986,    33256
37936214,       14, 46754324,    60899,    57990,    33782
37938621,       10, 46330644,    61026,    58638,    31724
37938941,       11, 44217760,    61052,    58666,    32237
37941866,       12, 46598799,    61078,    58694,    32742
37946299,       13, 44647200,    61103,    58723,    33256
37951573,       14, 46748421,    61130,    58752,    33782
37963391,       10, 46358553,    62456,    57141,    31724
37965100,       11, 44230388,    62468,    57146,    32237
37966908,       12, 45213739,    62478,    57149,    32742
37970856,       13, 43218176,    62489,    57153,    33256
37975509,       14, 45248216,    62501,    57157,    33782
37983736,       10, 46352993,    62769,    58758,    31724
37983777,       11, 45643066,    62813,    58780,    32237
37995671,       12, 46621090,    62858,    58802,    32742
38009018,       13, 44670849,    62903,    58824,    33256
38010320,       14, 46772631,    62949,    58847,    33782
38012003,       10, 46356328,    62804,    58125,    31724
39051729,       11, 44241966,    62806,    58141,    32237
39070748,       12, 45220157,    62808,    58157,    32742
39076850,       13, 44666784,    62810,    58173,    33256
39088992,       14, 46781744,    62813,    58189,    33782
39094663,       10, 46393294,    66221,    58523,    31724
39094789,       11, 44278551,    66237,    58549,    32237
39104035,       12, 45259816,    66252,    58574,    32742
39107105,       13, 44715892,    66268,    58599,    33256
39107206,       14, 46795866,    66284,    58626,    33782
39113410,       10, 46374957,    64584,    58579,    31724
39119283,       11, 44260612,    64588,    58596,    32237
39139460,       12, 46638717,    64593,    58613,    32742
39152357,       13, 44692995,    64597,    58630,    33256
39156351,       14, 46807578,    64602,    58648,    33782
39157804,       10, 46398313,    67372,    58085,    31724
39158095,       11, 44270408,    67402,    58107,    32237
39162919,       12, 45284710,    67430,    58128,    32742
39163942,       13, 44696909,    67460,    58150,    33256
39170103,       14, 46827331,    67489,    58172,    33782
39172540,       10, 46409840,    68895,    57623,    31724
39174201,       11, 44288488,    68903,    57634,    32237
39185304,       12, 45282727,    68911,    57643,    32742
39215445,       13, 43289445,    68918,    57653,    33256
39215951,       14, 46848952,    68926,    57663,    33782
40245812,       10, 46415968,    69119,    58697,    31724
40249744,       11, 44295948,    69151,    58705,    32237
40270536,       12, 46685617,    69182,    58712,    32742
40276564,       11, 44300637,    69630,    58580,    32237
40276993,       12, 45296941,    69636,    58583,    32742
40278935,       13, 44736380,    69642,    58588,    33256
40285531,       14, 46843836,    69647,    58593,    33782
40287606,       10, 46420086,    69302,    58281,    31724
40297030,       11, 44290583,    69306,    58287,    32237
40302439,       12, 45300247,    69310,    58292,    32742
40303708,       13, 44733693,    69313,    58298,    33256
40308284,       14, 46850778,    69317,    58303,    33782
40309441,       10, 46406251,    68452,    58355,    31724
40311422,       11, 44306161,    68457,    58358,    32237
40311697,       12, 45275267,    68463,    58361,    32742
40311734,       13, 44719291,    68468,    58364,    33256
40312823,       14, 46831116,    68473,    58367,    33782
40334904,       10, 46452957,    71997,    57294,    31724
40336529,       11, 44319457,    72028,    57304,    32237
40345788,       12, 45321993,    72058,    57314,    32742
40349065,       13, 43333908,    72088,    57323,    33256
40353822,       14, 45379804,    72119,    57334,    33782
40355632,       10, 46458549,    73418,    58632,    31724
40363202,       11, 44345128,    73429,    58666,    32237
40367959,       12, 46735738,    73440,    58699,    32742
40377237,       13, 44781603,    73450,    58733,    33256
40387525,       14, 46907390,    73461,    58768,    33782
40391665,       10, 46467223,    73146,    56953,    31724
40393767,       11, 44349693,    73150,    56958,    32237
40396146,       12, 45317151,    73154,    56963,    32742
40397352,       13, 43346353,    73158,    56968,    33256
40397818,       14, 45400878,    73162,    56973,    33782
40398918,       10, 47731964,    58573,    59366,    31724
40400169,       11, 45593629,    58578,    59397,    32237
41398335,       12, 46565011,    58584,    59426,    32742
41399648,       13, 44604436,    58589,    59457,    33256
41402165,       14, 46735227,    58594,    59488,    33782
41404339,       11, 45592435,    59239,    60637,    32237
41418025,       13, 46071726,    59294,    60691,    33256
41421181,       14, 48208578,    59323,    60719,    33782
41429210,       10, 47741187,    59564,    59882,    31724
41435640,       11, 45599863,    59599,    59894,    32237
41438244,       12, 46582108,    59633,    59907,    32742
41457760,       13, 44621978,    59667,    59920,    33256
41465557,       10, 47736704,    58308,    58879,    31724
41477813,       11, 45603560,    58309,    58902,    32237
41477936,       12, 46560814,    58310,    58923,    32742
41478101,       13, 44625330,    58311,    58946,    33256
41479044,       14, 46715898,    58311,    58969,    33782
41490701,       10, 47765234,    60930,    58857,    31724
41497855,       11, 45613739,    60933,    58865,    32237
41506403,       12, 46597799,    60935,    58873,    32742
41515968,       13, 44633139,    60938,    58882,    33256
41518043,       14, 46751175,    60941,    58890,    33782
41518119,       10, 46327283,    61754,    58815,    31724
41520176,       12, 46606954,    61753,    58828,    32742
41521371,       13, 44626647,    61753,    58834,    33256
41537390,       10, 47768526,    61101,    60248,    31724
41539746,       11, 45625214,    61162,    60298,    32237
41541584,       12, 46595719,    61221,    60349,    32742
41542720,       14, 48245755,    61345,    60451,    33782
41548365,       10, 47782705,    62003,    59677,    31724
41549756,       11, 45619170,    62004,    59680,    32237
41559603,       12, 46616461,    62005,    59683,    32742
41560460,       13, 44648980,    62007,    59686,    33256
41561013,       14, 48241611,    62007,    59688,    33782
41561027,       10, 47773113,    61225,    59665,    31724
42582651,       12, 46625564,    61226,    59675,    32742
42606110,       13, 44640460,    61226,    59680,    33256
42607779,       14, 48227398,    61226,    59686,    33782
42608929,       10, 47775390,    62105,    60252,    31724
42612523,       11, 45612170,    62145,    60253,    32237
42617341,       12, 46619004,    62184,    60255,    32742
42617675,       13, 46120555,    62224,    60256,    33256
42618743,       14, 48233903,    62264,    60258,    33782
42621602,       10, 49224228,    61768,    60884,    31724
42622210,       11, 47048758,    61798,    60939,    32237
42622293,       12, 48066412,    61828,    60993,    32742
42622332,       13, 46127220,    61858,    61048,    33256
42627404,       14, 48240201,    61888,    61104,    33782
42629840,       10, 47766581,    61212,    59877,    31724
42629887,       11, 45623277,    61237,    59928,    32237
42631468,       13, 44644900,    61288,    60031,    33256
42631669,       14, 48231907,    61315,    60084,    33782
42632782,       10, 47796579,    62681,    59287,    31724
42639395,       11, 45651621,    62733,    59315,    32237
42639409,       12, 46624285,    62785,    59342,    32742
42642544,       13, 44662069,    62838,    59370,    33256
42645199,       14, 46783947,    62892,    59399,    33782
42645383,       10, 47791512,    62612,    60143,    31724
42657856,       11, 45631551,    62641,    60175,    32237
42658567,       12, 46619408,    62671,    60205,    32742
42662294,       13, 46126427,    62700,    60236,    33256
42667212,       14, 48255680,    62730,    60269,    33782
42667485,       10, 47806157,    65662,    59936,    31724
42669105,       11, 45660558,    65701,    59941,    32237
42672552,       12, 46664324,    65739,    59947,    32742
42685442,       13, 44678654,    65778,    59952,    33256
42686657,       14, 48273619,    65818,    59959,    33782
42688694,       10, 47840407,    66271,    59672,    31724
42690917,       11, 45693575,    66299,    59681,    32237
42703617,       12, 46656049,    66327,    59690,    32742
42703706,       13, 44710292,    66355,    59699,    33256
42706066,       14, 48273000,    66383,    59708,    33782
42707433,       10, 47830707,    66240,    60052,    31724
42709907,       11, 45687081,    66255,    60099,    32237
42712264,       12, 46664386,    66270,    60145,    32742
42720557,       13, 46173515,    66285,    60192,    33256
43764057,       14, 48277164,    66300,    60241,    33782
43766342,       12, 46628282,    64994,    60154,    32742
43779484,       13, 46150269,    65047,    60209,    33256
43782325,       14, 48294180,    65100,    60266,    33782
43783770,       10, 47814157,    64724,    60238,    31724
43788834,       11, 45668863,    64767,    60246,    32237
43790790,       12, 46627956,    64808,    60254,    32742
43795543,       14, 48293909,    64894,    60270,    33782
43795988,       10, 47801457,    65144,    60823,    31724
43811927,       11, 47090446,    65152,    60860,    32237
43813042,       12, 48089708,    65160,    60894,    32742
43819918,       13, 46140353,    65168,    60929,    33256
43823803,       14, 48288661,    65176,    60965,    33782
43831874,       10, 47801470,    65007,    60666,    31724
43837339,       11, 45672364,    65030,    60677,    32237
43842820,       12, 48087940,    65051,    60688,    32742
43845303,       13, 46148267,    65074,    60700,    33256
43850136,       14, 48285723,    65097,    60712,    33782
43855390,       10, 47834602,    67384,    60410,    31724
43860671,       11, 45676141,    67395,    60416,    32237
43866717,       12, 46687660,    67405,    60422,    32742
43867929,       13, 46165747,    67415,    60428,    33256
43870760,       14, 48301089,    67425,    60434,    33782
43876560,       10, 47836709,    67399,    59326,    31724
43889912,       11, 45680617,    67447,    59338,    32237
43892255,       12, 46689796,    67494,    59350,    32742
43895280,       13, 44694491,    67542,    59362,    33256
43898985,       14, 46828301,    67591,    59374,    33782
43901455,       10, 47833293,    66383,    60472,    31724
43903588,       11, 45691803,    66386,    60491,    32237
43907084,       12, 46652978,    66389,    60509,    32742
43915490,       13, 46169841,    66391,    60527,    33256
44944180,       14, 48280417,    66394,    60546,    33782
44944288,       10, 47848143,    68718,    59474,    31724
44949081,       11, 45700457,    68734,    59477,    32237
44955989,       12, 46688682,    68749,    59480,    32742
44962034,       13, 44718290,    68765,    59482,    33256
44963223,       14, 46855915,    68781,    59485,    33782
44964467,       10, 46410707,    68829,    58751,    31724
44968335,       11, 45701974,    68837,    58752,    32237
44969531,       12, 46685604,    68843,    58753,    32742
44971508,       13, 44722728,    68848,    58755,    33256
44974494,       14, 46858267,    68854,    58756,    33782
44983315,       10, 47858528,    69492,    59014,    31724
44984665,       11, 45710883,    69498,    59044,    32237
44985683,       12, 46705745,    69504,    59074,    32742
44985696,       10, 47874401,    70197,    60180,    31724
44987801,       11, 45716711,    70218,    60196,    32237
44990594,       12, 46691381,    70239,    60212,    32742
44994711,       14, 48338195,    70284,    60245,    33782
44996394,       10, 47871731,    70112,    59598,    31724
45009222,       11, 45706020,    70147,    59611,    32237
45009526,       12, 46698338,    70181,    59623,    32742
45011460,       13, 44739276,    70214,    59636,    33256
45026124,       14, 48326699,    70250,    59650,    33782
45035309,       10, 47871856,    70422,    59501,    31724
45043614,       11, 45722811,    70431,    59515,    32237
45045029,       12, 46696067,    70439,    59529,    32742
45045195,       13, 44739788,    70447,    59543,    33256
45050445,       14, 46857239,    70457,    59557,    33782
45054656,       10, 47876482,    70827,    59805,    31724
45056646,       11, 45726100,    70831,    59830,    32237
45058113,       12, 46701457,    70834,    59854,    32742
45068273,       13, 44742999,    70837,    59878,    33256
45068280,       14, 48343416,    70841,    59902,    33782
45072054,       10, 47900740,    72301,    60375,    31724
45084679,       11, 45737271,    72311,    60397,    32237
45084916,       12, 46726008,    72321,    60419,    32742
45090902,       14, 48349533,    72343,    60463,    33782
46074192,       10, 47889596,    73295,    59380,    31724
46075651,       11, 45756603,    73340,    59415,    32237
46123168,       12, 46739516,    73383,    59449,    32742
46131127,       13, 44775783,    73428,    59484,    33256
46135577,       14, 46905723,    73473,    59520,    33782
46138739,       10, 47900492,    73045,    60582,    31724
46154124,       12, 46718129,    73109,    60607,    32742
46178289,       13, 46241217,    73140,    60619,    33256
46180544,       14, 48376809,    73173,    60632,    33782
46201477,       10, 47906067,    73126,    59501,    31724
46201533,       11, 45756369,    73156,    59521,    32237
46202733,       12, 46720326,    73186,    59541,    32742
46225015,       13, 44776237,    73217,    59561,    33256
39379899,       14, 46905480,    73248,    59582,    33782
39408481,       10, 49193203,    57394,    61938,    31724
40616513,       11, 47011824,    57401,    61957,    32237
41783989,       13, 46054715,    57415,    61996,    33256
42852575,       14, 49687330,    57422,    62015,    33782
44026425,       10, 49223495,    59953,    60930,    31724
37919144,       11, 47028239,    59966,    60960,    32237
37979287,       12, 48040705,    59978,    60990,    32742
39207332,       13, 46099403,    59990,    61021,    33256
40336090,       14, 48214514,    60002,    61051,    33782
40361809,       10, 49214703,    59828,    62538,    31724
41467838,       11, 47039990,    59836,    62568,    32237
37047476,       12, 49481162,    59844,    62597,    32742
39086605,       13, 47551785,    59852,    62627,    33256
40293778,       14, 49731354,    59860,    62657,    33782
44959196,       10, 49222914,    61574,    61570,    31724
41534357,       11, 47053378,    61599,    61581,    32237
41446244,       12, 48074937,    61623,    61592,    32742
37932217,       13, 46109631,    61648,    61603,    33256
39199105,       14, 49745096,    61674,    61615,    33782
41446253,       10, 49256755,    62267,    61960,    31724
43816701,       11, 47079447,    62314,    61987,    32237
43879470,       12, 48079665,    62361,    62014,    32742
44986849,       13, 46127623,    62409,    62042,    33256
46123232,       14, 49740344,    62458,    62070,    33782
42646009,       10, 49256661,    61932,    61840,    31724
45039201,       11, 47059821,    61948,    61855,    32237
45079284,       12, 48081927,    61965,    61869,    32742
38194394,       13, 46132011,    61982,    61885,    33256
39215222,       14, 49741023,    61999,    61899,    33782
39130820,       10, 49250711,    62550,    61018,    31724
40355035,       12, 48067821,    62570,    61098,    32742
41545986,       13, 46129606,    62580,    61139,    33256
42744649,       14, 48247735,    62590,    61180,    33782
43757633,       10, 49249041,    63177,    61180,    31724
36820440,       11, 47073945,    63195,    61181,    32237
42695742,       12, 48064048,    63212,    61182,    32742
44994350,       13, 46136693,    63229,    61184,    33256
43866450,       14, 48263563,    63247,    61185,    33782
46112667,       10, 49247207,    63339,    60856,    31724
37869768,       11, 47077260,    63340,    60866,    32237
36837053,       12, 48088650,    63342,    60877,    32742
37883989,       13, 46124218,    63343,    60887,    33256
37921195,       14, 48263500,    63343,    60897,    33782
40401576,       10, 49284463,    63984,    62305,    31724
42592839,       11, 47083069,    63998,    62348,    32237
43903398,       12, 48102367,    64012,    62390,    32742
42713373,       13, 47604190,    64027,    62433,    33256
43804326,       14, 49760501,    64042,    62476,    33782
44475711,       10, 49264426,    63082,    62139,    31724
46100775,       11, 47086696,    63102,    62153,    32237
37923831,       12, 48078717,    63121,    62167,    32742
39082016,       13, 47591474,    63141,    62182,    33256
39126546,       14, 49767227,    63161,    62197,    33782
38296589,       10, 49279100,    65050,    61787,    31724
40354793,       11, 47109851,    65051,    61793,    32237
42582022,       12, 48097889,    65053,    61797,    32742
43766270,       13, 46157014,    65055,    61803,    33256
44981505,       14, 49789916,    65056,    61808,    33782
45018768,       10, 49308982,    67786,    61966,    31724
45023768,       11, 47129483,    67829,    61975,    32237
46094866,       12, 48142820,    67871,    61983,    32742
36701282,       13, 46205805,    67914,    61991,    33256
39066601,       14, 49811709,    67958,    61999,    33782
39203743,       10, 49324349,    68347,    62671,    31724
40248151,       11, 47151007,    68382,    62730,    32237
41437032,       12, 49567194,    68418,    62788,    32742
41522211,       13, 47651230,    68454,    62848,    33256
41681047,       14, 49828626,    68491,    62910,    33782
42715435,       10, 49309159,    67683,    61936,    31724
43862249,       11, 47129389,    67697,    61945,    32237
45052622,       12, 48151324,    67711,    61955,    32742
36705694,       14, 49811145,    67738,    61978,    33782
36794124,       10, 49307243,    67801,    62359,    31724
39092741,       11, 47127444,    67812,    62401,    32237
41417635,       12, 48141419,    67822,    62441,    32742
40302285,       13, 47628277,    67834,    62484,    33256
36815725,       14, 49808223,    67845,    62526,    33782
41490426,       11, 47138247,    69384,    61330,    32237
41507363,       12, 48160164,    69403,    61384,    32742
43889384,       13, 46204878,    69422,    61439,    33256
36696305,       14, 48322027,    69441,    61495,    33782
37893365,       11, 47138079,    69380,    60982,    32237
39065029,       12, 48156888,    69395,    60983,    32742
39165691,       13, 46195987,    69411,    60986,    33256
40383194,       14, 48317647,    69427,    60987,    33782
40621179,       10, 49337853,    70034,    60959,    31724
43811348,       11, 47137912,    70088,    60976,    32237
42723128,       12, 48155853,    70141,    60993,    32742
43866123,       13, 46217609,    70195,    61011,    33256
44941530,       14, 48331739,    70250,    61029,    33782
37080970,       10, 49332781,    69325,    62163,    31724
37884831,       11, 47152605,    69338,    62177,    32237
40239900,       12, 48168169,    69351,    62190,    32742
42663326,       13, 47643150,    69363,    62204,    33256
42717756,       14, 49831584,    69376,    62219,    33782
43874679,       10, 49330224,    69181,    62395,    31724
43896761,       11, 47147483,    69207,    62408,    32237
43887141,       12, 48170683,    69233,    62420,    32742
36689148,       13, 47647762,    69259,    62432,    33256
36753033,       14, 49831941,    69286,    62445,    33782
36774199,       10, 49340773,    71221,    61041,    31724
37875061,       11, 47160238,    71242,    61048,    32237
39071921,       12, 48185350,    71263,    61054,    32742
39071915,       13, 46230465,    71284,    61060,    33256
41466193,       14, 48340115,    71306,    61066,    33782
41459990,       10, 49376768,    73122,    61929,    31724
43804323,       11, 47195522,    73131,    61932,    32237
46105394,       12, 48189265,    73139,    61935,    32742
36691397,       13, 46252921,    73148,    61938,    33256
37928206,       14, 49887902,    73157,    61941,    33782
40381775,       10, 49373129,    73307,    62457,    31724
41418076,       12, 48207464,    73420,    62565,    32742
41565245,       13, 47705999,    73476,    62619,    33256
42670841,       10, 50641126,    58230,    63347,    31724
42629576,       11, 48467693,    58250,    63351,    32237
36682853,       12, 49464851,    58270,    63355,    32742
40274288,       13, 47544918,    58291,    63359,    33256
40281055,       14, 49702714,    58311,    63363,    33782
40284511,       10, 50650392,    57946,    62820,    31724
40353523,       11, 48441034,    57963,    62834,    32237
41519139,       12, 49462938,    57979,    62849,    32742
41492896,       13, 47541651,    57995,    62863,    33256
42744835,       14, 49697466,    58011,    62879,    33782
36700998,       10, 50634858,    59824,    64450,    31724
36713020,       11, 48463559,    59862,    64473,    32237
36732599,       12, 49487033,    59898,    64495,    32742
38195851,       13, 49009937,    59937,    64518,    33256
38277584,       14, 51203378,    59974,    64541,    33782
39197349,       10, 50686611,    62224,    63759,    31724
39053228,       12, 49513915,    62278,    63787,    32742
39137279,       13, 47580262,    62306,    63802,    33256
41546537,       14, 51225117,    62333,    63816,    33782
41541300,       10, 50672611,    60786,    62977,    31724
43799654,       11, 48471037,    60788,    63005,    32237
42916536,       12, 49497811,    60790,    63033,    32742
43911834,       13, 47562066,    60793,    63062,    33256
45040775,       14, 49751664,    60795,    63091,    33782
46127882,       10, 50661722,    60211,    64389,    31724
45017438,       11, 48488155,    60217,    64406,    32237
36719527,       12, 49482527,    60223,    64422,    32742
36842822,       13, 49000979,    60229,    64438,    33256
36844451,       14, 51202798,    60234,    64455,    33782
37871243,       10, 50668514,    61532,    63723,    31724
36720544,       12, 49500144,    61541,    63806,    32742
39061404,       13, 47570677,    61545,    63848,    33256
39070775,       14, 51236163,    61549,    63891,    33782
39093295,       10, 50671006,    61378,    63994,    31724
40267317,       11, 48482272,    61397,    64001,    32237
40296308,       12, 49504093,    61415,    64007,    32742
41398072,       13, 47566066,    61433,    64013,    33256
41400079,       14, 51235933,    61452,    64020,    33782
40272058,       10, 50691341,    62586,    64263,    31724
41433126,       11, 48492578,    62597,    64275,    32237
40336497,       12, 49516771,    62607,    64288,    32742
42638081,       13, 49024013,    62618,    64301,    33256
42695776,       14, 51248193,    62628,    64313,    33782
42626653,       10, 50711021,    63995,    63825,    31724
42694748,       11, 48489785,    64042,    63846,    32237
42698717,       12, 49536514,    64089,    63868,    32742
45054967,       13, 47600859,    64135,    63890,    33256
45013903,       14, 51247131,    64185,    63913,    33782
37890315,       10, 50689120,    62715,    63499,    31724
37944978,       11, 48500326,    62728,    63507,    32237
39193453,       12, 49511637,    62741,    63515,    32742
40401533,       13, 47593406,    62754,    63524,    33256
41496746,       14, 49770172,    62767,    63533,    33782
42623920,       10, 50694969,    62743,    64452,    31724
42690328,       11, 48505813,    62749,    64488,    32237
43828422,       12, 49513285,    62756,    64523,    32742
43844829,       13, 49034082,    62762,    64559,    33256
43799660,       14, 51248226,    62768,    64595,    33782
44970914,       10, 50680742,    63274,    63066,    31724
44961457,       11, 48507100,    63306,    63080,    32237
45023482,       12, 49528192,    63337,    63094,    32742
36686969,       13, 47587345,    63370,    63109,    33256
37932573,       14, 49777350,    63403,    63123,    33782
39058303,       10, 50707659,    65753,    64123,    31724
39069107,       11, 48509235,    65762,    64134,    32237
40272650,       12, 49561539,    65771,    64145,    32742
41443382,       13, 49047669,    65780,    64156,    33256
42624445,       14, 51265349,    65789,    64168,    33782
42620129,       10, 50706229,    65524,    63804,    31724
41725799,       11, 48509479,    65556,    63813,    32237
42692778,       12, 49558512,    65587,    63822,    32742
44984258,       13, 47602592,    65620,    63832,    33256
45015166,       14, 51265874,    65654,    63844,    33782
45074483,       10, 50698979,    65422,    63968,    31724
41478850,       11, 48509438,    65447,    63976,    32237
43917457,       12, 49558526,    65471,    63983,    32742
45021669,       13, 47608251,    65496,    63991,    33256
43833087,       14, 51265535,    65521,    63999,    33782
35922149,       10, 49278118,    65525,    62803,    31724
39115519,       11, 48510651,    65534,    62811,    32237
39136247,       12, 49560207,    65543,    62817,    32742
40317330,       13, 47607620,    65553,    62823,    33256
41559124,       14, 49795873,    65562,    62831,    33782
42694340,       10, 50726688,    66856,    63232,    31724
43995948,       11, 48535811,    66863,    63250,    32237
36691472,       12, 49548047,    66869,    63267,    32742
36739627,       13, 47633647,    66876,    63285,    33256
35973013,       14, 49824081,    66882,    63303,    33782
37066332,       11, 48563037,    68223,    63955,    32237
39386104,       10, 50739089,    67844,    63289,    31724
40329695,       11, 48547944,    67852,    63293,    32237
41712361,       12, 49573854,    67860,    63297,    32742
42662884,       13, 47654394,    67868,    63300,    33256
42899070,       14, 49823281,    67876,    63305,    33782
44995588,       11, 48550919,    69319,    63942,    32237
45620240,       12, 49598742,    69336,    63959,    32742
44009311,       13, 47653657,    69354,    63976,    33256
45197387,       14, 51313439,    69372,    63995,    33782
37212502,       10, 50749434,    68950,    63619,    31724
37978365,       11, 48557995,    68980,    63649,    32237
40317744,       12, 49578575,    69011,    63677,    32742
40397865,       13, 47645544,    69041,    63705,    33256
42744793,       14, 51309898,    69073,    63735,    33782
43791209,       10, 50751761,    69256,    63872,    31724
44470046,       11, 48551199,    69295,    63915,    32237
43874768,       12, 49598899,    69333,    63958,    32742
43874648,       13, 49092057,    69372,    64002,    33256
44947105,       14, 51313430,    69411,    64048,    33782
44997336,       10, 50767890,    70021,    64276,    31724
45040791,       11, 48567327,    70049,    64285,    32237
43905363,       12, 49589574,    70077,    64295,    32742
36744846,       13, 49125137,    70104,    64304,    33256
39067756,       14, 51318028,    70132,    64313,    33782
39125168,       10, 50767540,    70676,    64282,    31724
40278808,       11, 48576581,    70713,    64293,    32237
41447834,       12, 49603150,    70749,    64302,    32742
42674435,       13, 49110824,    70785,    64311,    33256
44968854,       14, 51340179,    70823,    64320,    33782
43813145,       10, 50793007,    72023,    63733,    31724
46138606,       11, 48573647,    72039,    63739,    32237
36838513,       12, 49621238,    72056,    63745,    32742
37912435,       13, 47691356,    72072,    63752,    33256
37901255,       14, 51346968,    72088,    63758,    33782
41460187,       10, 50785205,    73483,    64136,    31724
41478016,       11, 48605118,    73493,    64143,    32237
43830165,       10, 50798743,    72421,    63020,    31724
37891149,       11, 48598804,    72426,    63025,    32237
39172060,       12, 49625438,    72431,    63030,    32742
39207669,       13, 47686898,    72435,    63036,    33256
41453513,       14, 49873074,    72440,    63041,    33782
43882904,       10, 50794954,    72557,    63533,    31724
36788589,       11, 48601122,    72578,    63541,    32237
39081979,       12, 49618770,    72599,    63550,    32742
40264034,       13, 47703718,    72620,    63558,    33256
41417176,       14, 49892967,    72641,    63566,    33782
41431281,       10, 50797884,    73125,    64171,    31724
40382945,       11, 48608068,    73127,    64217,    32237
41552732,       12, 49613311,    73128,    64261,    32742
43781609,       13, 49147565,    73130,    64305,    33256
42698824,       10, 50797784,    72964,    64241,    31724
43777250,       11, 48608326,    72987,    64245,    32237
45026108,       12, 49613257,    73010,    64250,    32742
45021821,       13, 49142019,    73032,    64254,    33256
46093917,       14, 51371178,    73055,    64259,    33782
46141167,       10, 50797782,    72928,    64011,    31724
46164055,       11, 48605616,    72968,    64020,    32237
37877239,       12, 49608983,    73007,    64029,    32742
37965837,       13, 49142294,    73047,    64038,    33256
39048326,       14, 51359017,    73087,    64046,    33782
40333313,       10, 50798744,    72923,    62931,    31724
41493162,       11, 48606951,    72933,    62950,    32237
42598053,       12, 49615620,    72943,    62968,    32742
43783711,       13, 47698939,    72954,    62987,    33256
44958883,       14, 49894474,    72964,    63005,    33782
36761355,       10, 50789425,    73204,    64631,    31724
36792587,       11, 48604725,    73210,    64637,    32237
39106141,       12, 51046864,    73216,    64642,    32742
39113804,       13, 49148632,    73223,    64648,    33256
39190701,       14, 51363889,    73229,    64653,    33782
40332465,       10, 52034381,    57401,    65400,    31724
41467788,       11, 49821519,    57405,    65450,    32237
41409289,       12, 50883343,    57410,    65499,    32742
41760571,       13, 48953183,    57415,    65549,    33256
43758734,       14, 52609181,    57420,    65599,    33782
43900973,       10, 52020637,    57207,    65743,    31724
44941108,       11, 49823275,    57218,    65755,    32237
46166892,       12, 50873783,    57228,    65767,    32742
46148708,       13, 48945842,    57239,    65779,    33256
46184792,       14, 52605311,    57249,    65791,    33782
39053065,       10, 52023592,    57131,    66096,    31724
40321753,       11, 49825938,    57134,    66105,    32237
40370064,       12, 50845994,    57138,    66115,    32742
41514649,       13, 50393321,    57142,    66124,    33256
41454685,       14, 52619871,    57146,    66134,    33782
43764162,       10, 52047674,    57889,    64885,    31724
44926340,       11, 49828115,    57904,    64892,    32237
45027543,       12, 50865981,    57919,    64899,    32742
37882914,       13, 48990441,    57934,    64906,    33256
37901348,       14, 51169005,    57949,    64914,    33782
37939742,       10, 52041417,    58832,    65274,    31724
37987899,       12, 50882162,    58861,    65328,    32742
40300345,       13, 48978198,    58876,    65355,    33256
40399837,       14, 51212126,    58891,    65382,    33782
41541427,       10, 52045345,    58963,    65052,    31724
42652868,       11, 49841808,    58969,    65097,    32237
42702548,       12, 50880993,    58975,    65141,    32742
36794375,       13, 48974960,    58981,    65187,    33256
37891025,       10, 53482862,    59926,    66951,    31724
37945874,       11, 51265204,    59934,    67007,    32237
39090908,       12, 52314234,    59940,    67062,    32742
39144005,       13, 50449859,    59948,    67117,    33256
37992286,       14, 52642300,    59955,    67173,    33782
40356662,       10, 53496394,    60976,    67110,    31724
42662486,       11, 51273443,    60991,    67165,    32237
43774126,       12, 52316901,    61005,    67219,    32742
43873657,       13, 50436263,    61021,    67273,    33256
43882146,       14, 52650719,    61036,    67329,    33782
43899795,       10, 52064591,    60380,    65355,    31724
44955544,       11, 49864454,    60388,    65382,    32237
45027064,       12, 50904649,    60396,    65409,    32742
46120246,       13, 48999541,    60404,    65436,    33256
36793842,       14, 51205188,    60413,    65463,    33782
37889375,       10, 52124506,    64128,    65163,    31724
39073220,       11, 49887051,    64138,    65183,    32237
39157664,       12, 50947323,    64149,    65203,    32742
40325040,       13, 49048790,    64161,    65223,    33256
40341416,       14, 51244318,    64172,    65243,    33782
40360047,       10, 52096179,    63231,    66204,    31724
40319466,       11, 49895961,    63283,    66234,    32237
42685563,       12, 50928275,    63332,    66263,    32742
45045676,       13, 50478468,    63385,    66293,    33256
37872151,       14, 52695070,    63437,    66324,    33782
39081872,       10, 52106986,    65312,    65287,    31724
39123157,       11, 49906269,    65317,    65332,    32237
39185876,       12, 50963042,    65323,    65375,    32742
39091987,       13, 49049675,    65328,    65420,    33256
40300583,       14, 51281055,    65333,    65466,    33782
40386242,       10, 52111139,    65329,    64965,    31724
42601762,       11, 49909731,    65340,    64974,    32237
42681535,       10, 52113106,    65698,    65104,    31724
43911188,       11, 49906573,    65714,    65144,    32237
44963690,       12, 50971420,    65731,    65183,    32742
43872183,       13, 49049746,    65748,    65223,    33256
44957146,       14, 51264231,    65765,    65264,    33782
44028868,       10, 52113459,    65818,    66143,    31724
36706676,       11, 49910585,    65824,    66147,    32237
36825020,       12, 50969388,    65830,    66150,    32742
37876371,       13, 50488237,    65837,    66153,    33256
37962812,       14, 52700397,    65843,    66156,    33782
38312523,       10, 52126106,    64494,    65616,    31724
39205652,       11, 49924320,    64503,    65624,    32237
39053572,       12, 50949418,    64512,    65631,    32742
39114764,       13, 49054756,    64521,    65639,    33256
42627760,       14, 52683542,    64530,    65647,    33782
43871629,       10, 52134870,    67050,    64957,    31724
43873703,       11, 49932301,    67072,    64981,    32237
44927842,       12, 50961194,    67094,    65005,    32742
44957460,       13, 49065212,    67117,    65031,    33256
44958977,       14, 51303675,    67140,    65056,    33782
46140971,       11, 51351117,    67992,    67016,    32237
45038060,       12, 52404395,    68001,    67062,    32742
45067074,       13, 50541559,    68009,    67108,    33256
37935916,       14, 52725239,    68018,    67156,    33782
37979722,       10, 52170544,    69532,    65786,    31724
39133813,       11, 49967458,    69571,    65794,    32237
40348643,       12, 51004372,    69609,    65801,    32742
41437183,       13, 49101383,    69647,    65809,    33256
41444300,       14, 52755327,    69687,    65816,    33782
41462053,       10, 52151178,    68574,    66489,    31724
42652092,       11, 49961265,    68583,    66521,    32237
45035220,       12, 50975301,    68592,    66552,    32742
36825259,       13, 50535499,    68601,    66585,    33256
37916611,       14, 52771370,    68610,    66617,    33782
39098612,       13, 50531146,    68774,    66247,    33256
39107504,       14, 52766124,    68774,    66254,    33782
39130757,       11, 49957156,    69770,    64936,    32237
40319829,       12, 50999926,    69771,    64938,    32742
40325445,       13, 49104643,    69771,    64940,    33256
40337754,       14, 51307941,    69772,    64942,    33782
40351817,       10, 52158109,    68447,    66280,    31724
41415436,       11, 49961117,    68458,    66289,    32237
42612261,       12, 50975467,    68469,    66297,    32742
43847164,       13, 50547587,    68480,    66306,    33256
43868291,       14, 52743752,    68491,    66314,    33782
43891067,       10, 52199614,    71938,    65979,    31724
43909327,       11, 49980165,    71948,    66022,    32237
43902189,       12, 51031708,    71959,    66066,    32742
44975154,       13, 50576845,    71970,    66109,    33256
45021604,       14, 52790427,    71980,    66152,    33782
46085401,       10, 52186418,    70959,    66160,    31724
45065916,       12, 51012081,    71034,    66179,    32742
36731301,       13, 50567801,    71071,    66187,    33256
37876797,       14, 52775784,    71110,    66196,    33782
37912507,       10, 52201688,    71912,    65003,    31724
39358151,       11, 49974378,    71932,    65018,    32237
39082224,       12, 51034819,    71952,    65033,    32742
41417601,       13, 49136445,    71972,    65048,    33256
42677836,       14, 51345006,    71993,    65062,    33782
42728704,       10, 52175333,    71705,    66486,    31724
43783023,       12, 51019861,    71738,    66568,    32742
43870323,       13, 50558961,    71754,    66610,    33256
37067426,       14, 52792261,    71771,    66652,    33782
36713412,       10, 52180569,    71486,    65696,    31724
36797597,       11, 49987251,    71537,    65725,    32237
37867403,       12, 51025060,    71589,    65753,    32742
39091455,       13, 49123876,    71641,    65782,    33256
39211435,       14, 52784295,    71694,    65811,    33782
39134024,       10, 53601480,    71410,    67177,    31724
41511276,       11, 51385830,    71419,    67227,    32237
42738741,       12, 52447826,    71429,    67275,    32742
42730956,       13, 50565864,    71438,    67324,    33256
42589853,       14, 52788509,    71447,    67374,    33782
43805977,       10, 52202328,    73352,    65075,    31724
44953743,       11, 50005821,    73392,    65084,    32237
46173925,       12, 51042028,    73429,    65093,    32742
46164077,       13, 49148942,    73468,    65102,    33256
36770872,       10, 52206309,    72729,    65988,    31724
37853298,       11, 50002434,    72734,    65994,    32237
37906802,       12, 51031084,    72740,    66000,    32742
37987915,       13, 50590406,    72745,    66006,    33256
39053662,       14, 52797630,    72751,    66012,    33782
39133853,       10, 52195866,    73494,    66356,    31724
39190825,       11, 50002118,    73247,    66224,    32237
40351691,       11, 49818942,    57040,    66715,    32237
42741638,       12, 52270698,    57040,    66722,    32742
43884865,       13, 50395364,    57041,    66729,    33256
44999989,       14, 52614046,    57041,    66736,    33782
45004477,       10, 53485129,    60064,    67490,    31724
36811166,       11, 51255630,    60087,    67513,    32237
37980376,       12, 52307908,    60109,    67534,    32742
37919331,       13, 50454565,    60132,    67556,    33256
37981969,       14, 54118402,    60155,    67579,    33782
39134728,       10, 53456901,    58261,    68432,    31724
40370359,       11, 51257417,    58264,    68441,    32237
41421062,       12, 52292570,    58268,    68449,    32742
40385966,       13, 51850722,    58272,    68457,    33256
41563670,       14, 54090027,    58275,    68466,    33782
42609798,       10, 53466594,    59353,    68636,    31724
41426433,       11, 51253596,    59369,    68657,    32237
41512476,       12, 53739331,    59385,    68677,    32742
45027508,       13, 51855353,    59401,    68698,    33256
43875986,       14, 54097690,    59418,    68720,    33782
36795772,       10, 53486916,    60106,    68500,    31724
39047339,       11, 51258536,    60147,    68535,    32237
39141872,       12, 53730862,    60188,    68569,    32742
38305315,       13, 51873962,    60230,    68603,    33256
40285555,       14, 54113045,    60272,    68639,    33782
39111449,       10, 53492511,    60846,    67827,    31724
41499413,       11, 51268069,    60862,    67860,    32237
41517563,       12, 52324683,    60879,    67893,    32742
42646612,       13, 50443680,    60895,    67926,    33256
42677855,       14, 54128402,    60912,    67960,    33782
42599341,       10, 53488372,    61121,    67613,    31724
42656321,       11, 51283838,    61151,    67629,    32237
43838140,       12, 52322488,    61180,    67644,    32742
43841442,       13, 50453245,    61209,    67661,    33256
46075455,       14, 54128252,    61239,    67677,    33782
44956966,       10, 53498943,    62043,    67826,    31724
44954707,       11, 51269442,    62058,    67834,    32237
46127143,       12, 52345809,    62073,    67841,    32742
36738442,       13, 50468819,    62089,    67848,    33256
37916130,       14, 54143090,    62104,    67855,    33782
39067654,       10, 53501560,    62015,    68361,    31724
39184033,       11, 51272496,    62035,    68379,    32237
39197343,       12, 52343671,    62055,    68397,    32742
40308370,       13, 51883857,    62075,    68414,    33256
40309997,       14, 54138653,    62095,    68433,    33782
40318838,       10, 53496631,    61074,    66892,    31724
40325069,       11, 51287430,    61101,    66899,    32237
39137359,       12, 52326713,    61129,    66906,    32742
41401223,       13, 50450738,    61157,    66913,    33256
41510560,       14, 52661040,    61184,    66920,    33782
42587702,       11, 51276796,    60536,    67333,    32237
41511889,       12, 52317766,    60557,    67373,    32742
43793326,       13, 50438656,    60579,    67413,    33256
43820973,       14, 52650747,    60601,    67455,    33782
43878126,       10, 53496367,    60721,    67063,    31724
44957371,       11, 51273314,    60747,    67101,    32237
44984378,       12, 52317271,    60773,    67138,    32742
45034272,       13, 50436447,    60799,    67175,    33256
45082173,       14, 52650009,    60826,    67213,    33782
36734057,       10, 53495795,    61049,    67217,    31724
36694086,       11, 51279890,    61060,    67229,    32237
36692948,       12, 52316975,    61072,    67241,    32742
36767404,       13, 50435614,    61084,    67254,    33256
37874840,       14, 52650425,    61096,    67267,    33782
37983882,       10, 53508468,    62153,    68522,    31724
37979657,       11, 51279239,    62200,    68534,    32237
39193134,       12, 53757383,    62247,    68544,    32742
39211320,       13, 51887646,    62295,    68555,    33256
40257411,       14, 54123833,    62343,    68567,    33782
40255678,       10, 53490077,    61448,    68655,    31724
40331391,       11, 51282433,    61453,    68691,    32237
41417872,       12, 53748913,    61457,    68726,    32742
41461913,       13, 51877823,    61461,    68760,    33256
41479100,       14, 54138796,    61466,    68797,    33782
41519934,       10, 53492133,    61352,    67759,    31724
42627714,       11, 51283611,    61358,    67793,    32237
42631376,       12, 52332218,    61365,    67825,    32742
41446563,       13, 50448455,    61371,    67859,    33256
42706488,       10, 53499011,    62022,    67803,    31724
42725441,       11, 51269598,    62057,    67823,    32237
43814180,       12, 52345980,    62091,    67841,    32742
43871609,       13, 50468438,    62127,    67860,    33256
44924844,       14, 54143154,    62162,    67879,    33782
44987591,       10, 53493524,    61023,    68095,    31724
43843482,       11, 51285457,    61026,    68111,    32237
43913999,       12, 52323837,    61029,    68126,    32742
45072929,       13, 51860090,    61031,    68142,    33256
36830752,       14, 54131000,    61034,    68158,    33782
36822068,       10, 53516356,    63046,    68176,    31724
39080802,       11, 51307713,    63104,    68204,    32237
39079011,       12, 52334214,    63162,    68231,    32742
37907845,       13, 51896713,    63221,    68259,    33256
37927107,       14, 54158864,    63281,    68287,    33782
40300358,       10, 53515984,    62439,    68382,    31724
40359613,       11, 51292908,    62458,    68406,    32237
40356595,       12, 52343386,    62476,    68430,    32742
41411574,       13, 51883779,    62495,    68454,    33256
41415956,       14, 54146268,    62513,    68480,    33782
41444910,       10, 53540580,    64009,    67207,    31724
42578886,       11, 51299235,    64031,    67242,    32237
42692417,       12, 52364053,    64051,    67275,    32742
42735482,       13, 50481146,    64073,    67309,    33256
43800635,       14, 52676080,    64095,    67344,    33782
43854914,       10, 53515837,    62576,    68482,    31724
43959563,       11, 51299948,    62605,    68496,    32237
44963660,       12, 52343609,    62633,    68510,    32742
44969173,       13, 51883916,    62662,    68524,    33256
45008773,       14, 54145734,    62691,    68539,    33782
45046208,       10, 53512091,    62347,    68765,    31724
45090968,       11, 52671446,    62374,    68787,    32237
39066044,       12, 53761493,    62401,    68810,    32742
39097212,       13, 51887402,    62428,    68833,    33256
39148679,       14, 54127007,    62456,    68857,    33782
38229091,       10, 53550862,    66109,    67240,    31724
41417320,       11, 51318963,    66136,    67279,    32237
41440479,       12, 52387556,    66165,    67317,    32742
41536272,       13, 50523014,    66193,    67354,    33256
42632999,       14, 52698136,    66222,    67394,    33782
42692541,       10, 53523932,    65511,    66912,    31724
42696257,       12, 52387966,    65542,    66969,    32742
41560898,       13, 50482700,    65558,    66998,    33256
43761024,       14, 52713330,    65574,    67027,    33782
43841331,       10, 54955320,    66361,    68917,    31724
45038887,       11, 52723372,    66396,    68950,    32237
46089386,       12, 53790231,    66430,    68982,    32742
44980646,       13, 51936954,    66464,    69014,    33256
44979244,       14, 54178284,    66501,    69047,    33782
45018796,       10, 53521147,    64775,    68397,    31724
36817662,       11, 51325008,    64778,    68403,    32237
36811077,       12, 52362945,    64782,    68409,    32742
37858172,       13, 51918092,    64785,    68415,    33256
37906020,       14, 54185657,    64789,    68421,    33782
37924368,       10, 54936650,    64544,    69135,    31724
37978247,       11, 52709063,    64569,    69194,    32237
37868918,       12, 53775421,    64594,    69252,    32742
39162674,       13, 51915406,    64620,    69312,    33256
40291853,       14, 54181058,    64647,    69373,    33782
40370335,       10, 53519767,    65236,    67795,    31724
40313784,       11, 51311208,    65295,    67804,    32237
41461954,       12, 52391635,    65353,    67813,    32742
40294614,       13, 50491961,    65411,    67822,    33256
40389806,       14, 54190803,    65473,    67831,    33782
42630695,       10, 53540014,    64710,    67166,    31724
42621209,       11, 51323757,    64740,    67212,    32237
41472283,       12, 52361571,    64769,    67257,    32742
42669092,       13, 50499365,    64799,    67302,    33256
41522382,       14, 52717233,    64830,    67349,    33782
42712779,       10, 53544280,    66798,    68014,    31724
43799409,       11, 51350044,    66833,    68037,    32237
43773788,       12, 52376135,    66867,    68060,    32742
44988732,       13, 51935326,    66903,    68084,    33256
37883106,       14, 54201822,    66939,    68108,    33782
37943094,       10, 53551936,    67741,    67615,    31724
39131466,       11, 51333070,    67746,    67624,    32237
40241721,       12, 52411121,    67751,    67632,    32742
40345902,       13, 50512778,    67756,    67641,    33256
41489201,       14, 54197084,    67760,    67650,    33782
41457595,       10, 53549689,    66779,    68513,    31724
41527254,       11, 51344523,    66823,    68545,    32237
42641249,       13, 51944612,    66910,    68611,    33256
41550075,       14, 54206569,    66955,    68646,    33782
43828810,       10, 53548838,    66679,    67395,    31724
44973616,       11, 51341782,    66724,    67427,    32237
44990199,       12, 52374241,    66768,    67459,    32742
36702830,       13, 50522669,    66813,    67491,    33256
36844532,       10, 53563253,    68376,    67673,    31724
39104517,       11, 51366733,    68391,    67689,    32237
36819428,       12, 52398262,    68406,    67706,    32742
39092575,       13, 50538796,    68421,    67722,    33256
40270764,       14, 54211529,    68436,    67738,    33782
40332513,       10, 53563563,    68629,    67764,    31724
42616238,       11, 51354573,    68661,    67783,    32237
41428599,       12, 52398597,    68693,    67802,    32742
42677813,       13, 50534775,    68724,    67821,    33256
43857534,       14, 54236676,    68757,    67841,    33782
44935458,       10, 53576581,    69401,    67965,    31724
43812849,       12, 52435457,    69401,    67974,    32742
45043882,       13, 51954293,    69400,    67979,    33256
41535546,       10, 53565604,    68229,    68341,    31724
39174223,       12, 52405137,    68230,    68380,    32742
46108117,       13, 51960259,    68231,    68399,    33256
40370962,       14, 54203444,    68231,    68419,    33782
39118541,       10, 53567173,    68597,    67034,    31724
37914297,       11, 51358708,    68641,    67063,    32237
40238795,       12, 52407748,    68684,    67090,    32742
42681418,       13, 50527704,    68728,    67119,    33256
39069226,       14, 52763084,    68773,    67147,    33782
36812995,       10, 53606271,    72261,    68245,    31724
46212489,       11, 51397452,    72285,    68279,    32237
45021601,       12, 52452895,    72307,    68312,    32742
