Vector Track Size:     1018

47858528,        0, 47858528,    69492,    59009,    31551
47864700,        1, 45710883,    69499,    59039,    32064
47871731,        2, 46705745,    69505,    59069,    32569
47871856,        0, 47864700,    70388,    60357,    31551
50757731,        1, 45721923,    70461,    60413,    32064
46288232,        2, 46708490,    70533,    60469,    32569
46298260,        3, 46211312,    70607,    60525,    33084
46319382,        4, 48362845,    70683,    60583,    33609
46328352,        0, 47871731,    70113,    59593,    31551
46330644,        1, 45706020,    70148,    59607,    32064
46342576,        2, 46698338,    70181,    59619,    32569
46349057,        3, 44739276,    70215,    59632,    33084
46350351,        4, 48326699,    70251,    59646,    33609
46352993,        0, 47871856,    70423,    59497,    31551
46356312,        1, 45722811,    70432,    59510,    32064
46358553,        2, 46696067,    70440,    59524,    32569
46374957,        3, 44739788,    70448,    59539,    33084
46386574,        4, 46857239,    70458,    59553,    33609
46398313,        0, 50757731,    69215,    62880,    31551
46404010,        1, 48556698,    69256,    62950,    32064
46406251,        2, 49606759,    69297,    63018,    32569
46410707,        3, 47655994,    69338,    63087,    33084
46415968,        4, 49848752,    69380,    63159,    33609
46422417,        0, 46288232,    57747,    57090,    31551
46458549,        1, 44178953,    57759,    57094,    32064
46462822,        2, 45165957,    57770,    57097,    32569
47734637,        3, 43157714,    57782,    57101,    33084
47736704,        4, 45197049,    57794,    57104,    33609
47753557,        0, 46298260,    58534,    57418,    31551
47753773,        1, 44191013,    58540,    57419,    32064
47766581,        2, 45157103,    58545,    57420,    32569
47773557,        3, 43174730,    58550,    57422,    33084
47775189,        4, 45213472,    58557,    57424,    33609
47775290,        0, 46319382,    60229,    58122,    31551
47775390,        1, 44206461,    60276,    58138,    32064
47782705,        2, 45181767,    60322,    58154,    32569
47801457,        3, 44629741,    60369,    58170,    33084
47801470,        4, 46733678,    60418,    58186,    33609
47808214,        0, 46328352,    61312,    57647,    31551
47814157,        1, 44219588,    61316,    57659,    32064
47819726,        2, 45201593,    61319,    57671,    32569
47830483,        3, 43212411,    61323,    57682,    33084
47830707,        4, 46754506,    61327,    57694,    33609
47834602,        0, 46330644,    61023,    58634,    31551
47836726,        1, 44217760,    61050,    58663,    32064
47837632,        2, 46598799,    61076,    58691,    32569
47842642,        3, 44647200,    61101,    58720,    33084
47876482,        4, 46748421,    61128,    58749,    33609
47889596,        0, 46342576,    63570,    58257,    31551
47894280,        1, 44228903,    63575,    58269,    32064
47900492,        2, 45233653,    63579,    58281,    32569
47906067,        3, 44654002,    63583,    58293,    33084
49193203,        4, 46785875,    63588,    58306,    33609
49196891,        0, 46349057,    63305,    58715,    31551
49204325,        1, 44239042,    63411,    58723,    32064
49208980,        2, 46629639,    63515,    58731,    32569
49214703,        3, 44658963,    63622,    58739,    33084
49224228,        4, 46790088,    63731,    58747,    33609
49237661,        0, 46350351,    63018,    57418,    31551
49250711,        1, 44236685,    63024,    57420,    32064
49256661,        2, 45203441,    63030,    57422,    32569
49256755,        3, 43236915,    63036,    57423,    33084
49259180,        4, 45269776,    63042,    57425,    33609
49264426,        0, 46352993,    62767,    58754,    31551
49279100,        1, 45643066,    62812,    58776,    32064
49284463,        2, 46621090,    62856,    58798,    32569
49284772,        3, 44670849,    62901,    58821,    33084
49284976,        4, 46772631,    62948,    58843,    33609
49299567,        0, 46356312,    62466,    58405,    31551
49300095,        1, 44227697,    62475,    58413,    32064
49309159,        2, 45216440,    62484,    58422,    32569
49312824,        3, 44652108,    62492,    58430,    33084
49330224,        4, 46750170,    62502,    58439,    33609
49330392,        0, 46358553,    62454,    57137,    31551
49332781,        1, 44230388,    62466,    57142,    32064
49337853,        2, 45213739,    62476,    57145,    32569
49341510,        3, 43218176,    62488,    57149,    33084
49346114,        4, 45248216,    62500,    57154,    33609
49352565,        0, 46374957,    64583,    58574,    31551
49361212,        1, 44260612,    64587,    58592,    32064
49365972,        2, 46638717,    64592,    58609,    32569
49370862,        3, 44692995,    64596,    58626,    33084
49373129,        4, 46807578,    64601,    58645,    33609
49374105,        0, 46386574,    67386,    57193,    31551
49374623,        1, 44272398,    67416,    57201,    32064
50634858,        2, 45276340,    67446,    57208,    32569
50635587,        3, 43263178,    67476,    57216,    33084
50638748,        0, 46398313,    67372,    58080,    31551
50648595,        1, 44270408,    67402,    58102,    32064
50661722,        2, 45284710,    67430,    58124,    32569
50663666,        3, 44696909,    67460,    58146,    33084
50668514,        4, 46827331,    67490,    58168,    33609
50670052,        0, 46404010,    68903,    57834,    31551
50677522,        2, 45282485,    68906,    57840,    32569
50680742,        3, 43294324,    68907,    57842,    33084
50686611,        4, 46866413,    68908,    57845,    33609
50691341,        0, 46406251,    68452,    58350,    31551
50695039,        1, 44306161,    68457,    58353,    32064
50698249,        2, 45275267,    68463,    58356,    32569
50698979,        3, 44719291,    68468,    58359,    33084
50700029,        4, 46831116,    68474,    58363,    33609
50706229,        0, 46410707,    68829,    58746,    31551
50711021,        1, 45701974,    68837,    58747,    32064
50712343,        2, 46685604,    68843,    58749,    32569
50716554,        3, 44722728,    68849,    58750,    33084
50724339,        4, 46858267,    68854,    58752,    33609
50726688,        0, 46415968,    69119,    58692,    31551
50747040,        1, 44295948,    69151,    58700,    32064
50747406,        2, 46685617,    69182,    58707,    32569
50749434,        1, 44292200,    69216,    56843,    32064
50767540,        2, 45286039,    69218,    56843,    32569
50785205,        3, 43286362,    69221,    56843,    33084
50789425,        4, 45348610,    69223,    56845,    33609
50792174,        0, 46458549,    73419,    58627,    31551
50793007,        1, 44345128,    73431,    58661,    32064
50794954,        2, 46735738,    73442,    58694,    32569
50797782,        3, 44781603,    73453,    58728,    33084
50797784,        4, 46907390,    73464,    58763,    33609
50797884,        0, 46462822,    73084,    57691,    31551
50798752,        1, 44346780,    73086,    57713,    32064
50802581,        2, 45311769,    73088,    57733,    32569
52016121,        3, 43344898,    73090,    57754,    33084
52020637,        4, 46910865,    73092,    57775,    33609
52031734,        0, 47734637,    58394,    59526,    31551
52047674,        1, 45609689,    58405,    59540,    32064
52053266,        2, 46567007,    58415,    59554,    32569
52057494,        4, 48184782,    58437,    59583,    33609
52064591,        0, 47736704,    58305,    58875,    31551
52069855,        1, 45603560,    58306,    58899,    32064
52080351,        2, 46560814,    58307,    58921,    32569
52080692,        3, 44625330,    58308,    58943,    33084
52084521,        4, 46715898,    58309,    58966,    33609
52088849,        0, 47753557,    59942,    60362,    31551
52089535,        1, 45602306,    59949,    60405,    32064
52092988,        2, 46585547,    59955,    60448,    32569
52095349,        3, 46096830,    59962,    60492,    33084
52096179,        4, 48211934,    59969,    60536,    33609
52102879,        0, 47753773,    60156,    60444,    31551
52111139,        1, 45631186,    60168,    60506,    32064
52111718,        2, 48039884,    60181,    60567,    32569
52113106,        3, 46096836,    60194,    60631,    33084
52121655,        4, 48212032,    60207,    60694,    33609
52126106,        0, 47766581,    61209,    59873,    31551
52135715,        1, 45623277,    61234,    59925,    32064
52138130,        3, 44644900,    61285,    60028,    33084
52144212,        4, 48231907,    61313,    60081,    33609
52150217,        0, 47773557,    60792,    59683,    31551
52159837,        1, 45617716,    60794,    59705,    32064
52170544,        2, 46591947,    60795,    59728,    32569
52175333,        4, 48227150,    60798,    59773,    33609
52179023,        0, 47775189,    62041,    60324,    31551
52180569,        1, 45612253,    62056,    60369,    32064
52183088,        2, 46622486,    62071,    60412,    32569
52186418,        3, 46120597,    62086,    60457,    33084
52189577,        4, 48245420,    62101,    60503,    33609
52190248,        0, 47775290,    62284,    60243,    31551
52197146,        1, 45631510,    62288,    60281,    32064
52197218,        2, 46622445,    62293,    60319,    32569
52200695,        3, 46120187,    62298,    60357,    33084
52202328,        4, 48233645,    62303,    60395,    33609
52205132,        0, 47775390,    62102,    60249,    31551
52206309,        1, 45612170,    62143,    60250,    32064
52206441,        2, 46619004,    62182,    60252,    32569
52210285,        3, 46120555,    62222,    60253,    33084
52211882,        4, 48233903,    62262,    60255,    33609
53456901,        0, 47782705,    62001,    59674,    31551
53463799,        1, 45619170,    62002,    59677,    32064
53478188,        2, 46616461,    62003,    59680,    32569
53482862,        3, 44648980,    62005,    59683,    33084
53484857,        4, 48241611,    62006,    59685,    33609
53484943,        0, 47801457,    65143,    60820,    31551
53486400,        1, 47090446,    65151,    60856,    32064
53486916,        2, 48089708,    65159,    60891,    32569
53488372,        3, 46140353,    65167,    60927,    33084
53492511,        4, 48288661,    65175,    60963,    33609
53493988,        0, 47801470,    65006,    60662,    31551
53496367,        1, 45672364,    65028,    60674,    32064
53496394,        2, 48087940,    65050,    60685,    32569
53498943,        3, 46148267,    65073,    60697,    33084
53499011,        4, 48285723,    65096,    60709,    33609
53501560,        0, 47808214,    63941,    60294,    31551
53504244,        1, 45632954,    64004,    60316,    32064
53508468,        2, 46645148,    64067,    60338,    32569
53510487,        3, 46143567,    64131,    60360,    33084
53515984,        4, 48257448,    64197,    60383,    33609
53529487,        0, 47814157,    64722,    60235,    31551
53540588,        1, 45668863,    64765,    60243,    32064
53542822,        2, 46627956,    64807,    60250,    32569
53544280,        4, 48293909,    64894,    60267,    33609
53548609,        0, 47819726,    64449,    59636,    31551
53548838,        1, 45666836,    64478,    59672,    32064
53549689,        2, 46639943,    64505,    59707,    32569
53549852,        3, 44691629,    64533,    59742,    33084
53550449,        4, 48252340,    64562,    59779,    33609
53551936,        0, 47830483,    66118,    60065,    31551
53563563,        2, 46663874,    66200,    60169,    32569
53569391,        3, 46169586,    66240,    60222,    33084
53576581,        4, 48277207,    66281,    60275,    33609
53581272,        0, 47830707,    66239,    60048,    31551
53591618,        1, 45687081,    66254,    60096,    32064
53594214,        2, 46664386,    66269,    60142,    32569
53594723,        3, 46173515,    66284,    60189,    33084
53598065,        4, 48277164,    66300,    60237,    33609
53606271,        0, 47834602,    67383,    60406,    31551
53616758,        1, 45676141,    67394,    60412,    32064
53620194,        2, 46687660,    67404,    60418,    32569
54840316,        3, 46165747,    67414,    60425,    33084
54852833,        4, 48301089,    67425,    60431,    33609
54854570,        0, 47836726,    67393,    59181,    31551
54857344,        1, 45680662,    67401,    59189,    32064
54863536,        2, 46689532,    67408,    59199,    32569
54865233,        3, 44702009,    67416,    59207,    33084
54868474,        4, 46823183,    67423,    59217,    33609
54870947,        0, 47837632,    67334,    60716,    31551
54877010,        1, 47113595,    67335,    60732,    32064
54877391,        2, 48134886,    67336,    60747,    32569
54901446,        3, 46162635,    67337,    60762,    33084
54901664,        4, 48302651,    67338,    60778,    33609
54915970,        0, 47842642,    68906,    60401,    31551
54930035,        1, 45695745,    68925,    60452,    32064
54931462,        2, 46686854,    68945,    60503,    32569
54940416,        3, 46187772,    68964,    60553,    33084
54946927,        4, 48325686,    68983,    60606,    33609
54952390,        0, 47876482,    70827,    59801,    31551
54952868,        1, 45726100,    70831,    59825,    32064
54955320,        2, 46701457,    70835,    59849,    32569
54961298,        3, 44742999,    70839,    59874,    33084
54962026,        4, 48343416,    70842,    59898,    33609
54965156,        0, 47889596,    73297,    59375,    31551
54966430,        1, 45756603,    73342,    59410,    32064
54966457,        2, 46739516,    73385,    59444,    32569
54970016,        3, 44775783,    73430,    59480,    33084
54975913,        4, 46905723,    73475,    59516,    33609
54976043,        0, 47894280,    73279,    59461,    31551
54977628,        1, 45756562,    73364,    59470,    32064
54983696,        2, 46739716,    73448,    59479,    32569
54988448,        0, 47900492,    73046,    60577,    31551
54990940,        2, 46718129,    73110,    60602,    32569
54998685,        3, 46241217,    73142,    60615,    33084
55001177,        4, 48376809,    73174,    60628,    33609
55007916,        0, 47906067,    73127,    59496,    31551
55009037,        1, 45756369,    73158,    59516,    32064
55012628,        2, 46720326,    73188,    59536,    32569
55015524,        3, 44776237,    73219,    59556,    33084
55019521,        4, 46905480,    73250,    59577,    33609
55019792,        0, 49193203,    57390,    61936,    31551
55019796,        1, 47011824,    57397,    61956,    32064
56257833,        3, 46054715,    57411,    61994,    33084
56266880,        4, 49687330,    57418,    62014,    33609
56268351,        0, 49196891,    58208,    61408,    31551
56268850,        1, 47030043,    58210,    61412,    32064
56272309,        2, 48013949,    58212,    61416,    32569
56274135,        3, 46090345,    58214,    61421,    33084
56274946,        4, 48194087,    58216,    61425,    33609
56277839,        0, 49204325,    58002,    61462,    31551
56280838,        1, 47008320,    58021,    61488,    32064
56282735,        2, 48013195,    58040,    61514,    32569
56284281,        3, 46090244,    58060,    61541,    33084
56287614,        4, 49694850,    58079,    61568,    33609
56288034,        0, 49208980,    58908,    62633,    31551
56289384,        1, 47034015,    58916,    62646,    32064
56290146,        2, 49472653,    58925,    62658,    32569
56292626,        3, 47538168,    58934,    62671,    33084
56297278,        4, 49723568,    58942,    62684,    33609
56300942,        0, 49214703,    59824,    62536,    31551
56305724,        1, 47039990,    59833,    62566,    32064
56307519,        2, 49481162,    59841,    62596,    32569
56313317,        3, 47551785,    59849,    62626,    33084
56315771,        4, 49731354,    59857,    62656,    33609
56315808,        0, 49224228,    61765,    60881,    31551
56317927,        1, 47048758,    61796,    60936,    32064
56336685,        2, 48066412,    61825,    60990,    32569
56338400,        3, 46127220,    61855,    61046,    33084
56351827,        4, 48240201,    61886,    61102,    33609
56352599,        0, 49237661,    61698,    62441,    31551
56354336,        1, 47062908,    61708,    62443,    32064
56359460,        2, 48073253,    61718,    62445,    32569
56368190,        3, 47572835,    61728,    62446,    33084
56369084,        4, 49743261,    61738,    62448,    33609
56371643,        0, 49250711,    62548,    61015,    31551
56375761,        2, 48067821,    62567,    61095,    32569
56377554,        3, 46129606,    62578,    61137,    33084
56382244,        4, 48247735,    62588,    61178,    33609
56382503,        0, 49256661,    61929,    61837,    31551
56391246,        1, 47059821,    61946,    61852,    32064
56394304,        2, 48081927,    61962,    61867,    32569
56399588,        3, 46132011,    61979,    61882,    33084
56412044,        4, 49741023,    61997,    61897,    33609
56418176,        0, 49256755,    62264,    61957,    31551
56422533,        1, 47079447,    62312,    61985,    32064
56422732,        2, 48079665,    62359,    62012,    32569
56422735,        3, 46127623,    62407,    62040,    33084
56422812,        4, 49740344,    62456,    62068,    33609
56424110,        0, 49259180,    61881,    62549,    31551
57625597,        1, 47056963,    61883,    62554,    32064
57625861,        2, 49502144,    61886,    62558,    32569
57626021,        3, 47581993,    61887,    62564,    33084
57659827,        4, 49756194,    61890,    62568,    33609
57670314,        0, 49264426,    63079,    62136,    31551
57680223,        1, 47086696,    63100,    62151,    32064
57686054,        2, 48078717,    63119,    62165,    32569
57691377,        3, 47591474,    63139,    62180,    33084
57691488,        4, 49767227,    63160,    62195,    33609
57691549,        0, 49279100,    65048,    61784,    31551
57702499,        1, 47109851,    65050,    61790,    32064
57722096,        2, 48097889,    65052,    61795,    32569
57740644,        3, 46157014,    65054,    61800,    33084
57741134,        4, 49789916,    65055,    61806,    33609
57744657,        0, 49284463,    63981,    62303,    31551
57744726,        1, 47083069,    63996,    62346,    32064
57745671,        2, 48102367,    64010,    62388,    32569
57765673,        3, 47604190,    64025,    62430,    33084
57770542,        4, 49760501,    64040,    62474,    33609
57775006,        0, 49284772,    64024,    62523,    31551
57775959,        1, 47083067,    64028,    62530,    32064
57786632,        2, 48103860,    64032,    62536,    32569
57794716,        3, 47603928,    64035,    62542,    33084
57807523,        4, 49772571,    64038,    62548,    33609
47138079,        0, 49284976,    64066,    62284,    31551
52641116,        1, 47082870,    64070,    62291,    32064
52650849,        2, 48102086,    64073,    62297,    32569
54066089,        3, 47599248,    64077,    62303,    33084
55382077,        4, 49759754,    64081,    62310,    33609
46628282,        0, 49299567,    67776,    61832,    31551
53621618,        1, 47129693,    67820,    61901,    32064
47826526,        2, 48151696,    67865,    61969,    32569
46461102,        3, 47656935,    67911,    62038,    33084
49187303,        4, 49811808,    67957,    62109,    33609
53490240,        1, 47114241,    67508,    60933,    32064
49271842,        2, 48135357,    67531,    60940,    32569
49303024,        3, 46162620,    67555,    60948,    33084
49338955,        4, 48295817,    67578,    60956,    33609
51283688,        0, 49309159,    67682,    61932,    31551
53502557,        1, 47129389,    67696,    61942,    32064
54866668,        2, 48151324,    67711,    61952,    32569
56297294,        4, 49811145,    67738,    61975,    33609
56337436,        0, 49312824,    68420,    61556,    31551
57645305,        1, 47140002,    68425,    61646,    32064
56315994,        2, 48142899,    68429,    61733,    32569
56395199,        3, 46203275,    68433,    61822,    33084
47028705,        4, 49814845,    68437,    61914,    33609
49365850,        0, 49330224,    69180,    62392,    31551
54889718,        1, 47147483,    69206,    62404,    32064
57655761,        2, 48170683,    69233,    62417,    32569
56381514,        3, 47647762,    69260,    62429,    33084
53546645,        4, 49831941,    69287,    62442,    33609
47760286,        0, 49330392,    69532,    62495,    31551
50737304,        1, 47150083,    69614,    62558,    32064
53512412,        2, 49588716,    69693,    62619,    32569
55015007,        3, 47661376,    69774,    62681,    33084
54979371,        4, 49854976,    69857,    62745,    33609
54985646,        0, 49332781,    69325,    62159,    31551
56323120,        1, 47152605,    69338,    62173,    32064
46382457,        2, 48168169,    69351,    62187,    32569
47767868,        3, 47643150,    69364,    62201,    33084
47755069,        4, 49831584,    69377,    62216,    33609
49211885,        0, 49337853,    70034,    60955,    31551
52041401,        1, 47137912,    70088,    60972,    32064
52043829,        2, 48155853,    70141,    60990,    32569
53555222,        3, 46217609,    70196,    61008,    33084
46304789,        4, 48331739,    70251,    61026,    33609
47880071,        0, 49341510,    70763,    61065,    31551
50640388,        1, 47158976,    70766,    61124,    32064
50678020,        2, 48158432,    70769,    61182,    32569
50761456,        3, 46223496,    70773,    61242,    33084
51309047,        4, 48340466,    70776,    61302,    33609
53546429,        0, 49346114,    70419,    62807,    31551
51406511,        1, 48574561,    70462,    62886,    32064
56270994,        2, 49605571,    70504,    62965,    32569
56412890,        3, 47672225,    70548,    63044,    33084
46309220,        4, 49881141,    70593,    63125,    33609
47825069,        0, 49352565,    70751,    62481,    31551
49299498,        1, 47169453,    70773,    62509,    32064
49278150,        2, 48171214,    70795,    62538,    32569
50767037,        3, 47670468,    70816,    62567,    33084
54915623,        4, 49858267,    70840,    62597,    33609
54894766,        0, 49361212,    72130,    61136,    31551
56282999,        1, 47159556,    72150,    61200,    32064
54978435,        2, 48183254,    72171,    61262,    32569
56366162,        3, 46246035,    72191,    61326,    33084
56307656,        4, 48346781,    72212,    61392,    33609
46465062,        0, 49365972,    72823,    61589,    31551
49202708,        1, 47185242,    72859,    61601,    32064
47768526,        2, 48176749,    72893,    61612,    32569
49233550,        3, 46251688,    72929,    61624,    33084
50657769,        4, 48369217,    72966,    61635,    33609
49283542,        0, 49370862,    73278,    61920,    31551
52156921,        1, 47195413,    73288,    61937,    32064
50754565,        2, 48208515,    73297,    61954,    32569
53500108,        3, 47702629,    73307,    61970,    33084
53561810,        4, 49888763,    73317,    61988,    33609
52150989,        0, 49373129,    73308,    62453,    31551
53565141,        2, 48207464,    73421,    62561,    32569
54921034,        3, 47705999,    73477,    62615,    33084
56349611,        0, 49374105,    72681,    62571,    31551
56396468,        1, 47187211,    72718,    62601,    32064
50664289,        2, 49623153,    72755,    62632,    32569
49352586,        3, 47698972,    72792,    62663,    33084
53561434,        4, 49894611,    72830,    62695,    33609
54917941,        0, 49374623,    72456,    62351,    31551
54922274,        1, 47190993,    72522,    62365,    32064
54970707,        2, 48192484,    72588,    62377,    32569
56280010,        3, 47694273,    72653,    62390,    33084
56274842,        4, 49882085,    72721,    62402,    33609
56343545,        0, 50634858,    59820,    64449,    31551
47813504,        1, 48463559,    59858,    64472,    32064
49206002,        2, 49487033,    59895,    64494,    32569
48574545,        3, 49009937,    59933,    64517,    33084
52067634,        4, 51203378,    59971,    64540,    33609
53484831,        0, 50635587,    58585,    64312,    31551
53479231,        1, 48450200,    58610,    64331,    32064
53577113,        2, 49460777,    58634,    64350,    32569
53821067,        3, 48976975,    58658,    64370,    33084
56406232,        4, 51201786,    58683,    64389,    33609
47794531,        0, 50638748,    58837,    64614,    31551
49268896,        1, 48450631,    58846,    64666,    32064
49319787,        2, 50872524,    58856,    64716,    32569
50775636,        3, 48973211,    58865,    64767,    33084
54883877,        4, 51192538,    58874,    64819,    33609
55019250,        0, 50648595,    59674,    63914,    31551
56270538,        2, 49482666,    59702,    63999,    32569
56321727,        3, 47544436,    59716,    64040,    33084
46292381,        4, 51213256,    59730,    64084,    33609
47773445,        0, 50661722,    60207,    64388,    31551
50700596,        1, 48488155,    60214,    64405,    32064
50749211,        2, 49482527,    60219,    64420,    32569
52158109,        3, 49000979,    60225,    64437,    33084
53567173,        4, 51202798,    60231,    64454,    33609
52149887,        0, 50663666,    60543,    63236,    31551
56305567,        1, 48475665,    60583,    63255,    32064
54965780,        2, 49488983,    60622,    63274,    32569
54961779,        3, 47555218,    60663,    63294,    33084
54996726,        4, 49751470,    60704,    63314,    33609
54938727,        0, 50668514,    61528,    63722,    31551
56331180,        2, 49500144,    61538,    63804,    32569
56336266,        3, 47570677,    61542,    63846,    33084
44288488,        4, 51236163,    61546,    63889,    33609
46304263,        0, 50670052,    61304,    64783,    31551
50668578,        1, 49872875,    61350,    64829,    32064
50739838,        2, 50910949,    61397,    64873,    32569
53597530,        3, 49012849,    61443,    64918,    33084
54948125,        4, 51231178,    61491,    64964,    33609
56278161,        0, 50677522,    62286,    64194,    31551
56398507,        1, 48488809,    62299,    64228,    32064
49258228,        2, 49517135,    62311,    64262,    32569
49332401,        3, 49024377,    62323,    64296,    33084
50714992,        4, 51227261,    62335,    64331,    33609
52083176,        0, 50680742,    63271,    63063,    31551
53515470,        1, 48507100,    63303,    63078,    32064
54871190,        2, 49528192,    63335,    63092,    32569
53512237,        3, 47587345,    63368,    63107,    33084
54041071,        4, 49777350,    63401,    63121,    33609
54993535,        0, 50686611,    62221,    63757,    31551
52057138,        2, 49513915,    62275,    63786,    32569
52181950,        3, 47580262,    62303,    63800,    33084
53432181,        4, 51225117,    62330,    63815,    33609
52038902,        0, 50691341,    62583,    64261,    31551
56257641,        1, 48492578,    62594,    64274,    32064
46323319,        2, 49516771,    62605,    64287,    32569
44238995,        3, 49024013,    62615,    64299,    33084
46418687,        4, 51248193,    62626,    64312,    33609
49308236,        0, 50695039,    63062,    64647,    31551
53561580,        1, 48501896,    63103,    64747,    32064
54886198,        2, 50916489,    63144,    64843,    32569
54959599,        3, 49036099,    63186,    64943,    33084
46290897,        4, 51257310,    63229,    65046,    33609
46442943,        0, 50698249,    65249,    63972,    31551
47737109,        1, 48509245,    65276,    63984,    32064
46356391,        2, 49553252,    65304,    63997,    32569
50759069,        3, 47608239,    65331,    64010,    33084
52023592,        4, 51283375,    65360,    64023,    33609
52079394,        0, 50698979,    65420,    63965,    31551
53492475,        1, 48509438,    65445,    63973,    32064
53567433,        2, 49558526,    65469,    63981,    32569
52199614,        3, 47608251,    65494,    63989,    33084
54839531,        4, 51265535,    65519,    63998,    33609
53484046,        0, 50700029,    65352,    63044,    31551
54973772,        1, 48514667,    65367,    63090,    32064
56336611,        2, 49563537,    65381,    63134,    32569
56328308,        3, 47598601,    65396,    63179,    33084
56343098,        4, 49802769,    65411,    63226,    33609
56364171,        0, 50706229,    65522,    63801,    31551
44189863,        1, 48509479,    65554,    63811,    32064
46393456,        2, 49558512,    65585,    63820,    32569
46420086,        3, 47602592,    65618,    63831,    33084
47741187,        4, 51265874,    65652,    63842,    33609
47809402,        0, 50711021,    63993,    63823,    31551
47748650,        1, 48489785,    64040,    63845,    32064
49343010,        2, 49536514,    64087,    63866,    32569
49355261,        3, 47600859,    64133,    63888,    33084
50741986,        4, 51247131,    64183,    63912,    33609
52038641,        0, 50712343,    64919,    63527,    31551
52041417,        1, 48522208,    64955,    63584,    32064
52057074,        3, 47615441,    65028,    63695,    33084
52205972,        4, 51279439,    65066,    63754,    33609
53498260,        0, 50716554,    64722,    62890,    31551
53519767,        1, 48526076,    64748,    62940,    32064
53540014,        2, 49529688,    64773,    62990,    32569
53546715,        3, 47609900,    64800,    63040,    33084
52161766,        4, 49802667,    64826,    63093,    33609
51377707,        0, 50724339,    66885,    64588,    31551
53608917,        1, 48534089,    66897,    64596,    32064
54936650,        2, 50957416,    66909,    64603,    32569
53620181,        3, 49081124,    66921,    64610,    33084
56288030,        4, 51294487,    66934,    64618,    33609
54929159,        0, 50726688,    66855,    63229,    31551
57665002,        1, 48535811,    66861,    63247,    32064
46315677,        2, 49548047,    66868,    63265,    32569
47768291,        3, 47633647,    66875,    63283,    33084
46389739,        4, 49824081,    66882,    63301,    33609
46406210,        0, 50747040,    68752,    63452,    31551
47781544,        1, 48558228,    68755,    63454,    32064
47859691,        2, 49575600,    68757,    63456,    32569
47890863,        3, 47645505,    68761,    63459,    33084
47900740,        4, 49849164,    68765,    63461,    33609
50799775,        0, 50747406,    68341,    63192,    31551
50801704,        1, 48571337,    68353,    63229,    32064
52022355,        2, 49570344,    68365,    63265,    32569
50694969,        3, 47654751,    68377,    63303,    33084
52118189,        4, 49826142,    68389,    63341,    33609
50751761,        0, 50749434,    68950,    63616,    31551
52126621,        1, 48557995,    68980,    63646,    32064
54868227,        2, 49578575,    69010,    63674,    32569
53469723,        3, 47645544,    69041,    63703,    33084
54901485,        4, 51309898,    69073,    63732,    33609
54889583,        0, 50767540,    70676,    64279,    31551
54947800,        1, 48576581,    70713,    64290,    32064
54928773,        2, 49603150,    70749,    64299,    32569
54973728,        3, 49110824,    70786,    64308,    33084
56298841,        4, 51340179,    70823,    64318,    33609
56304819,        0, 50785205,    73484,    64133,    31551
47772682,        1, 48605118,    73494,    64140,    32064
47805818,        0, 50789425,    73205,    64628,    31551
46378852,        1, 48604725,    73211,    64634,    32064
47776516,        2, 51046864,    73217,    64640,    32569
47762381,        3, 49148632,    73224,    64645,    33084
47875252,        4, 51363889,    73231,    64650,    33609
50616547,        0, 50792174,    73222,    63213,    31551
49245451,        1, 48610301,    73230,    63302,    32064
49281493,        2, 49636944,    73238,    63390,    32569
50709504,        3, 47704545,    73246,    63478,    33084
50769779,        4, 49901297,    73254,    63570,    33609
53517569,        0, 50793007,    72023,    63730,    31551
53519688,        1, 48573647,    72040,    63736,    32064
54969005,        2, 49621238,    72056,    63742,    32569
53565608,        3, 47691356,    72073,    63749,    33084
54861467,        4, 51346968,    72089,    63756,    33609
53465875,        0, 50794954,    72558,    63530,    31551
56313032,        1, 48601122,    72579,    63538,    32064
49199951,        2, 49618770,    72599,    63547,    32569
50710471,        3, 47703718,    72621,    63555,    33084
52109384,        4, 49892967,    72642,    63563,    33609
52115982,        0, 50797782,    72929,    64008,    31551
52373758,        1, 48605616,    72969,    64017,    32064
53546817,        2, 49608983,    73008,    64026,    32569
56268338,        3, 49142294,    73048,    64035,    33084
56414256,        4, 51359017,    73088,    64044,    33609
45599901,        0, 50797784,    72964,    64238,    31551
47777131,        1, 48608326,    72987,    64242,    32064
47864262,        2, 49613257,    73010,    64247,    32569
45730714,        3, 49142019,    73033,    64252,    33084
50710619,        4, 51371178,    73056,    64257,    33609
50711504,        0, 50797884,    73126,    64168,    31551
52184686,        1, 48608068,    73127,    64214,    32064
51303636,        2, 49613311,    73129,    64258,    32569
51365257,        3, 49147565,    73131,    64302,    33084
56245646,        0, 50798752,    72988,    63017,    31551
55386644,        1, 48609701,    72990,    63027,    32064
46405836,        2, 49615592,    72992,    63036,    32569
44300637,        3, 47701499,    72994,    63046,    33084
47143999,        0, 50802581,    72879,    63470,    31551
49335778,        1, 48604010,    72929,    63549,    32064
47882010,        2, 49617840,    72978,    63626,    32569
54979748,        3, 47704584,    73027,    63704,    33084
54985464,        4, 51368448,    73077,    63784,    33609
54108522,        1, 49818942,    57035,    66715,    32064
46405691,        2, 52270698,    57035,    66723,    32569
49212370,        3, 50395364,    57036,    66730,    33084
47882473,        4, 52614046,    57036,    66737,    33609
50741770,        0, 52020637,    57202,    65742,    31551
51003368,        1, 49823275,    57212,    65755,    32064
53581110,        2, 50873783,    57223,    65766,    32569
54846116,        3, 48945842,    57234,    65779,    33084
56287818,        4, 52605311,    57244,    65792,    33609
56325898,        0, 52031734,    57413,    66685,    31551
56396735,        1, 49818326,    57416,    66686,    32064
46358550,        2, 52304815,    57418,    66687,    32569
47734768,        0, 52047674,    57885,    64884,    31551
49226778,        1, 49828115,    57900,    64891,    32064
49361080,        2, 50865981,    57915,    64899,    32569
49255065,        3, 48990441,    57930,    64906,    33084
52092047,        4, 51169005,    57945,    64914,    33609
52107317,        0, 52053266,    57909,    66723,    31551
50784568,        1, 49833467,    57929,    66764,    32064
53446606,        2, 52289923,    57949,    66804,    32569
53515718,        3, 50422748,    57969,    66844,    33084
53529226,        4, 52610387,    57990,    66885,    33609
55004893,        0, 52057494,    59337,    65340,    31551
54970600,        1, 49841864,    59372,    65353,    32064
56274907,        2, 50906112,    59406,    65365,    32569
56362475,        3, 48983322,    59441,    65378,    33084
46427236,        4, 51195704,    59477,    65392,    33609
47806162,        0, 52064591,    60376,    65354,    31551
49184890,        1, 49864454,    60384,    65381,    32064
49261935,        2, 50904649,    60392,    65408,    32569
49366065,        3, 48999541,    60401,    65435,    33084
50701447,        4, 51205188,    60410,    65463,    33609
50785823,        1, 49856912,    60158,    65058,    32064
54955386,        3, 49014221,    60176,    65060,    33084
54933556,        4, 51210196,    60186,    65061,    33609
56242361,        0, 52080351,    61205,    65938,    31551
57686117,        1, 49874734,    61225,    65944,    32064
56362265,        2, 50916729,    61244,    65950,    32569
46294099,        3, 49007640,    61264,    65956,    33084
47797741,        4, 52669713,    61284,    65963,    33609
47866995,        0, 52080692,    61129,    65908,    31551
50647880,        1, 49880297,    61147,    65911,    32064
50620062,        2, 50896713,    61165,    65914,    32569
50742023,        3, 49008245,    61182,    65917,    33084
52083232,        4, 52653512,    61200,    65920,    33609
56381059,        1, 49897908,    63321,    66451,    32064
47057337,        2, 50928904,    63322,    66458,    32569
49301093,        3, 50470233,    63323,    66465,    33084
50730061,        4, 52695260,    63324,    66472,    33609
52054100,        0, 52088849,    62232,    65821,    31551
53540585,        1, 49888314,    62259,    65911,    32064
54888074,        2, 50920963,    62286,    65998,    32569
54925705,        3, 50465032,    62313,    66089,    33084
54979545,        4, 52655907,    62340,    66180,    33609
55013623,        0, 52089535,    63555,    65589,    31551
55013052,        1, 49889627,    63569,    65605,    32064
55001990,        2, 50934088,    63582,    65622,    32569
56276091,        3, 49017837,    63596,    65639,    33084
57660902,        4, 52687057,    63609,    65656,    33609
57804043,        0, 52092988,    61890,    66241,    31551
46431352,        1, 49871805,    61920,    66251,    32064
46276593,        2, 50922707,    61948,    66261,    32569
47785751,        3, 50464109,    61979,    66272,    33084
49220794,        4, 52671873,    62009,    66283,    33609
49274980,        0, 52095349,    62770,    64954,    31551
52070987,        1, 49894640,    62875,    64989,    32064
52148991,        2, 50912164,    62979,    65023,    32569
53548367,        3, 49035496,    63085,    65058,    33084
53614564,        4, 51257094,    63192,    65093,    33609
57731700,        0, 52096179,    63228,    66203,    31551
47746734,        1, 49895961,    63279,    66233,    32064
49239339,        2, 50928275,    63329,    66262,    32569
49278399,        3, 50478468,    63382,    66293,    33084
49334992,        4, 52695070,    63435,    66323,    33609
50673511,        0, 52102879,    62998,    65580,    31551
49308142,        1, 49902308,    63071,    65646,    32064
50742199,        2, 50914845,    63142,    65711,    32569
52181446,        3, 49032250,    63220,    65779,    33084
52061787,        4, 52687610,    63300,    65847,    33609
52089804,        0, 52111139,    65326,    64964,    31551
52120237,        1, 49909731,    65338,    64973,    32064
53612031,        0, 52111718,    65274,    66060,    31551
56331233,        1, 49910588,    65276,    66068,    32064
46378102,        2, 50963609,    65278,    66076,    32569
49190418,        3, 50487915,    65279,    66085,    33084
49290115,        4, 52719646,    65281,    66093,    33609
49305826,        0, 52113106,    65696,    65102,    31551
50627729,        1, 49906573,    65712,    65142,    32064
50777578,        2, 50971420,    65729,    65181,    32569
53620058,        3, 49049746,    65746,    65221,    33084
55000864,        4, 51264231,    65763,    65262,    33609
56268544,        0, 52121655,    64525,    66530,    31551
56318276,        1, 49920341,    64534,    66546,    32064
56350512,        2, 52351615,    64544,    66561,    32569
56408810,        3, 50493670,    64554,    66577,    33084
46441409,        4, 52709768,    64563,    66592,    33609
47774586,        0, 52126106,    64492,    65614,    31551
47880592,        1, 49924320,    64501,    65623,    32064
47863977,        2, 50949418,    64509,    65630,    32569
49304708,        3, 49054756,    64519,    65638,    33084
50782331,        4, 52683542,    64528,    65646,    33609
52048146,        0, 52135715,    67063,    66307,    31551
51246162,        1, 49926917,    67093,    66336,    32064
52051310,        2, 50960654,    67123,    66365,    32569
53567585,        3, 50507116,    67154,    66395,    33084
56347274,        4, 52746601,    67185,    66425,    33609
54972621,        1, 49936173,    67674,    64997,    32064
57660919,        2, 50991384,    67675,    65005,    32569
56310928,        4, 51284961,    67677,    65020,    33609
56352014,        0, 52144212,    67827,    66582,    31551
49172143,        1, 49941894,    67899,    66678,    32064
49220202,        2, 52402544,    67971,    66774,    32569
49374299,        3, 50541809,    68044,    66869,    33084
52159535,        4, 52738276,    68118,    66969,    33609
52211835,        1, 49957156,    69769,    64934,    32064
52194463,        2, 50999926,    69770,    64936,    32569
53456297,        3, 49104643,    69771,    64938,    33084
53548740,        4, 51307941,    69772,    64940,    33609
54927144,        0, 52159837,    69407,    65022,    31551
56270320,        1, 49966167,    69491,    65059,    32064
57655686,        2, 51014092,    69574,    65095,    32569
56317117,        3, 49098509,    69659,    65133,    33084
47739380,        4, 51311700,    69746,    65171,    33609
47833293,        0, 52170544,    69531,    65784,    31551
49341525,        1, 49967458,    69570,    65792,    32064
50682628,        2, 51004372,    69608,    65800,    32569
50693688,        3, 49101383,    69647,    65807,    33084
50732460,        4, 52755327,    69686,    65814,    33609
49278272,        0, 52175333,    71705,    66484,    31551
52141448,        2, 51019861,    71737,    66566,    32569
53475089,        3, 50558961,    71754,    66609,    33084
54893064,        4, 52792261,    71771,    66651,    33609
54901770,        0, 52179023,    70566,    65804,    31551
56300375,        1, 49975024,    70601,    65808,    32064
56357938,        2, 51009036,    70637,    65812,    32569
46292318,        3, 49109017,    70671,    65816,    33084
46333521,        4, 52781099,    70708,    65820,    33609
46362265,        0, 52180569,    71485,    65694,    31551
47744014,        1, 49987251,    71537,    65723,    32064
47811838,        2, 51025060,    71589,    65751,    32569
47866547,        3, 49123876,    71641,    65780,    33084
49187798,        4, 52784295,    71694,    65809,    33609
49354615,        0, 52183088,    70119,    66231,    31551
49372247,        1, 49962823,    70152,    66343,    32064
49209219,        2, 50997736,    70183,    66455,    32569
50635855,        3, 50557867,    70215,    66567,    33084
50707659,        4, 52769739,    70247,    66681,    33609
50721794,        0, 52186418,    70958,    66158,    31551
52042891,        2, 51012081,    71034,    66177,    32569
52118146,        3, 50567801,    71071,    66186,    33084
52131503,        4, 52775784,    71110,    66194,    33609
52112077,        0, 52189577,    70842,    65320,    31551
52159887,        1, 49973080,    70859,    65325,    32064
49988185,        2, 51015030,    70876,    65331,    32569
52063696,        3, 49115432,    70892,    65336,    33084
53586783,        4, 51335376,    70910,    65341,    33609
53587807,        0, 52190248,    71334,    65299,    31551
53480838,        1, 49986133,    71343,    65319,    32064
54963744,        2, 51024546,    71352,    65338,    32569
54979680,        3, 49120574,    71361,    65359,    33084
56322816,        4, 51348422,    71370,    65379,    33609
57790752,        0, 52197146,    72264,    65205,    31551
46439185,        1, 49993121,    72330,    65230,    32064
49210249,        2, 51035687,    72395,    65255,    32569
47753253,        3, 49140391,    72461,    65279,    33084
49254478,        4, 51337010,    72527,    65304,    33609
52020688,        0, 52197218,    71954,    65502,    31551
52046464,        1, 49976902,    71959,    65532,    32064
53615291,        2, 51037008,    71964,    65561,    32569
54906358,        3, 49130792,    71970,    65591,    33084
54948635,        4, 51344346,    71976,    65621,    33609
56287441,        0, 52200695,    73266,    66003,    31551
56317852,        1, 50002914,    73298,    66073,    32064
56371282,        2, 51048508,    73331,    66143,    32569
56425121,        3, 50590837,    73363,    66215,    33084
47028144,        4, 52812600,    73396,    66287,    33609
49238406,        0, 52202328,    73353,    65072,    31551
49242062,        1, 50005821,    73392,    65081,    32064
52092676,        2, 51042028,    73430,    65090,    32569
52067518,        3, 49148942,    73469,    65100,    33084
53563652,        0, 52205132,    72728,    65083,    31551
54842431,        1, 49992871,    72731,    65107,    32064
56319692,        2, 51034919,    72735,    65132,    32569
54920584,        3, 49144020,    72738,    65157,    33084
56339644,        4, 51356509,    72742,    65183,    33609
44178916,        0, 52206309,    72729,    65986,    31551
46425397,        1, 50002434,    72734,    65992,    32064
47746197,        2, 51031084,    72740,    65998,    32569
47796270,        3, 50590406,    72746,    66004,    33084
47800035,        4, 52797630,    72752,    66010,    33609
47864055,        1, 50002118,    73247,    66221,    32064
49210495,        0, 52210285,    72683,    65423,    31551
49258325,        1, 50007465,    72721,    65443,    32064
50754380,        2, 51037049,    72758,    65465,    32569
50706973,        3, 49143720,    72795,    65486,    33084
50796731,        4, 51356676,    72834,    65507,    33609
53477991,        0, 52211882,    73073,    65779,    31551
53490930,        1, 50007559,    73086,    65780,    32064
53510616,        2, 51026158,    73096,    65781,    32569
54956157,        3, 49145870,    73109,    65783,    33084
54966243,        4, 52806361,    73121,    65784,    33609
54891540,        0, 53456901,    58255,    68433,    31551
56305507,        1, 51257417,    58259,    68442,    32064
56326470,        2, 52292570,    58263,    68450,    32569
56357858,        3, 51850722,    58267,    68458,    33084
47726874,        4, 54090027,    58271,    68467,    33609
49222914,        0, 53463799,    59343,    67559,    31551
49279522,        1, 51246476,    59374,    67568,    32064
49285311,        2, 52321335,    59404,    67578,    32569
50705636,        3, 50430029,    59434,    67587,    33084
50747373,        4, 54102452,    59465,    67598,    33609
52041340,        0, 53478188,    61812,    68036,    31551
52117689,        1, 51284392,    61816,    68045,    32064
52124835,        2, 52332171,    61820,    68053,    32569
52134870,        3, 51867389,    61824,    68062,    33084
52168221,        4, 54134216,    61828,    68071,    33609
53516356,        0, 53482862,    59922,    66951,    31551
52208739,        1, 51265204,    59929,    67006,    32064
54915253,        2, 52314234,    59936,    67062,    32569
54899462,        3, 50449859,    59944,    67117,    33084
56307130,        4, 52642300,    59951,    67174,    33609
46439806,        1, 51276796,    60532,    67333,    32064
49233793,        2, 52317766,    60553,    67373,    32569
50661728,        3, 50438656,    60575,    67414,    33084
50726973,        4, 52650747,    60598,    67455,    33609
52071080,        0, 53484943,    60358,    67533,    31551
52106986,        1, 51267903,    60364,    67564,    32064
52149764,        2, 52322464,    60371,    67595,    32569
53601480,        3, 50438039,    60379,    67627,    33084
54980685,        4, 54118451,    60385,    67659,    33609
55015658,        0, 53486400,    60262,    68660,    31551
56369423,        1, 51289370,    60265,    68662,    32064
56388072,        2, 53725928,    60269,    68664,    32569
56403151,        3, 51879856,    60273,    68666,    33084
46308136,        4, 54113048,    60277,    68668,    33609
45673797,        0, 53486916,    60101,    68500,    31551
49248155,        1, 51258536,    60143,    68535,    32064
49340773,        2, 53730862,    60184,    68569,    32569
49269123,        3, 51873962,    60226,    68604,    33084
52182694,        4, 54113045,    60268,    68640,    33609
53529399,        0, 53488372,    61117,    67613,    31551
53563253,        1, 51283838,    61146,    67629,    32064
53621273,        2, 52322488,    61176,    67645,    32569
54890591,        3, 50453245,    61205,    67661,    33084
54935705,        4, 54128252,    61235,    67677,    33609
54896595,        0, 53492511,    60841,    67826,    31551
57685361,        1, 51268069,    60858,    67860,    32064
57740959,        2, 52324683,    60875,    67893,    32569
56359461,        3, 50443680,    60891,    67926,    33084
56375934,        4, 54128402,    60909,    67961,    33609
47765234,        0, 53493988,    61504,    68281,    31551
49187549,        1, 51286074,    61534,    68343,    32064
49223618,        2, 52340319,    61565,    68404,    32569
49305446,        3, 51875023,    61595,    68465,    33084
50641126,        4, 54138617,    61626,    68527,    33609
50790934,        0, 53496367,    60716,    67063,    31551
50798744,        1, 51273314,    60743,    67101,    32064
50779824,        2, 52317271,    60769,    67138,    32569
53492133,        3, 50436447,    60795,    67175,    33084
56381469,        4, 52650009,    60823,    67214,    33609
46319037,        0, 53496394,    60972,    67110,    31551
46338099,        1, 51273443,    60987,    67165,    32064
47840407,        2, 52316901,    61001,    67219,    32569
47806157,        3, 50436263,    61017,    67273,    33084
47874401,        4, 52650719,    61032,    67329,    33609
49283783,        0, 53498943,    62039,    67826,    31551
49314297,        1, 51269442,    62054,    67834,    32064
49334179,        2, 52345809,    62070,    67841,    32569
50650392,        3, 50468819,    62085,    67848,    33084
49324349,        4, 54143090,    62101,    67856,    33609
50739089,        0, 53499011,    62018,    67803,    31551
53493524,        1, 51269598,    62053,    67822,    32064
56255337,        2, 52345980,    62087,    67841,    32569
56274978,        3, 50468438,    62123,    67860,    33084
54913739,        4, 54143154,    62159,    67879,    33609
54930830,        0, 53501560,    62011,    68361,    31551
54108343,        1, 51272496,    62031,    68379,    32064
57705913,        2, 52343671,    62051,    68397,    32569
46356328,        3, 51883857,    62071,    68415,    33084
47859812,        4, 54138653,    62092,    68433,    33609
50728061,        0, 53504244,    62272,    67235,    31551
50798743,        1, 51298510,    62317,    67261,    32064
53540580,        2, 52341927,    62363,    67286,    32569
53574127,        3, 50458874,    62410,    67313,    33084
54909944,        4, 52652831,    62457,    67340,    33609
53524271,        0, 53508468,    62149,    68522,    31551
54944075,        1, 51279239,    62196,    68534,    32064
54888802,        2, 53757383,    62243,    68544,    32569
56307364,        3, 51887646,    62291,    68555,    33084
56343691,        4, 54123833,    62339,    68567,    33609
56369277,        0, 53510487,    63061,    67553,    31551
56318207,        1, 51305305,    63098,    67623,    32064
46433505,        2, 52331679,    63134,    67691,    32569
46467223,        3, 50473122,    63172,    67762,    33084
46281532,        4, 54166539,    63210,    67834,    33609
47791512,        0, 53515984,    62435,    68382,    31551
46389912,        1, 51292908,    62454,    68406,    32064
49196243,        2, 52343386,    62473,    68430,    32569
49229260,        3, 51883779,    62491,    68455,    33084
49247297,        4, 54146268,    62510,    68480,    33609
49347086,        0, 53529487,    65783,    68379,    31551
50676973,        1, 51318353,    65793,    68482,    32064
50671006,        2, 53799759,    65802,    68584,    32569
48550919,        3, 51910838,    65811,    68688,    33084
52045345,        4, 54171262,    65821,    68795,    33609
52124506,        0, 53540588,    64360,    67214,    31551
52117844,        1, 51322528,    64365,    67310,    32064
50736942,        2, 52368155,    64370,    67403,    32569
52018759,        3, 50499201,    64375,    67500,    33084
53485129,        4, 54153426,    64380,    67598,    33609
53496631,        0, 53542822,    67204,    67758,    31551
52086102,        1, 51333255,    67221,    67763,    32064
53521147,        2, 52411304,    67237,    67768,    32569
53550862,        3, 50510935,    67253,    67773,    33084
52433014,        4, 54197503,    67269,    67778,    33609
52212056,        0, 53544280,    66795,    68013,    31551
53466594,        1, 51350044,    66830,    68036,    32064
55013085,        2, 52376135,    66865,    68059,    32569
54870595,        3, 51935326,    66901,    68083,    33084
56389650,        4, 54201822,    66938,    68107,    33609
56261408,        0, 53548609,    66586,    67396,    31551
57705399,        1, 51341419,    66651,    67412,    32064
46281567,        2, 52374159,    66716,    67427,    32569
46352736,        3, 50522893,    66781,    67442,    33084
47819312,        4, 52739674,    66848,    67458,    33609
47748540,        0, 53548838,    66677,    67394,    31551
49223495,        1, 51341782,    66721,    67426,    32064
47846883,        2, 52374241,    66766,    67458,    32569
49307243,        3, 50522669,    66811,    67490,    33084
52056638,        0, 53549689,    66776,    68512,    31551
52201688,        1, 51344523,    66821,    68545,    32064
53565604,        3, 51944612,    66908,    68611,    33084
51351117,        4, 54206569,    66953,    68646,    33609
53490608,        0, 53549852,    67244,    68719,    31551
53526466,        1, 52712661,    67322,    68769,    32064
56285798,        2, 53822328,    67400,    68820,    32569
56299486,        3, 51930771,    67478,    68871,    33084
46291765,        4, 54195728,    67560,    68924,    33609
46462837,        0, 53550449,    66273,    67428,    31551
47731964,        1, 51341239,    66277,    67434,    32064
49247207,        2, 52374486,    66282,    67439,    32569
47823290,        3, 50522938,    66286,    67445,    33084
47848143,        4, 52707164,    66291,    67451,    33609
49219281,        0, 53551936,    67739,    67614,    31551
49205199,        1, 51333070,    67744,    67623,    32064
49220277,        2, 52411121,    67749,    67631,    32569
49278118,        3, 50512778,    67754,    67640,    33084
49376768,        4, 54197084,    67759,    67649,    33609
50687432,        0, 53563563,    68627,    67763,    31551
49287150,        1, 51354573,    68659,    67782,    32064
50749144,        2, 52398597,    68691,    67801,    32569
52034565,        3, 50534775,    68723,    67820,    33084
52034381,        4, 54236676,    68756,    67840,    33609
52125248,        0, 53569391,    68716,    67434,    31551
52141383,        1, 51360100,    68736,    67513,    32064
51325517,        2, 52412835,    68754,    67592,    32569
53561621,        3, 50530129,    68772,    67672,    33084
52143772,        4, 54236716,    68791,    67752,    33609
54943753,        0, 53576581,    69399,    67964,    31551
53563364,        2, 52435457,    69399,    67973,    32569
53512091,        3, 51954293,    69399,    67978,    33084
56277123,        0, 53581272,    69463,    67180,    31551
56318347,        1, 51363414,    69475,    67233,    32064
57709171,        2, 52425289,    69488,    67284,    32569
44350084,        3, 50543617,    69500,    67336,    33084
46320304,        4, 52748874,    69514,    67389,    33609
46332197,        0, 53591618,    70505,    67600,    31551
46452957,        1, 51375153,    70584,    67667,    32064
47734757,        2, 52433047,    70661,    67733,    32569
47796579,        3, 50556795,    70741,    67799,    33084
46393294,        4, 54243951,    70822,    67867,    33609
47836620,        0, 53594214,    71328,    67278,    31551
49210120,        1, 51385190,    71332,    67282,    32064
49249041,        2, 52447618,    71337,    67285,    32569
49363933,        3, 50565809,    71341,    67289,    33084
50672611,        4, 52772264,    71346,    67292,    33609
50689120,        0, 53594723,    70670,    67327,    31551
50714564,        1, 51382228,    70674,    67352,    32064
47138247,        2, 52428234,    70678,    67377,    32569
52132649,        3, 50551015,    70683,    67401,    33084
52113459,        4, 52772445,    70687,    67426,    33609
