Vector Track Size:     1512

21446653,        2, 22474644,    56907,    65118,    11356
21446713,        3, 24044656,    56907,    65132,    11872
21446857,        4, 25222440,    56907,    65146,    12387
23344638,        0, 21446713,    56856,    65345,    10285
23352652,        1, 21950083,    56864,    65354,    10815
23357689,        2, 22471759,    56872,    65364,    11356
23358682,        3, 24044858,    56879,    65373,    11872
23358799,        4, 25222511,    56887,    65382,    12387
23358949,        0, 21446857,    57130,    65118,    10285
23360029,        2, 22474689,    57133,    65121,    11356
23361425,        3, 24048847,    57134,    65122,    11872
23361625,        4, 25228972,    57136,    65124,    12387
23362258,        0, 23344638,    62708,    70916,    10285
23362527,        1, 23838691,    62731,    70934,    10815
23364822,        2, 24454846,    62754,    70953,    11356
18987828,        3, 26106846,    62776,    70970,    11872
20840543,        4, 27218724,    62798,    70987,    12387
18964929,        0, 23352652,    64264,    70615,    10285
18967247,        1, 23847353,    64289,    70682,    10815
18969500,        2, 24459443,    64312,    70750,    11356
18973322,        3, 26117696,    64335,    70815,    11872
18973371,        4, 27230717,    64358,    70881,    12387
18973535,        0, 23357689,    64494,    72026,    10285
18975434,        1, 23853040,    64546,    72081,    10815
18975452,        2, 25112843,    64597,    72137,    11356
18975647,        3, 26121991,    64645,    72190,    11872
18975699,        4, 27232746,    64694,    72243,    12387
18978687,        0, 23358682,    64056,    71508,    10285
18979203,        1, 23853380,    64081,    71534,    10815
18979317,        2, 24460323,    64106,    71561,    11356
18982872,        3, 26123866,    64130,    71586,    11872
18982934,        4, 27236856,    64154,    71612,    12387
18985885,        0, 23358799,    64261,    71397,    10285
18986513,        1, 23853283,    64287,    71417,    10815
18988043,        2, 24463118,    64313,    71438,    11356
18988541,        3, 26118541,    64338,    71458,    11872
18988595,        4, 27237007,    64363,    71478,    12387
18988827,        0, 23358949,    64082,    71536,    10285
18991587,        1, 23852402,    64109,    71598,    10815
18996136,        2, 24460405,    64136,    71660,    11356
18996144,        3, 26123926,    64162,    71721,    11872
18996749,        4, 27237300,    64187,    71780,    12387
18997823,        0, 23360029,    67171,    71219,    10285
18998298,        1, 23859701,    67183,    71274,    10815
18999113,        2, 24471766,    67195,    71326,    11356
18999503,        3, 26139683,    67206,    71379,    11872
19003915,        4, 27246785,    67218,    71431,    12387
19003972,        0, 23361425,    66368,    70640,    10285
19004281,        1, 23856005,    66394,    70644,    10815
19008549,        2, 24468636,    66420,    70649,    11356
19011307,        3, 26126490,    66445,    70654,    11872
19011615,        4, 27239564,    66471,    70658,    12387
19012016,        0, 23361625,    66198,    70548,    10285
19020467,        1, 23856327,    66273,    70641,    10815
19020815,        2, 24468739,    66348,    70736,    11356
19022250,        3, 26127248,    66420,    70826,    11872
19024543,        4, 27238256,    66492,    70916,    12387
19026040,        0, 23362258,    67416,    70445,    10285
19027268,        1, 23856908,    67457,    70529,    10815
19031770,        2, 24467094,    67498,    70613,    11356
19033198,        3, 26138404,    67538,    70696,    11872
19033231,        4, 27250006,    67577,    70777,    12387
19033885,        0, 23362527,    66253,    71137,    10285
19035057,        1, 23863255,    66275,    71170,    10815
19035700,        2, 24473392,    66295,    71202,    11356
19036962,        3, 26125590,    66315,    71233,    11872
19037208,        4, 27238272,    66335,    71265,    12387
19038450,        0, 23364822,    67167,    71304,    10285
19039822,        1, 23859332,    67178,    71324,    10815
19040035,        2, 24471524,    67190,    71345,    11356
19043018,        3, 26139622,    67200,    71364,    11872
19043556,        4, 27246572,    67212,    71384,    12387
19046888,        0, 18987828,    61515,    57553,    10285
19580518,        1, 19467140,    61530,    57557,    10815
19584001,        2, 19921591,    61547,    57562,    11356
19584003,        3, 21345968,    61561,    57566,    11872
19584156,        4, 22631381,    61577,    57570,    12387
19584811,        0, 20840543,    58369,    63491,    10285
19584870,        1, 21344688,    58425,    63503,    10815
19585109,        2, 21840757,    58481,    63517,    11356
19585178,        3, 23373488,    58534,    63529,    11872
19585666,        4, 24590609,    58587,    63541,    12387
19586363,        0, 18964929,    56891,    56526,    10285
19586377,        1, 19448289,    56931,    56554,    10815
19588090,        2, 19883327,    56973,    56584,    11356
19588134,        3, 21329875,    57013,    56611,    11872
19588452,        4, 22602534,    57054,    56640,    12387
19589856,        0, 18967247,    57448,    56781,    10285
19589998,        1, 19450746,    57453,    56787,    10815
19591373,        2, 19884601,    57459,    56795,    11356
19592431,        3, 21334563,    57464,    56802,    11872
19594732,        4, 22605180,    57469,    56810,    12387
19595169,        0, 18969500,    57526,    57233,    10285
19595519,        1, 19452817,    57532,    57242,    10815
19595979,        2, 19899218,    57539,    57252,    11356
19599025,        3, 21330959,    57546,    57262,    11872
19599162,        4, 22617546,    57553,    57271,    12387
19599228,        0, 18973322,    58520,    57732,    10285
19600527,        1, 19457050,    58533,    57740,    10815
19600734,        2, 19894514,    58546,    57749,    11356
19601179,        3, 21324460,    58559,    57758,    11872
19602080,        4, 22612008,    58571,    57766,    12387
19602119,        0, 18973371,    59152,    57677,    10285
19604113,        1, 19463071,    59179,    57685,    10815
19604764,        2, 19897077,    59207,    57693,    11356
19604774,        3, 21341881,    59234,    57701,    11872
19607088,        0, 18973535,    58548,    57790,    10285
19607167,        2, 19894460,    58548,    57795,    11356
19607448,        3, 21324485,    58547,    57798,    11872
19609357,        0, 18975434,    58679,    58197,    10285
19609718,        1, 20082563,    58682,    58222,    10815
19610503,        2, 20536888,    58685,    58249,    11356
19610914,        3, 21328604,    58687,    58274,    11872
19611070,        4, 22617028,    58690,    58300,    12387
19611824,        0, 18975452,    58437,    57986,    10285
19614589,        1, 19459336,    58449,    58012,    10815
19614796,        2, 20536970,    58462,    58039,    11356
19615442,        3, 21325279,    58475,    58066,    11872
19616604,        4, 22614778,    58488,    58093,    12387
19617170,        0, 18975647,    58896,    58213,    10285
19617804,        1, 20082590,    58925,    58249,    10815
19620790,        2, 20538559,    58955,    58287,    11356
19622739,        3, 21340499,    58984,    58322,    11872
19623844,        4, 22616905,    59013,    58358,    12387
19623985,        0, 18975699,    58328,    58061,    10285
19624739,        1, 19459475,    58335,    58092,    10815
19627218,        2, 20537143,    58342,    58125,    11356
19628810,        3, 21325505,    58349,    58157,    11872
19633510,        4, 22614541,    58356,    58190,    12387
19634500,        0, 18978687,    59449,    57488,    10285
19635124,        1, 19463248,    59478,    57508,    10815
19637500,        2, 19897048,    59509,    57529,    11356
19638538,        3, 21335815,    59536,    57549,    11872
19640528,        4, 22631009,    59565,    57570,    12387
19640537,        0, 18979203,    59452,    57815,    10285
19640914,        1, 19463184,    59454,    57827,    10815
19642080,        2, 20539904,    59458,    57839,    11356
19642311,        3, 21343483,    59460,    57850,    11872
19643004,        4, 22610539,    59464,    57860,    12387
19645202,        0, 18979317,    59566,    57812,    10285
19646421,        1, 19461405,    59579,    57875,    10815
19646488,        2, 20549740,    59592,    57941,    11356
19647405,        3, 21336716,    59605,    58003,    11872
19650433,        4, 22622808,    59619,    58065,    12387
19654504,        0, 18982872,    60644,    57961,    10285
19655093,        1, 19469684,    60669,    58025,    10815
19655761,        2, 20553248,    60696,    58091,    11356
19655832,        3, 21343071,    60721,    58153,    11872
20201169,        4, 22627732,    60747,    58216,    12387
20204501,        0, 18982934,    60159,    57704,    10285
20204551,        1, 19466740,    60182,    57753,    10815
20205301,        2, 19904613,    60206,    57805,    11356
20209926,        3, 21336754,    60230,    57854,    11872
20210737,        4, 22629507,    60253,    57903,    12387
20211108,        0, 18985885,    60441,    58130,    10285
20214088,        1, 19469829,    60493,    58158,    10815
20216613,        2, 20546993,    60548,    58189,    11356
20216614,        3, 21341426,    60600,    58217,    11872
20218286,        4, 22627810,    60654,    58246,    12387
20218618,        0, 18986513,    61472,    56804,    10285
20219620,        1, 19470556,    61478,    56804,    10815
20219969,        2, 19908076,    61485,    56805,    11356
20221185,        4, 22624672,    61499,    56806,    12387
20221242,        0, 18988043,    61159,    57193,    10285
20221727,        1, 19472062,    61162,    57203,    10815
20222786,        2, 19908634,    61165,    57214,    11356
20223299,        3, 21349750,    61169,    57225,    11872
20224455,        4, 22628400,    61172,    57236,    12387
20224998,        0, 18988541,    60776,    57586,    10285
20227063,        1, 19472958,    60783,    57597,    10815
20227609,        2, 19906996,    60790,    57606,    11356
20228694,        3, 21342402,    60797,    57617,    11872
20229319,        4, 22628388,    60805,    57627,    12387
20229696,        0, 18988595,    60810,    57865,    10285
20230319,        1, 19471567,    60858,    57885,    10815
20230866,        2, 20549837,    60907,    57907,    11356
20231994,        3, 21354588,    60954,    57927,    11872
20232113,        4, 22629143,    61002,    57948,    12387
20232174,        0, 18988827,    61366,    57695,    10285
20233763,        1, 19473162,    61440,    57706,    10815
20233846,        2, 19907055,    61518,    57718,    11356
20234801,        3, 21346181,    61590,    57729,    11872
20234865,        4, 22632918,    61664,    57740,    12387
20237151,        0, 18991587,    63354,    57283,    10285
20238250,        1, 19475628,    63356,    57294,    10815
20238887,        2, 19913545,    63358,    57304,    11356
20239390,        3, 21360790,    63360,    57315,    11872
20241880,        4, 22632226,    63363,    57326,    12387
20241917,        0, 18996136,    63606,    58238,    10285
20242543,        1, 20103196,    63684,    58256,    10815
20243311,        2, 20568977,    63766,    58275,    11356
20243707,        3, 21363397,    63842,    58292,    11872
20244757,        4, 22649010,    63919,    58310,    12387
20244763,        0, 18996144,    63485,    58222,    10285
20245123,        1, 20103208,    63559,    58236,    10815
20247328,        2, 20566937,    63637,    58250,    11356
20248056,        3, 21363259,    63710,    58264,    11872
20248131,        4, 22649085,    63783,    58278,    12387
20249547,        0, 18996749,    63051,    56877,    10285
20249580,        1, 19480656,    63052,    56879,    10815
20251097,        2, 19918966,    63055,    56881,    11356
20251639,        3, 21359074,    63057,    56884,    11872
20252824,        4, 22636119,    63059,    56886,    12387
20253825,        0, 18997823,    63307,    57937,    10285
20255417,        1, 19480302,    63392,    57974,    10815
20258325,        2, 20557828,    63481,    58011,    11356
20259437,        3, 21358315,    63560,    58048,    11872
20260766,        4, 22647062,    63640,    58083,    12387
20261310,        0, 18998298,    62704,    57477,    10285
20263037,        1, 19483044,    62708,    57492,    10815
20263069,        2, 19917956,    62711,    57509,    11356
20266192,        3, 21353226,    62715,    57525,    11872
20267908,        4, 22639246,    62719,    57541,    12387
20269683,        1, 19483408,    63114,    57747,    10815
20271670,        0, 18999503,    62468,    57750,    10285
20273402,        1, 19483369,    62529,    57804,    10815
20274400,        2, 20561188,    62593,    57861,    11356
20275499,        3, 21354102,    62652,    57915,    11872
20278919,        4, 22640409,    62711,    57969,    12387
20279507,        0, 19003915,    65300,    58020,    10285
20281050,        1, 19487898,    65306,    58040,    10815
20281621,        2, 20567236,    65312,    58060,    11356
20281637,        3, 21374961,    65317,    58081,    11872
20282639,        4, 22646006,    65324,    58100,    12387
20284794,        0, 19003972,    65553,    58120,    10285
20284831,        1, 19487961,    65570,    58166,    10815
20286979,        2, 20580220,    65589,    58214,    11356
20286995,        3, 21373741,    65606,    58260,    11872
20831007,        4, 22657638,    65623,    58304,    12387
20831221,        0, 19004281,    65735,    57095,    10285
20831890,        1, 19488455,    65742,    57098,    10815
20833384,        2, 19939925,    65748,    57101,    11356
20833403,        3, 21372834,    65754,    57105,    11872
20833516,        4, 22656259,    65761,    57108,    12387
20833638,        0, 19008549,    64386,    57844,    10285
20834111,        1, 19490942,    64390,    57861,    10815
20836945,        2, 20570967,    64395,    57879,    11356
20837598,        3, 21364978,    64399,    57896,    11872
20838002,        4, 22650598,    64404,    57912,    12387
20840048,        3, 21384866,    67519,    57549,    11872
20841248,        4, 22668548,    67544,    57553,    12387
20841716,        0, 19011615,    67268,    57930,    10285
20841828,        1, 19497723,    67342,    57989,    10815
20843771,        2, 20579551,    67419,    58050,    11356
20844271,        3, 21385761,    67491,    58107,    11872
20844959,        4, 22667495,    67563,    58165,    12387
20845907,        2, 19931377,    67121,    56641,    11356
20849965,        0, 19020467,    68387,    57553,    10285
20853903,        1, 19504642,    68394,    57571,    10815
20854399,        2, 19945285,    68401,    57591,    11356
20855775,        3, 21377071,    68407,    57608,    11872
20856057,        4, 22662980,    68414,    57627,    12387
20856578,        0, 19020815,    68567,    57848,    10285
20857093,        1, 19507013,    68568,    57857,    10815
20859645,        0, 19022250,    69025,    57014,    10285
20859716,        3, 21391796,    69022,    57046,    11872
20860687,        0, 19024543,    68200,    58260,    10285
20862644,        1, 20131031,    68206,    58262,    10815
20864039,        2, 20587822,    68213,    58263,    11356
20864456,        3, 21380616,    68219,    58265,    11872
20864928,        4, 22665619,    68224,    58266,    12387
20866016,        0, 19026040,    69228,    57418,    10285
20869095,        1, 19510279,    69244,    57422,    10815
20869558,        2, 19947459,    69261,    57425,    11356
20869575,        3, 21393997,    69279,    57428,    11872
20870372,        4, 22668816,    69296,    57433,    12387
20870373,        0, 19027268,    69520,    57748,    10285
20871767,        1, 19511149,    69554,    57784,    10815
20871794,        2, 20601633,    69589,    57820,    11356
20872134,        3, 21388805,    69622,    57855,    11872
20872537,        4, 22673844,    69654,    57890,    12387
20874520,        0, 19031770,    70180,    56731,    10285
20874535,        1, 19517046,    70185,    56735,    10815
20876473,        2, 19952032,    70191,    56740,    11356
20877660,        3, 21389256,    70196,    56744,    11872
20878525,        4, 22675040,    70200,    56748,    12387
20878747,        0, 19033198,    70680,    56857,    10285
20880075,        1, 19518984,    70712,    56868,    10815
20880208,        3, 21396544,    70777,    56891,    11872
20880818,        4, 22678187,    70808,    56902,    12387
20881807,        0, 19033231,    70159,    56924,    10285
20882117,        1, 19517127,    70163,    56938,    10815
20882879,        2, 19952042,    70166,    56953,    11356
20885037,        3, 21389597,    70170,    56966,    11872
20886304,        4, 22676425,    70174,    56980,    12387
20886325,        0, 19033885,    70217,    58182,    10285
20887717,        1, 19517903,    70269,    58186,    10815
20888283,        2, 20595723,    70322,    58188,    11356
20888287,        3, 21388634,    70374,    58190,    11872
20889165,        4, 22679065,    70425,    58191,    12387
20889178,        0, 19035057,    71529,    56870,    10285
20890777,        1, 19519235,    71589,    56883,    10815
20891719,        2, 19962238,    71652,    56895,    11356
20892196,        3, 21399848,    71711,    56907,    11872
20895024,        4, 22686585,    71770,    56919,    12387
20895080,        0, 19035700,    70857,    58003,    10285
20902775,        1, 19519722,    70862,    58066,    10815
20903521,        2, 20602243,    70867,    58130,    11356
20904031,        3, 21406289,    70872,    58192,    11872
20904580,        4, 22679204,    70876,    58253,    12387
20907162,        0, 19036962,    70712,    57687,    10285
20908290,        1, 19521330,    70721,    57711,    10815
20908774,        2, 20598772,    70730,    57736,    11356
20908852,        3, 21394635,    70738,    57760,    11872
20908868,        4, 22680850,    70746,    57784,    12387
20909288,        0, 19037208,    71332,    57831,    10285
20911305,        1, 19519598,    71339,    57838,    10815
20911734,        2, 20598785,    71346,    57845,    11356
20914459,        3, 21399037,    71353,    57851,    11872
20914819,        4, 22674469,    71360,    57858,    12387
21451444,        0, 19038450,    69943,    58027,    10285
21452603,        1, 19522876,    69977,    58031,    10815
21453196,        2, 20595977,    70012,    58035,    11356
21456239,        4, 22673506,    70079,    58043,    12387
21461212,        0, 19039822,    72157,    57951,    10285
21461632,        1, 19527291,    72163,    57953,    10815
21462157,        2, 20605687,    72170,    57954,    11356
21462411,        3, 21405416,    72176,    57955,    11872
21463662,        0, 19040035,    72445,    57763,    10285
21464014,        1, 19530923,    72525,    57790,    10815
21465132,        2, 20609843,    72608,    57818,    11356
21466164,        3, 21405433,    72686,    57845,    11872
21466736,        4, 22691099,    72763,    57872,    12387
21468240,        0, 19043018,    72319,    58327,    10285
21468413,        1, 20153525,    72387,    58369,    10815
21470350,        2, 20613872,    72457,    58409,    11356
21470757,        3, 21403710,    72521,    58449,    11872
21471488,        4, 23341494,    72585,    58489,    12387
21471599,        1, 19528373,    72410,    56971,    10815
21471841,        0, 19046888,    72965,    56752,    10285
21472660,        1, 19528006,    72969,    56757,    10815
21473634,        2, 19968747,    72974,    56761,    11356
21474773,        3, 21410398,    72978,    56765,    11872
21475009,        4, 22685912,    72982,    56769,    12387
21476344,        0, 19580518,    57699,    59730,    10285
21478804,        1, 20075926,    57707,    59736,    10815
21479371,        2, 20544066,    57716,    59744,    11356
21479616,        3, 22003873,    57724,    59750,    11872
21480561,        4, 23271452,    57732,    59756,    12387
21481124,        0, 19584001,    59023,    59851,    10285
21481200,        1, 20079432,    59046,    59854,    10815
21481885,        2, 21187755,    59068,    59858,    11356
21481941,        3, 22013789,    59090,    59861,    11872
21484716,        4, 23272149,    59112,    59864,    12387
21485851,        0, 19584003,    58510,    59936,    10285
21486165,        1, 20081251,    58516,    59953,    10815
21486416,        2, 21187807,    58523,    59972,    11356
21487779,        3, 21998102,    58529,    59989,    11872
21487837,        4, 23266003,    58536,    60007,    12387
21488348,        0, 19584156,    58745,    59898,    10285
21488651,        1, 20081386,    58759,    59937,    10815
21489837,        2, 21187748,    58774,    59977,    11356
21490154,        3, 22001567,    58787,    60015,    11872
21490168,        4, 23274216,    58801,    60055,    12387
21490202,        0, 19584811,    58760,    58327,    10285
21491084,        1, 20080455,    58761,    58335,    10815
21491123,        2, 20536517,    58762,    58344,    11356
21496239,        3, 21328674,    58763,    58353,    11872
21497620,        4, 22616926,    58764,    58362,    12387
21498986,        0, 19584870,    58748,    58779,    10285
21499003,        1, 20082230,    58762,    58821,    10815
21499248,        2, 20539547,    58776,    58865,    11356
21500620,        3, 22001743,    58789,    58906,    11872
21501024,        4, 23275162,    58802,    58948,    12387
21502264,        0, 19585109,    58766,    58391,    10285
21502705,        1, 20080910,    58875,    58400,    10815
21502802,        2, 20538630,    58989,    58410,    11356
21503617,        3, 21340766,    59096,    58418,    11872
21503739,        4, 23269821,    59204,    58427,    12387
21504628,        1, 20080761,    58565,    58579,    10815
21507070,        2, 20538502,    58631,    58579,    11356
21507559,        4, 23273506,    58754,    58578,    12387
21508189,        4, 23267253,    58236,    60252,    12387
21512563,        0, 19586363,    59014,    58732,    10285
21512936,        1, 20082187,    59042,    58784,    10815
21513137,        3, 22015003,    59100,    58885,    11872
21514214,        4, 23275230,    59129,    58935,    12387
21514234,        0, 19586377,    58775,    59135,    10285
21515583,        1, 20083044,    58784,    59172,    10815
21516851,        2, 20536289,    58794,    59210,    11356
21517067,        3, 22002019,    58802,    59247,    11872
21519311,        4, 23270363,    58812,    59284,    12387
21520334,        0, 19588090,    57974,    59470,    10285
21520614,        1, 20083746,    58004,    59497,    10815
21522909,        2, 20541715,    58037,    59526,    11356
21522986,        3, 22001066,    58068,    59554,    11872
21523388,        4, 23269329,    58099,    59581,    12387
21524104,        0, 19588134,    58059,    59392,    10285
21524873,        1, 20083782,    58093,    59403,    10815
21526747,        2, 20541558,    58131,    59414,    11356
21526833,        3, 22000106,    58166,    59425,    11872
21528522,        4, 23269144,    58201,    59436,    12387
22066927,        0, 19588452,    59808,    59479,    10285
22068638,        2, 20551460,    59813,    59491,    11356
22070226,        3, 22011714,    59816,    59495,    11872
22073848,        4, 23280829,    59819,    59501,    12387
22075224,        0, 19589856,    59403,    59666,    10285
22076349,        1, 20085765,    59415,    59696,    10815
22076660,        2, 20543602,    59429,    59728,    11356
22077168,        3, 22012519,    59442,    59757,    11872
22079072,        4, 23271728,    59455,    59787,    12387
22079103,        0, 19589998,    59425,    59803,    10285
22079355,        1, 20085269,    59442,    59839,    10815
22079570,        2, 21191351,    59460,    59877,    11356
22080037,        3, 22012250,    59477,    59913,    11872
22080058,        4, 23272119,    59494,    59949,    12387
22080543,        1, 20087169,    59784,    60097,    10815
22081527,        2, 21199314,    59784,    60132,    11356
22084140,        3, 22008008,    59786,    60165,    11872
22084367,        0, 19592431,    59553,    58832,    10285
22085623,        1, 20088142,    59556,    58836,    10815
22086307,        2, 20550245,    59560,    58841,    11356
22086437,        3, 22009067,    59564,    58846,    11872
22088107,        4, 23279092,    59569,    58851,    12387
22088197,        0, 19594732,    60468,    58564,    10285
22088212,        1, 20090629,    60499,    58618,    10815
22088954,        2, 20548567,    60530,    58676,    11356
22089530,        3, 22015442,    60560,    58729,    11872
22089959,        4, 23283922,    60591,    58784,    12387
22092331,        0, 19595169,    61749,    58424,    10285
22093180,        1, 20091141,    61756,    58429,    10815
22095351,        2, 20559014,    61763,    58433,    11356
22095382,        3, 21349353,    61770,    58438,    11872
22095437,        4, 23287633,    61777,    58445,    12387
22096471,        0, 19595519,    60364,    60175,    10285
22097083,        1, 20091633,    60404,    60178,    10815
22098138,        2, 21198887,    60446,    60181,    11356
22101337,        3, 22014448,    60486,    60184,    11872
22106169,        4, 23284631,    60526,    60186,    12387
22107499,        0, 19595979,    61763,    60041,    10285
22107505,        1, 20092058,    61822,    60125,    10815
22108420,        2, 21210131,    61882,    60213,    11356
22109228,        3, 22020263,    61938,    60297,    11872
22109275,        4, 23288634,    61994,    60379,    12387
22109849,        0, 19599025,    61095,    59439,    10285
22110010,        1, 20094887,    61099,    59442,    10815
22110117,        2, 20552034,    61102,    59445,    11356
22110865,        3, 22022787,    61106,    59448,    11872
22111913,        4, 23282312,    61110,    59451,    12387
22112614,        0, 19599162,    61196,    59483,    10285
22113345,        1, 20095668,    61196,    59486,    10815
22114568,        2, 20553793,    61196,    59491,    11356
22114915,        3, 22022718,    61197,    59493,    11872
22116272,        0, 19599228,    61190,    59297,    10285
22116798,        1, 20095149,    61260,    59326,    10815
22117849,        2, 20552182,    61333,    59358,    11356
22118084,        3, 22021160,    61403,    59388,    11872
22119576,        4, 23281367,    61472,    59417,    12387
22119874,        0, 19600527,    60800,    58517,    10285
22120780,        1, 20096474,    60803,    58525,    10815
22124799,        2, 20554702,    60806,    58535,    11356
22125131,        3, 21341348,    60809,    58543,    11872
22125648,        4, 23283677,    60812,    58552,    12387
22126403,        0, 19600734,    61347,    58486,    10285
22127404,        1, 20096778,    61382,    58492,    10815
22127416,        2, 20554551,    61417,    58500,    11356
22128721,        3, 21349406,    61451,    58508,    11872
22128723,        4, 23278104,    61484,    58514,    12387
22129883,        0, 19601179,    61500,    60205,    10285
22132232,        1, 20721783,    61514,    60215,    10815
22133094,        2, 21199751,    61528,    60224,    11356
22133493,        3, 22018167,    61542,    60233,    11872
22134098,        4, 23288601,    61557,    60243,    12387
22134143,        0, 19602080,    61394,    59104,    10285
22136647,        1, 20095010,    61431,    59146,    10815
22137120,        2, 20552198,    61469,    59191,    11356
22137563,        3, 22021076,    61506,    59232,    11872
22137578,        4, 23289537,    61543,    59274,    12387
22138301,        0, 19602119,    61291,    58876,    10285
22139106,        1, 20097895,    61322,    58905,    10815
22139599,        2, 20550774,    61356,    58935,    11356
22139853,        3, 22019618,    61387,    58964,    11872
22140519,        4, 23280284,    61419,    58994,    12387
22141401,        0, 19604113,    62157,    58656,    10285
22141500,        1, 20100271,    62159,    58694,    10815
22146834,        2, 20559327,    62161,    58734,    11356
22147377,        3, 22026056,    62162,    58771,    11872
22147494,        0, 19604764,    63832,    58502,    10285
22148084,        1, 20100897,    63883,    58507,    10815
22149453,        2, 20568919,    63935,    58512,    11356
22149682,        3, 21363327,    63984,    58517,    11872
22149696,        4, 23304385,    64034,    58522,    12387
22693625,        0, 19604774,    63322,    58600,    10285
22695072,        1, 20102836,    63330,    58682,    10815
22696034,        2, 20561013,    63337,    58768,    11356
22696176,        3, 22030602,    63345,    58850,    11872
22698462,        4, 23290270,    63352,    58932,    12387
22700730,        0, 19607088,    63349,    58338,    10285
22702241,        1, 20100941,    63440,    58441,    10815
22702294,        2, 20559919,    63535,    58547,    11356
22704359,        3, 22037073,    63625,    58649,    11872
22705633,        4, 23301363,    63715,    58751,    12387
22705651,        0, 19607167,    62033,    59439,    10285
22705699,        1, 20103276,    62046,    59476,    10815
22706507,        2, 20555809,    62060,    59516,    11356
22706845,        3, 22023389,    62073,    59553,    11872
22706848,        4, 23292461,    62087,    59590,    12387
22707931,        0, 19607448,    62236,    59277,    10285
22707944,        1, 20103551,    62265,    59314,    10815
22707985,        2, 20555860,    62295,    59351,    11356
22708326,        3, 22027793,    62324,    59388,    11872
22708520,        4, 23292586,    62354,    59425,    12387
22708543,        0, 19609357,    62748,    59642,    10285
22708602,        1, 20105812,    62759,    59644,    10815
22710029,        2, 20564161,    62770,    59647,    11356
22710620,        3, 22023105,    62780,    59649,    11872
22711707,        4, 23292291,    62789,    59652,    12387
22712129,        0, 19609718,    62891,    59939,    10285
22712439,        1, 20106961,    62934,    59945,    10815
22714293,        2, 21212958,    62979,    59952,    11356
22714338,        3, 22029358,    63022,    59958,    11872
22714949,        4, 23286667,    63065,    59964,    12387
22714985,        0, 19610503,    62824,    58418,    10285
22715933,        1, 20106187,    62861,    58443,    10815
22716793,        2, 20564991,    62899,    58470,    11356
22719151,        3, 21366529,    62936,    58496,    11872
22720807,        4, 23288122,    62972,    58521,    12387
22721968,        0, 19610914,    62540,    60151,    10285
22722143,        2, 21210787,    62541,    60168,    11356
22723191,        3, 22024551,    62542,    60177,    11872
22723367,        4, 23294640,    62543,    60185,    12387
22725621,        0, 19611070,    63226,    60150,    10285
22730456,        1, 20106928,    63226,    60153,    10815
22731200,        2, 21210995,    63227,    60156,    11356
22731205,        4, 23288915,    63228,    60162,    12387
22731961,        0, 19611824,    62737,    59194,    10285
22733086,        1, 20104787,    62748,    59225,    10815
22734421,        2, 20562640,    62759,    59257,    11356
22734939,        3, 22027705,    62769,    59288,    11872
22735205,        4, 23292093,    62780,    59319,    12387
22735775,        0, 19614589,    65045,    58875,    10285
22735806,        1, 20110651,    65052,    58879,    10815
22738415,        2, 20570654,    65060,    58885,    11356
22739209,        3, 22040876,    65068,    58890,    11872
22739611,        4, 23298621,    65075,    58896,    12387
22740716,        0, 19614796,    65222,    58811,    10285
22742942,        1, 20110712,    65276,    58825,    10815
22744581,        2, 20570540,    65331,    58839,    11356
22744590,        3, 22040930,    65384,    58852,    11872
22744606,        4, 23300953,    65436,    58865,    12387
22746232,        0, 19615442,    65080,    59284,    10285
22746796,        1, 20111458,    65107,    59294,    10815
22750239,        2, 20566189,    65135,    59304,    11356
22750634,        3, 22042869,    65162,    59315,    11872
22750739,        4, 23299601,    65189,    59325,    12387
22751330,        0, 19616604,    65747,    58842,    10285
22752662,        1, 20112683,    65798,    58914,    10815
22752948,        2, 20581456,    65851,    58987,    11356
22753004,        3, 22047187,    65901,    59058,    11872
22753537,        4, 23316161,    65952,    59126,    12387
22756972,        0, 19617170,    64026,    60208,    10285
22759389,        1, 20745422,    64049,    60219,    10815
22760009,        2, 21221907,    64074,    60230,    11356
22760402,        3, 22036135,    64097,    60240,    11872
22761017,        4, 23305376,    64120,    60250,    12387
22761678,        0, 19617804,    64294,    58277,    10285
22761998,        1, 20113719,    64317,    58279,    10815
22762220,        2, 20574573,    64340,    58280,    11356
22762272,        3, 21363252,    64363,    58281,    11872
22762922,        4, 22648993,    64385,    58283,    12387
22763668,        0, 19620790,    64219,    60110,    10285
22764611,        1, 20116918,    64265,    60122,    10815
22765277,        2, 21221855,    64315,    60135,    11356
22765443,        3, 22035976,    64360,    60147,    11872
22765526,        4, 23305519,    64405,    60159,    12387
22767793,        2, 20577629,    67052,    58672,    11356
22769676,        0, 19623844,    67277,    60062,    10285
22770043,        1, 20120009,    67278,    60079,    10815
22770940,        2, 21230266,    67279,    60095,    11356
22772541,        3, 22056669,    67280,    60111,    11872
22772567,        4, 23313053,    67281,    60127,    12387
22773086,        0, 19623985,    66950,    60169,    10285
23311803,        1, 20120096,    66961,    60174,    10815
23314652,        2, 21230102,    66971,    60180,    11356
23317272,        3, 22054286,    66981,    60185,    11872
23317515,        0, 19624739,    67113,    58840,    10285
23317518,        1, 20120463,    67119,    58849,    10815
23318093,        2, 20578818,    67125,    58857,    11356
23319393,        3, 22057375,    67131,    58865,    11872
23322259,        4, 23315328,    67137,    58874,    12387
23323954,        0, 19627218,    66381,    59800,    10285
23324703,        1, 20123534,    66389,    59820,    10815
23326250,        2, 21233743,    66397,    59841,    11356
23326556,        3, 22040260,    66405,    59860,    11872
23326578,        4, 23306982,    66413,    59880,    12387
23327081,        0, 19628810,    67814,    58421,    10285
23327921,        1, 20124790,    67844,    58429,    10815
23327990,        2, 20593991,    67875,    58437,    11356
23328428,        3, 21380464,    67905,    58445,    11872
23328484,        4, 23317757,    67934,    58452,    12387
23328847,        0, 19633510,    68560,    58996,    10285
23330223,        1, 20129817,    68579,    59050,    10815
23330429,        2, 20585641,    68600,    59106,    11356
23332245,        3, 22052004,    68619,    59159,    11872
23333213,        4, 23319387,    68639,    59212,    12387
23334227,        0, 19634500,    68555,    59597,    10285
23334249,        1, 20127698,    68599,    59673,    10815
23334279,        2, 20587172,    68645,    59750,    11356
23334811,        3, 22053373,    68688,    59824,    11872
23335025,        4, 23323031,    68731,    59897,    12387
23335059,        0, 19635124,    68060,    59373,    10285
23335559,        1, 20131328,    68073,    59375,    10815
23336851,        2, 20590699,    68087,    59377,    11356
23337484,        3, 22051984,    68100,    59379,    11872
23340085,        4, 23320188,    68113,    59380,    12387
23340272,        0, 19637500,    68112,    58547,    10285
23341654,        1, 20133776,    68138,    58591,    10815
23341676,        2, 20589412,    68165,    58637,    11356
23342246,        3, 22050524,    68191,    58680,    11872
23342716,        4, 23317792,    68217,    58724,    12387
23342734,        0, 19638538,    69807,    60125,    10285
23343888,        1, 20135028,    69818,    60134,    10815
23348067,        2, 21250544,    69830,    60142,    11356
23348097,        3, 22059743,    69842,    60151,    11872
23349034,        4, 23328850,    69854,    60159,    12387
23349221,        0, 19640528,    70041,    59888,    10285
23353620,        2, 21250042,    70041,    59946,    11356
23365819,        3, 22060176,    70042,    59974,    11872
23365849,        4, 23326786,    70042,    60001,    12387
23366104,        0, 19640537,    70223,    59982,    10285
23366311,        1, 20138734,    70228,    59994,    10815
23366488,        2, 21250022,    70233,    60007,    11356
23366786,        3, 22060133,    70238,    60019,    11872
23366843,        4, 23326586,    70243,    60030,    12387
23366920,        0, 19640914,    71717,    59871,    10285
23366962,        1, 20139222,    71734,    59883,    10815
23367278,        2, 21260125,    71750,    59894,    11356
23367890,        3, 22069638,    71765,    59902,    11872
23369307,        4, 23336101,    71781,    59910,    12387
23369866,        0, 19642080,    71646,    58572,    10285
23370301,        1, 20138521,    71655,    58576,    10815
23371400,        2, 20607710,    71663,    58580,    11356
23371508,        3, 22072696,    71669,    58586,    11872
23371687,        4, 23337239,    71676,    58589,    12387
23374499,        0, 19642311,    71716,    58726,    10285
23375071,        1, 20140713,    71760,    58815,    10815
23375601,        2, 20609295,    71804,    58905,    11356
23375610,        3, 22070902,    71846,    58991,    11872
23376295,        4, 23339299,    71888,    59077,    12387
23377124,        0, 19643004,    71692,    60096,    10285
23377347,        1, 20139227,    71723,    60108,    10815
23379205,        2, 21259989,    71755,    60120,    11356
23380692,        3, 22069486,    71787,    60131,    11872
23380778,        4, 23338321,    71817,    60142,    12387
23381431,        0, 19645202,    71799,    59471,    10285
23381981,        1, 20137211,    71811,    59492,    10815
23382876,        2, 20606846,    71824,    59513,    11356
23383541,        3, 22073205,    71836,    59534,    11872
23383547,        4, 23340588,    71848,    59554,    12387
23383557,        0, 19646421,    71240,    59909,    10285
23384470,        1, 20142955,    71247,    59911,    10815
23389934,        2, 21251265,    71254,    59913,    11356
23391029,        3, 22069834,    71261,    59914,    11872
23391224,        4, 23327295,    71268,    59916,    12387
23392424,        0, 19646488,    70767,    59969,    10285
23394605,        1, 20144536,    70777,    59986,    10815
23395119,        2, 21251087,    70788,    60003,    11356
23395943,        3, 22065953,    70798,    60019,    11872
23925120,        4, 23332787,    70808,    60035,    12387
23928190,        0, 19647405,    70980,    58524,    10285
23928199,        1, 20144167,    70985,    58562,    10815
23928423,        2, 20603625,    70991,    58601,    11356
23929406,        3, 22076514,    70997,    58639,    11872
23934802,        4, 23333883,    71003,    58676,    12387
23936851,        0, 19650433,    72023,    58758,    10285
23937049,        1, 20148866,    72050,    58776,    10815
23937907,        2, 20608939,    72077,    58793,    11356
23938471,        3, 22077187,    72102,    58810,    11872
23939915,        4, 23343867,    72128,    58826,    12387
23940448,        0, 19654504,    72668,    59300,    10285
23940836,        1, 20151201,    72706,    59359,    10815
23941152,        2, 20612616,    72746,    59418,    11356
23942546,        3, 22074315,    72784,    59474,    11872
23942641,        4, 23341623,    72821,    59530,    12387
23943503,        0, 19655093,    73021,    59282,    10285
23943856,        1, 20151718,    73029,    59319,    10815
23945144,        2, 20611268,    73035,    59358,    11356
23946488,        3, 22083179,    73041,    59398,    11872
23946736,        4, 23340855,    73045,    59437,    12387
23947361,        0, 19655761,    72520,    59818,    10285
23947849,        1, 20152606,    72527,    59849,    10815
23947858,        2, 21262474,    72534,    59880,    11356
23948145,        3, 22075941,    72541,    59911,    11872
23948942,        4, 23342816,    72547,    59941,    12387
23949098,        0, 19655832,    73249,    59879,    10285
23950643,        1, 20146583,    73254,    59882,    10815
23952345,        2, 21260460,    73260,    59885,    11356
23953639,        0, 20201169,    56709,    60731,    10285
23956077,        1, 20700594,    56709,    60749,    10815
23956949,        2, 21175828,    56710,    60769,    11356
23957617,        3, 22672436,    56711,    60788,    11872
23958340,        4, 23920947,    56712,    60807,    12387
23958374,        0, 20204501,    57238,    62207,    10285
23958646,        1, 21335940,    57255,    62221,    10815
23958658,        3, 22690436,    57290,    62251,    11872
23959480,        4, 23928676,    57307,    62264,    12387
23959504,        1, 21335734,    56950,    62222,    10815
23962394,        2, 21830770,    56951,    62236,    11356
23962993,        3, 22690024,    56951,    62250,    11872
23965652,        4, 23925046,    56951,    62264,    12387
23968428,        0, 20205301,    57189,    61620,    10285
23970078,        1, 20705809,    57196,    61634,    10815
23973022,        2, 21181397,    57205,    61650,    11356
23974268,        3, 22692289,    57213,    61665,    11872
23974596,        4, 23928890,    57220,    61679,    12387
23976342,        0, 20209926,    58958,    60937,    10285
23976512,        1, 20710364,    58996,    60937,    10815
23976553,        3, 22695436,    59072,    60938,    11872
23977812,        4, 23932915,    59108,    60939,    12387
23980825,        0, 20210737,    58815,    60265,    10285
23981011,        1, 20711588,    58836,    60333,    10815
23981944,        2, 21187326,    58858,    60403,    11356
23982016,        3, 22016366,    58879,    60470,    11872
23983393,        4, 23933099,    58899,    60537,    12387
23983566,        0, 20211108,    58330,    60755,    10285
23983987,        1, 20710561,    58346,    60767,    10815
23984306,        2, 21187018,    58364,    60780,    11356
23984614,        3, 22682697,    58381,    60793,    11872
23984760,        4, 23931745,    58398,    60805,    12387
23985312,        0, 20214088,    59541,    60279,    10285
23985387,        1, 20714930,    59571,    60323,    10815
23985388,        2, 21199273,    59602,    60369,    11356
23987655,        3, 22009965,    59632,    60413,    11872
23987681,        4, 23942236,    59662,    60457,    12387
23989174,        0, 20216613,    58234,    61886,    10285
23989673,        1, 20717459,    58233,    61887,    10815
23990260,        3, 22687712,    58232,    61890,    11872
23990598,        0, 20216614,    58289,    61901,    10285
23991257,        1, 20717062,    58290,    61930,    10815
23991711,        2, 21840009,    58292,    61960,    11356
23994412,        3, 22687873,    58293,    61987,    11872
23994755,        4, 23937036,    58293,    62014,    12387
23994971,        0, 20218286,    59441,    61306,    10285
23995877,        1, 20719404,    59450,    61335,    10815
23995991,        2, 21195150,    59460,    61365,    11356
23998887,        3, 22696384,    59469,    61394,    11872
23999535,        4, 23939909,    59478,    61423,    12387
24000820,        0, 20218618,    59268,    61391,    10285
24001138,        1, 20719279,    59295,    61393,    10815
24002946,        3, 22696368,    59349,    61396,    11872
24002965,        4, 23939920,    59375,    61398,    12387
24004321,        0, 20219620,    60385,    60867,    10285
24004981,        1, 20720260,    60388,    60871,    10815
24005875,        2, 21203439,    60390,    60876,    11356
19455656,        3, 22695882,    60392,    60879,    11872
20114329,        4, 23943897,    60395,    60883,    12387
20757841,        0, 20219969,    60362,    61227,    10285
20770267,        1, 20726237,    60395,    61321,    10815
21335127,        2, 21204379,    60428,    61418,    11356
21378971,        3, 22697353,    60461,    61510,    11872
22626868,        4, 23950549,    60492,    61602,    12387
23202374,        2, 21197509,    60609,    60594,    11356
24441295,        3, 22697707,    60611,    60595,    11872
21846946,        0, 20221242,    60375,    60727,    10285
22728367,        1, 20720746,    60417,    60759,    10815
23359971,        2, 21197750,    60461,    60791,    11356
19016447,        3, 22695960,    60503,    60820,    11872
19636789,        4, 23944058,    60546,    60850,    12387
21493122,        0, 20221727,    61521,    60740,    10285
19647656,        1, 20722980,    61532,    60744,    10815
20204341,        2, 21201233,    61542,    60749,    11356
20892717,        3, 22705266,    61551,    60753,    11872
21516945,        4, 23953106,    61561,    60757,    12387
21451534,        1, 20724124,    60857,    61020,    10815
21481991,        2, 21206583,    60856,    61025,    11356
21482848,        0, 20223299,    61009,    60903,    10285
21490253,        1, 20724417,    61076,    61013,    10815
21495542,        2, 21206866,    61145,    61127,    11356
21498940,        3, 22704148,    61211,    61234,    11872
21504671,        4, 23941967,    61276,    61342,    12387
21508053,        0, 20224455,    61627,    62150,    10285
21520328,        1, 20725497,    61638,    62167,    10815
22088243,        2, 21861928,    61650,    62185,    11356
22773552,        3, 22710865,    61661,    62202,    11872
22706270,        4, 23956358,    61673,    62218,    12387
22738878,        0, 20224998,    60157,    61568,    10285
23370541,        1, 20725850,    60166,    61579,    10815
23962839,        2, 21204226,    60174,    61590,    11356
23365063,        3, 22698988,    60183,    61600,    11872
24005316,        4, 23946763,    60190,    61611,    12387
18965629,        2, 21855813,    61446,    62075,    11356
20233044,        3, 22711233,    61446,    62115,    11872
20873854,        4, 23948598,    61447,    62156,    12387
20836188,        0, 20227609,    60799,    62056,    10285
21464146,        1, 20728922,    60836,    62147,    10815
23329182,        2, 21857777,    60874,    62241,    11356
23341027,        3, 22711743,    60911,    62332,    11872
23396219,        4, 24607689,    60948,    62421,    12387
22722193,        0, 20228694,    61210,    61228,    10285
21956477,        1, 20729322,    61226,    61241,    10815
21963309,        2, 21206589,    61243,    61257,    11356
22093279,        3, 22703934,    61259,    61270,    11872
23965273,        4, 23941910,    61275,    61284,    12387
23993969,        0, 20229319,    59913,    62182,    10285
20264641,        1, 21354657,    59946,    62208,    10815
20845882,        2, 21850999,    59980,    62235,    11356
21492859,        3, 22699786,    60012,    62262,    11872
23394979,        4, 23946088,    60045,    62287,    12387
23981973,        0, 20229696,    62408,    61157,    10285
19627970,        3, 22707852,    62463,    61156,    11872
20881851,        4, 23955544,    62481,    61156,    12387
22107387,        0, 20230319,    63360,    61139,    10285
19630393,        1, 20731304,    63394,    61195,    10815
20219156,        2, 21216108,    63430,    61255,    11356
19644285,        3, 22715134,    63464,    61310,    11872
21463252,        4, 23952064,    63498,    61366,    12387
20847826,        1, 20731703,    61906,    60278,    10815
19010405,        2, 21209739,    61907,    60292,    11356
19645204,        3, 22018168,    61909,    60304,    11872
22119296,        4, 23288504,    61914,    60311,    12387
22734398,        0, 20231994,    63811,    60791,    10285
19589875,        1, 20731021,    63835,    60814,    10815
21472712,        2, 21224361,    63859,    60839,    11356
21512390,        3, 22718024,    63883,    60862,    11872
22091201,        4, 23964518,    63906,    60885,    12387
22629453,        0, 20232113,    63369,    60524,    10285
22712393,        1, 20733072,    63382,    60565,    10815
22727540,        2, 21208929,    63397,    60608,    11356
22740578,        3, 22716134,    63410,    60649,    11872
22761795,        4, 23953744,    63424,    60689,    12387
23327838,        0, 20232174,    63615,    60747,    10285
23925202,        1, 20731317,    63642,    60799,    10815
18975897,        2, 21224334,    63669,    60853,    11356
19004595,        3, 22717993,    63695,    60904,    11872
19580505,        4, 23963467,    63723,    60955,    12387
19614217,        0, 20233763,    62507,    60962,    10285
20217242,        1, 20734562,    62518,    60971,    10815
20235360,        2, 21217817,    62530,    60982,    11356
20873225,        3, 22706110,    62542,    60991,    11872
21485864,        4, 23955341,    62553,    61000,    12387
21514655,        0, 20233846,    62770,    61074,    10285
21516287,        1, 20734820,    62785,    61095,    10815
21514211,        2, 21217522,    62802,    61119,    11356
21528501,        3, 22707972,    62818,    61140,    11872
22086444,        4, 23951840,    62833,    61160,    12387
22146816,        0, 20234801,    63852,    62228,    10285
22714880,        1, 21364620,    63856,    62236,    10815
22736177,        2, 21871468,    63860,    62245,    11356
23321701,        3, 22723379,    63863,    62253,    11872
23818487,        4, 23971064,    63867,    62260,    12387
22734503,        0, 20234865,    63331,    62245,    10285
23387367,        1, 21364657,    63362,    62275,    10815
23968145,        2, 21862710,    63397,    62305,    11356
23379235,        3, 22722275,    63429,    62334,    11872
19611839,        4, 23956559,    63464,    62361,    12387
19624021,        0, 20237151,    63628,    61749,    10285
20878725,        1, 20738057,    63691,    61759,    10815
22125586,        2, 21223762,    63757,    61770,    11356
21492984,        3, 22725075,    63819,    61781,    11872
20219587,        4, 23970066,    63881,    61791,    12387
21501235,        0, 20238250,    62482,    62210,    10285
23329068,        1, 21370274,    62545,    62219,    10815
23937977,        2, 21867552,    62612,    62230,    11356
18964175,        3, 22712351,    62674,    62239,    11872
19625491,        4, 23959068,    62737,    62248,    12387
20853784,        1, 20739759,    63079,    61476,    10815
20225230,        2, 21216517,    63078,    61564,    11356
22085123,        4, 23957746,    63078,    61730,    12387
22094288,        2, 21225011,    65030,    61082,    11356
21479626,        3, 22725981,    65044,    61082,    11872
22749806,        4, 23961377,    65059,    61082,    12387
23345681,        0, 20241880,    64019,    60711,    10285
19588720,        1, 20744742,    64024,    60728,    10815
19598475,        2, 21227949,    64029,    60747,    11356
21446665,        3, 22717555,    64034,    60765,    11872
21465547,        4, 23964641,    64039,    60782,    12387
21517879,        1, 20742574,    64038,    60819,    10815
18977173,        2, 21224518,    64038,    60854,    11356
19621511,        4, 23965676,    64039,    60918,    12387
19035774,        0, 20242543,    64101,    60702,    10285
20244345,        1, 20744769,    64152,    60752,    10815
20902890,        2, 21222950,    64204,    60804,    11356
22079542,        3, 22718099,    64253,    60852,    11872
22713261,        4, 23964595,    64302,    60901,    12387
22722753,        0, 20243311,    64962,    61093,    10285
22103781,        1, 20740656,    64989,    61125,    10815
23361571,        2, 21224980,    65017,    61155,    11356
23964564,        3, 22726035,    65044,    61180,    11872
18972624,        4, 23961450,    65069,    61207,    12387
20214130,        0, 20243707,    64642,    61064,    10285
19617642,        1, 20744682,    64658,    61113,    10815
22078439,        2, 21228343,    64675,    61163,    11356
22710790,        3, 22715749,    64692,    61210,    11872
23329683,        4, 23961027,    64708,    61256,    12387
20281901,        0, 20244757,    65465,    62274,    10285
20903365,        1, 21373115,    65529,    62313,    10815
22098314,        2, 21883754,    65594,    62353,    11356
22100799,        3, 22734061,    65657,    62391,    11872
22122281,        4, 24636080,    65720,    62429,    12387
19503918,        0, 20244763,    65097,    62211,    10285
19594735,        1, 21373066,    65149,    62233,    10815
19604150,        2, 21872099,    65202,    62255,    11356
19640968,        3, 22732918,    65254,    62277,    11872
20205522,        4, 23966949,    65305,    62299,    12387
20237616,        3, 22731435,    65011,    61555,    11872
20861123,        0, 20247328,    63906,    62041,    10285
20245305,        1, 20748069,    63909,    62047,    10815
20869566,        2, 21869313,    63913,    62052,    11356
20266370,        3, 22723448,    63916,    62058,    11872
21528454,        4, 23970098,    63920,    62063,    12387
21464809,        0, 20248056,    64417,    61986,    10285
21520968,        2, 21875924,    64453,    62009,    11356
22098168,        3, 22723420,    64470,    62019,    11872
22760610,        4, 23969941,    64487,    62030,    12387
23313267,        0, 20248131,    64428,    61918,    10285
22702397,        1, 20748999,    64476,    61931,    10815
23333772,        2, 21875850,    64527,    61944,    11356
23342339,        3, 22721881,    64575,    61956,    11872
23389526,        4, 23968565,    64624,    61967,    12387
18990645,        0, 20249547,    64280,    61615,    10285
20219148,        1, 20748963,    64308,    61678,    10815
21469517,        2, 21227566,    64337,    61744,    11356
22146342,        3, 22725199,    64365,    61804,    11872
22749790,        4, 23970356,    64392,    61866,    12387
22691999,        0, 20249580,    64435,    61320,    10285
23364722,        1, 20750541,    64501,    61382,    10815
22759126,        2, 21226943,    64570,    61445,    11356
18979834,        3, 22715823,    64635,    61505,    11872
18994565,        4, 23967671,    64700,    61564,    12387
19007125,        0, 20251097,    66873,    60482,    10285
19022405,        1, 20752542,    66926,    60584,    10815
19020656,        2, 21229269,    66983,    60690,    11356
19609582,        3, 22739722,    67033,    60783,    11872
19599180,        4, 23975234,    67083,    60874,    12387
19598461,        0, 20251639,    67341,    60634,    10285
19603022,        1, 20753790,    67351,    60675,    10815
19633370,        2, 21228953,    67362,    60718,    11356
19643573,        3, 22739621,    67372,    60757,    11872
19641726,        4, 23975006,    67382,    60797,    12387
20252299,        0, 20252824,    67619,    60851,    10285
19636377,        1, 20755013,    67687,    60939,    10815
20273259,        2, 21248190,    67756,    61031,    11356
20269123,        3, 22739749,    67821,    61117,    11872
19646925,        4, 23985666,    67884,    61207,    12387
20841250,        0, 20253825,    67679,    61259,    10285
20222372,        1, 20759615,    67685,    61270,    10815
20879280,        2, 21246027,    67691,    61282,    11356
20909511,        3, 22740791,    67697,    61293,    11872
20912928,        4, 23985589,    67703,    61304,    12387
21454813,        0, 20255417,    67072,    61713,    10285
21375863,        1, 20757333,    67086,    61717,    10815
21495590,        2, 21234108,    67099,    61720,    11356
20909619,        3, 22746161,    67112,    61723,    11872
22068491,        4, 23981102,    67126,    61726,    12387
21464303,        0, 20258325,    67874,    61642,    10285
22092341,        1, 20767433,    67887,    61677,    10815
22123108,        2, 21247047,    67900,    61713,    11356
22692661,        3, 22742455,    67913,    61748,    11872
22704450,        4, 23987894,    67926,    61782,    12387
22081641,        0, 20259437,    68500,    60844,    10285
22715012,        1, 20760946,    68524,    60845,    10815
22722714,        2, 21244611,    68548,    60847,    11356
22746813,        3, 22737755,    68571,    60848,    11872
22748870,        4, 23983719,    68594,    60850,    12387
22755220,        0, 20260766,    68826,    60714,    10285
23320156,        1, 20760559,    68856,    60731,    10815
23335464,        2, 21244521,    68886,    60750,    11356
22711720,        3, 22749449,    68915,    60766,    11872
22708669,        4, 23984763,    68943,    60783,    12387
23342686,        0, 20261310,    68084,    60591,    10285
23332135,        1, 20762492,    68196,    60650,    10815
22712165,        2, 21239635,    68311,    60711,    11356
23348187,        3, 22737969,    68421,    60771,    11872
22764093,        4, 23983869,    68529,    60832,    12387
23929548,        0, 20263037,    69406,    61285,    10285
23333112,        1, 20769418,    69488,    61292,    10815
23352837,        2, 21246800,    69573,    61299,    11356
20219822,        3, 22747894,    69653,    61305,    11872
20861598,        4, 23992456,    69735,    61311,    12387
21510586,        0, 20263069,    69299,    61026,    10285
22076287,        1, 20764424,    69341,    61076,    10815
22091961,        2, 21247550,    69385,    61129,    11356
22089958,        3, 22750970,    69427,    61178,    11872
22726359,        4, 23986195,    69469,    61227,    12387
22739269,        0, 20266192,    69860,    61842,    10285
22765831,        1, 20767792,    69866,    61846,    10815
22076333,        2, 21904667,    69871,    61850,    11356
23340233,        3, 22752846,    69877,    61855,    11872
23362812,        4, 23998778,    69882,    61859,    12387
23359771,        0, 20267908,    69649,    61554,    10285
23326548,        1, 20768971,    69718,    61576,    10815
20284812,        2, 21256601,    69789,    61599,    11356
20887785,        3, 22753069,    69855,    61621,    11872
20891815,        4, 23997909,    69922,    61642,    12387
22008784,        2, 21265115,    71690,    61356,    11356
21460091,        0, 20271670,    71015,    60786,    10285
21495892,        1, 20773974,    71078,    60813,    10815
21499634,        2, 21257420,    71142,    60841,    11356
22759355,        3, 22759030,    71204,    60867,    11872
23927213,        4, 23994455,    71265,    60893,    12387
19014047,        0, 20273402,    69999,    62133,    10285
19446506,        1, 20774794,    70005,    62159,    10815
19500454,        2, 21900537,    70011,    62186,    11356
19601973,        3, 22753881,    70017,    62212,    11872
20229573,        4, 23997055,    70024,    62237,    12387
20277560,        0, 20274400,    70054,    61290,    10285
20779571,        1, 20775735,    70148,    61299,    10815
20910046,        2, 21255206,    70244,    61309,    11356
21975661,        3, 22751508,    70335,    61317,    11872
22021674,        4, 23996052,    70426,    61326,    12387
22592318,        0, 20275499,    70066,    62038,    10285
22627666,        1, 20776496,    70077,    62059,    10815
23212781,        2, 21900510,    70088,    62082,    11356
22737481,        3, 22753916,    70099,    62102,    11872
22750726,        4, 23999007,    70108,    62123,    12387
23808713,        0, 20278919,    73266,    61237,    10285
23831986,        1, 20785450,    73305,    61243,    10815
23392485,        2, 21265436,    73345,    61250,    11356
24450432,        3, 22768840,    73384,    61255,    11872
19606098,        4, 24002823,    73421,    61261,    12387
20140984,        0, 20279507,    73449,    60421,    10285
19043036,        3, 22769820,    73448,    60606,    11872
20748841,        0, 20281050,    73193,    60516,    10285
20257749,        1, 20782528,    73257,    60603,    10815
21367453,        2, 21259349,    73323,    60691,    11356
20286321,        3, 22770632,    73387,    60775,    11872
21417467,        4, 24004663,    73451,    60858,    12387
21455653,        0, 20281621,    72343,    61078,    10285
23187043,        1, 20782803,    72354,    61084,    10815
22706850,        2, 21265929,    72365,    61091,    11356
23816844,        3, 22760085,    72376,    61097,    11872
23978236,        4, 24006237,    72387,    61103,    12387
24004415,        0, 20281637,    72930,    61293,    10285
19020000,        1, 20787940,    72933,    61303,    10815
20570306,        2, 21266044,    72938,    61313,    11356
19627359,        3, 22768720,    72942,    61323,    11872
20231152,        4, 24002721,    72945,    61333,    12387
21511822,        0, 20282639,    72408,    62248,    10285
21507027,        1, 21411399,    72412,    62258,    10815
22076261,        2, 21916415,    72417,    62267,    11356
22720813,        3, 22765490,    72422,    62277,    11872
22755519,        4, 24010544,    72426,    62286,    12387
22773568,        0, 20284794,    72063,    61889,    10285
24470868,        1, 20786201,    72070,    61988,    10815
19576421,        3, 22765847,    72086,    62185,    11872
19616730,        4, 24010672,    72093,    62280,    12387
19630854,        0, 20284831,    71897,    62060,    10285
19655793,        1, 20784149,    71904,    62165,    10815
20227169,        2, 21910780,    71910,    62272,    11356
20268524,        3, 22764513,    71915,    62375,    11872
20845035,        4, 24659428,    71920,    62478,    12387
20868139,        0, 20286979,    72723,    61567,    10285
20902958,        1, 20787855,    72755,    61578,    10815
20901537,        2, 21266757,    72786,    61589,    11356
21481526,        3, 22762782,    72817,    61600,    11872
21513333,        4, 24011145,    72847,    61611,    12387
21521194,        0, 20286995,    72930,    61498,    10285
21528462,        1, 20788167,    72943,    61507,    10815
22085659,        2, 21266137,    72954,    61515,    11356
22097058,        3, 22774296,    72964,    61521,    11872
22709560,        4, 24008283,    72974,    61527,    12387
22713916,        0, 20831007,    57012,    63473,    10285
22717470,        1, 21335026,    57022,    63478,    10815
22744953,        2, 21830145,    57033,    63484,    11356
23327785,        3, 23376551,    57042,    63489,    11872
23352327,        4, 24586794,    57051,    63494,    12387
23369252,        0, 20831221,    57179,    63293,    10285
19027251,        1, 21335249,    57184,    63343,    10815
19023659,        2, 21830192,    57190,    63395,    11356
19586951,        3, 23376439,    57194,    63445,    11872
19624012,        4, 24587034,    57199,    63495,    12387
20231062,        0, 20831890,    57288,    62440,    10285
20238425,        1, 21337310,    57295,    62504,    10815
20874476,        2, 21832169,    57305,    62576,    11356
20912635,        3, 23378352,    57317,    62651,    11872
20914545,        4, 24589303,    57330,    62730,    12387
21458224,        0, 20833384,    57115,    62909,    10285
21490901,        1, 21338077,    57116,    62919,    10815
23373808,        2, 21828681,    57116,    62930,    11356
23377149,        3, 23379611,    57116,    62941,    11872
23395054,        4, 24589005,    57117,    62951,    12387
23949103,        0, 20833403,    57063,    62559,    10285
18995437,        1, 21336948,    57068,    62571,    10815
18990644,        2, 21832114,    57075,    62584,    11356
19037207,        3, 23375283,    57080,    62596,    11872
19031474,        4, 24587615,    57085,    62608,    12387
19595647,        0, 20833516,    57140,    62492,    10285
19602020,        1, 21337502,    57143,    62503,    10815
20232093,        2, 21831047,    57146,    62515,    11356
19644757,        3, 22691493,    57148,    62526,    11872
19639498,        4, 24587766,    57150,    62537,    12387
20206074,        0, 20833638,    57090,    62666,    10285
20226155,        1, 21337591,    57093,    62732,    10815
20247040,        2, 21831972,    57097,    62801,    11356
21470286,        3, 23380065,    57100,    62867,    11872
22134689,        4, 24589109,    57103,    62933,    12387
23354212,        0, 20834111,    57261,    62959,    10285
22751449,        1, 21338309,    57272,    63003,    10815
22762197,        2, 21828790,    57284,    63049,    11356
18988665,        3, 23380069,    57295,    63093,    11872
19024942,        4, 24585555,    57306,    63136,    12387
19030737,        0, 20836945,    57549,    63527,    10285
19046534,        1, 21340881,    57572,    63545,    10815
19650115,        2, 21846914,    57598,    63565,    11356
20868984,        3, 23376148,    57622,    63584,    11872
20894903,        4, 24595813,    57646,    63602,    12387
20912690,        0, 20837598,    57618,    62307,    10285
21461180,        1, 21341529,    57644,    62310,    10815
21512528,        2, 21848084,    57671,    62313,    11356
22126206,        4, 23939097,    57720,    62317,    12387
22697318,        0, 20838002,    57416,    63857,    10285
22712714,        1, 21341799,    57416,    63862,    10815
23320260,        2, 22475010,    57417,    63866,    11356
23334164,        3, 23377559,    57417,    63870,    11872
23346031,        4, 24587912,    57418,    63874,    12387
23341288,        0, 20840048,    59845,    62726,    10285
23391279,        1, 21357279,    59922,    62794,    10815
23395068,        2, 21852131,    60002,    62864,    11356
23948694,        3, 23383915,    60078,    62931,    11872
18992629,        4, 24603673,    60153,    62998,    12387
19592961,        0, 20841248,    58423,    62429,    10285
20203730,        1, 21345190,    58431,    62483,    10815
20228836,        2, 21842360,    58441,    62539,    11356
20259628,        3, 23371171,    58450,    62593,    11872
20271559,        4, 24593125,    58459,    62646,    12387
20862150,        0, 20841716,    58725,    63847,    10285
21482436,        1, 21345983,    58760,    63856,    10815
22733827,        2, 22484840,    58797,    63866,    11356
23316142,        3, 23374195,    58831,    63875,    11872
23393101,        4, 24596258,    58865,    63884,    12387
19627482,        0, 20841828,    58337,    64099,    10285
20252129,        1, 21348067,    58340,    64132,    10815
20263602,        2, 22483262,    58344,    64168,    11356
20868122,        3, 23372049,    58348,    64202,    11872
20911905,        4, 24593998,    58351,    64235,    12387
21478157,        0, 20843771,    58678,    63185,    10285
22100764,        1, 21347593,    58684,    63202,    10815
22098204,        2, 21838971,    58692,    63220,    11356
22129315,        3, 23373954,    58699,    63236,    11872
22696184,        4, 24594880,    58706,    63252,    12387
22741782,        0, 20844271,    58187,    63279,    10285
22752000,        1, 21349785,    58199,    63339,    10815
22772316,        2, 21846989,    58210,    63401,    11356
23356000,        3, 23373463,    58222,    63459,    11872
19044008,        4, 24590659,    58233,    63517,    12387
19592184,        0, 20844959,    59137,    62934,    10285
19595587,        1, 21348913,    59192,    62981,    10815
19602631,        2, 21845161,    59248,    63028,    11356
19607396,        3, 23390547,    59302,    63075,    11872
20843050,        4, 24595035,    59355,    63120,    12387
20872834,        0, 20845907,    57917,    63771,    10285
20903034,        1, 21352167,    57958,    63870,    10815
22112446,        2, 22485931,    58002,    63971,    11356
22090650,        3, 23372094,    58043,    64068,    11872
22147535,        4, 24592043,    58084,    64165,    12387
22755894,        0, 20849965,    60584,    63611,    10285
23372264,        1, 21353656,    60604,    63619,    10815
18973345,        2, 21850317,    60624,    63627,    11356
19034974,        3, 23385820,    60642,    63635,    11872
20214689,        4, 24606935,    60661,    63642,    12387
20227341,        0, 20853903,    61713,    62755,    10285
20871077,        1, 21357751,    61726,    62788,    10815
20891917,        2, 21863114,    61739,    62823,    11356
20265584,        3, 23393859,    61752,    62855,    11872
23944637,        4, 24613103,    61765,    62888,    12387
23349152,        0, 20854399,    60048,    63009,    10285
23363373,        1, 21358426,    60056,    63015,    10815
23936825,        2, 21848972,    60064,    63022,    11356
23961441,        3, 23383564,    60072,    63028,    11872
23975216,        4, 24603440,    60080,    63034,    12387
18963200,        0, 20855775,    60907,    63237,    10285
18972680,        1, 21360494,    60960,    63340,    10815
19014317,        2, 21856485,    61015,    63445,    11356
19619245,        3, 23395396,    61068,    63546,    11872
19605190,        4, 24606953,    61119,    63646,    12387
20843790,        0, 20856057,    61071,    64206,    10285
20851671,        1, 21971584,    61088,    64256,    10815
20904910,        2, 22500470,    61106,    64306,    11356
20909463,        3, 23399677,    61123,    64355,    11872
20914862,        4, 25245367,    61140,    64403,    12387
22086952,        0, 20856578,    61427,    63660,    10285
21483639,        1, 21356646,    61505,    63706,    10815
22067890,        2, 21853969,    61585,    63752,    11356
22711373,        4, 24610231,    61736,    63837,    12387
22765521,        0, 20857093,    61269,    62408,    10285
23336032,        2, 21857656,    61287,    62409,    11356
22767831,        3, 22709562,    61297,    62410,    11872
19035754,        4, 24601612,    61306,    62410,    12387
19599204,        0, 20859645,    62114,    63766,    10285
19617345,        1, 21365048,    62125,    63777,    10815
20225147,        2, 22506066,    62137,    63789,    11356
21464786,        3, 23397512,    62147,    63800,    11872
22117509,        4, 24616410,    62158,    63812,    12387
23323306,        0, 20859716,    62102,    63474,    10285
23375240,        1, 21363477,    62107,    63582,    10815
19047067,        2, 21860941,    62112,    63693,    11356
19580368,        3, 23397578,    62117,    63798,    11872
20214087,        4, 24617997,    62122,    63904,    12387
19602069,        0, 20860687,    62132,    62367,    10285
19605293,        1, 21364360,    62177,    62391,    10815
19634184,        2, 21861834,    62223,    62416,    11356
19024656,        3, 22713036,    62266,    62439,    11872
19629129,        4, 24617211,    62310,    62463,    12387
20851304,        0, 20862644,    62008,    62875,    10285
20274437,        1, 21367433,    62057,    62902,    10815
19646885,        2, 21858562,    62107,    62930,    11356
20830957,        3, 23400041,    62154,    62956,    11872
21467588,        4, 24618782,    62202,    62982,    12387
20858726,        0, 20864039,    63342,    63136,    10285
20874443,        1, 21367788,    63346,    63144,    10815
20884653,        2, 21859437,    63351,    63151,    11356
20909278,        3, 23404663,    63354,    63158,    11872
21465635,        4, 24614516,    63358,    63165,    12387
22089888,        0, 20864456,    63506,    64215,    10285
22126377,        1, 21979226,    63511,    64235,    10815
22697107,        2, 22504577,    63516,    64254,    11356
22706535,        3, 23403191,    63521,    64273,    11872
22720999,        4, 24624400,    63525,    64292,    12387
22755916,        0, 20864928,    62444,    62986,    10285
22147468,        1, 21368801,    62450,    63020,    10815
23324713,        2, 21865069,    62458,    63053,    11356
23329092,        3, 23400168,    62464,    63085,    11872
23341460,        4, 24615405,    62471,    63118,    12387
23361517,        0, 20866016,    62485,    63470,    10285
24005167,        1, 21369768,    62486,    63552,    10815
18965637,        2, 21866689,    62487,    63637,    11356
19034431,        3, 23397577,    62489,    63718,    11872
20859901,        4, 24616635,    62491,    63800,    12387
20894816,        0, 20869095,    65325,    63810,    10285
21448017,        1, 21373981,    65336,    63925,    10815
21473224,        2, 22516065,    65347,    64043,    11356
21518470,        3, 23413278,    65358,    64155,    11872
22089375,        4, 24623640,    65369,    64267,    12387
22087439,        0, 20869558,    65098,    62484,    10285
22128951,        1, 21374443,    65109,    62490,    10815
23312607,        2, 21873166,    65119,    62496,    11356
22773618,        3, 22730858,    65129,    62502,    11872
23391041,        4, 24620329,    65139,    62507,    12387
18975101,        0, 20869575,    65304,    62506,    10285
19029404,        1, 21374755,    65369,    62544,    10815
19600385,        2, 21873101,    65435,    62584,    11356
19604100,        3, 23418629,    65496,    62621,    11872
20841205,        4, 24638550,    65558,    62658,    12387
20272508,        0, 20870372,    65178,    63867,    10285
20885891,        1, 21373549,    65180,    63888,    10815
21474264,        2, 22516035,    65182,    63910,    11356
22581362,        3, 23411422,    65184,    63930,    11872
22130445,        4, 24620821,    65186,    63950,    12387
23316744,        0, 20870373,    64981,    64114,    10285
23354246,        1, 21375642,    65029,    64182,    10815
23372705,        2, 22514140,    65078,    64251,    11356
23984288,        3, 23413204,    65125,    64317,    11872
19598392,        4, 25262009,    65172,    64383,    12387
19606480,        0, 20871767,    65042,    63301,    10285
19025134,        1, 21372076,    65048,    63348,    10815
19033983,        2, 21870954,    65053,    63397,    11356
19046455,        3, 23415570,    65059,    63443,    11872
20200119,        4, 24619742,    65065,    63490,    12387
20841054,        0, 20871794,    65347,    63096,    10285
20265940,        1, 21375376,    65375,    63113,    10815
20277926,        2, 21868563,    65404,    63130,    11356
20280661,        4, 24623075,    65459,    63162,    12387
21490975,        0, 20872134,    65352,    64174,    10285
20873905,        1, 21987035,    65388,    64254,    10815
21515815,        2, 22513767,    65424,    64334,    11356
22089631,        3, 23419296,    65459,    64411,    11872
22095848,        4, 25273810,    65495,    64487,    12387
22118292,        0, 20872537,    65790,    63479,    10285
22125722,        1, 21376065,    65877,    63516,    10815
23333031,        2, 21887236,    65966,    63554,    11356
23352477,        3, 23416929,    66050,    63589,    11872
23928145,        4, 24630133,    66134,    63625,    12387
23358739,        0, 20874520,    64211,    63199,    10285
23356868,        1, 21378157,    64221,    63224,    10815
23377438,        2, 21875231,    64233,    63248,    11356
23994385,        3, 23406870,    64244,    63272,    11872
23881079,        0, 20874535,    64117,    63206,    10285
18972675,        1, 21378220,    64121,    63302,    10815
18990418,        2, 21876754,    64126,    63402,    11356
19018127,        3, 23406946,    64131,    63497,    11872
20279650,        4, 24626833,    64135,    63591,    12387
20207614,        0, 20876473,    64658,    62404,    10285
20227488,        2, 21874087,    64693,    62638,    11356
20241971,        3, 23402742,    64709,    62751,    11872
20267946,        4, 24621964,    64727,    62863,    12387
20264479,        0, 20877660,    64101,    62710,    10285
20274220,        1, 21377257,    64107,    62709,    10815
20913303,        2, 21872702,    64112,    62709,    11356
20855648,        0, 20878525,    66884,    63402,    10285
20858350,        1, 21382214,    66911,    63409,    10815
20866704,        2, 21880101,    66940,    63417,    11356
21492816,        3, 23426651,    66971,    63427,    11872
21526715,        4, 24629911,    67000,    63436,    12387
22113545,        0, 20878747,    67277,    63658,    10285
23361487,        1, 21382411,    67290,    63669,    10815
23981750,        2, 21882043,    67302,    63681,    11356
23927318,        3, 23428346,    67315,    63691,    11872
23984769,        4, 24635504,    67327,    63701,    12387
19045506,        0, 20880075,    67306,    63873,    10285
19582839,        1, 21388986,    67330,    63878,    10815
19584225,        2, 22524219,    67356,    63884,    11356
19648591,        3, 23428152,    67380,    63889,    11872
20203719,        4, 24635617,    67404,    63894,    12387
20256130,        0, 20880208,    67054,    63765,    10285
19655190,        1, 21383883,    67091,    63863,    10815
21466732,        2, 22524243,    67129,    63965,    11356
22116001,        3, 23428509,    67165,    64061,    11872
21519581,        4, 24636964,    67200,    64155,    12387
22075543,        0, 20880818,    67328,    62528,    10285
22106918,        1, 21384487,    67356,    62570,    10815
22730288,        2, 21882154,    67384,    62613,    11356
22095958,        3, 23429122,    67412,    62653,    11872
22119005,        4, 24637847,    67439,    62694,    12387
22707496,        0, 20881807,    66916,    63201,    10285
22729570,        1, 21382083,    66975,    63290,    10815
23353146,        2, 21880080,    67036,    63382,    11356
23385656,        3, 23427230,    67093,    63470,    11872
23935182,        4, 24635440,    67152,    63556,    12387
23956021,        0, 20882117,    67123,    64214,    10285
20237003,        1, 21997441,    67159,    64228,    10815
20252260,        3, 23429874,    67233,    64255,    11872
20285614,        4, 24634733,    67268,    64268,    12387
20868770,        0, 20882879,    67489,    63163,    10285
21458043,        1, 21386734,    67498,    63165,    10815
20877352,        2, 21882455,    67507,    63167,    11356
22072556,        3, 23430662,    67514,    63169,    11872
22121268,        4, 24642966,    67523,    63171,    12387
22082882,        0, 20885037,    67555,    62313,    10285
23367324,        1, 21388522,    67592,    62345,    10815
19591094,        2, 21897579,    67631,    62379,    11356
19609744,        3, 22745161,    67669,    62410,    11872
20221579,        4, 24646030,    67706,    62441,    12387
20847203,        0, 20886304,    67573,    62529,    10285
20879905,        1, 21389837,    67586,    62550,    10815
20264754,        2, 21892284,    67601,    62573,    11356
20890586,        3, 23429187,    67614,    62594,    11872
22067725,        4, 24645988,    67628,    62615,    12387
21512451,        0, 20886325,    67452,    62671,    10285
22080985,        1, 21389933,    67474,    62694,    10815
22086945,        2, 21882231,    67497,    62719,    11356
22727594,        3, 23429046,    67518,    62741,    11872
22740461,        4, 24648716,    67539,    62764,    12387
22759726,        0, 20887717,    68258,    63824,    10285
23352630,        1, 21392692,    68286,    63834,    10815
23384038,        2, 22534650,    68314,    63845,    11356
23964460,        3, 23420786,    68341,    63855,    11872
18969935,        4, 24640901,    68368,    63865,    12387
18973112,        0, 20888283,    68271,    62373,    10285
19047230,        1, 21391916,    68293,    62393,    10815
19637501,        2, 21890907,    68315,    62414,    11356
20258666,        3, 22741833,    68337,    62433,    11872
20271710,        4, 24640148,    68358,    62454,    12387
20843798,        0, 20888287,    68886,    62514,    10285
