Vector Track Size:     1221

28735539,       10, 34161409,    59433,    68850,    21345
28738298,       11, 34675126,    59437,    68870,    21863
28739368,       12, 34261216,    59440,    68890,    22390
28741111,       13, 38260807,    59444,    68910,    22913
28741347,       14, 38285344,    59448,    68930,    23412
28741680,       10, 34162099,    59624,    70368,    21345
28742448,       11, 35615590,    59635,    70406,    21863
28745858,       12, 35184752,    59646,    70447,    22390
28748482,       13, 39301130,    59657,    70487,    22913
24116883,       14, 39275022,    59668,    70525,    23412
24116920,       11, 34676420,    59461,    69452,    21863
24126626,       12, 34255159,    59465,    69488,    22390
24127536,       13, 38257872,    59470,    69523,    22913
24128635,       14, 38287277,    59475,    69557,    23412
24130254,       10, 35064189,    58508,    70870,    21345
24130689,       11, 35603133,    58538,    70914,    21863
24133200,       12, 35181386,    58570,    70959,    22390
24133432,       13, 39310773,    58600,    71004,    22913
24134559,       14, 39280803,    58629,    71047,    23412
24134925,       10, 34168551,    60307,    69097,    21345
24135584,       11, 34683779,    60348,    69102,    21863
24144319,       12, 34267450,    60390,    69106,    22390
24144949,       13, 38287316,    60432,    69110,    22913
24145653,       14, 38300909,    60472,    69114,    23412
24145926,       10, 34160055,    59629,    69981,    21345
24147672,       11, 34671783,    59640,    70039,    21863
24147796,       12, 34259862,    59652,    70097,    22390
24149886,       13, 39298968,    59663,    70155,    22913
24149912,       10, 34162691,    58297,    70208,    21345
24157879,       11, 34668324,    58313,    70291,    21863
24158480,       12, 35182243,    58330,    70378,    22390
24160424,       13, 39284278,    58348,    70463,    22913
24162714,       14, 39274628,    58365,    70544,    23412
24168852,       10, 35081728,    61195,    71203,    21345
24169013,       11, 35629168,    61269,    71266,    21863
24169020,       12, 35209652,    61345,    71331,    22390
24169222,       13, 39324406,    61419,    71395,    22913
24169322,       14, 39302189,    61493,    71458,    23412
24170961,       10, 35077194,    60837,    70518,    21345
24171248,       11, 35631477,    60889,    70599,    21863
24173239,       12, 35200158,    60942,    70680,    22390
24177286,       13, 39320622,    60995,    70760,    22913
24184027,       14, 39293880,    61046,    70838,    23412
24185292,       10, 28626607,    57568,    56942,    21345
24189719,       11, 28986353,    57574,    56950,    21863
24189871,       12, 28679885,    57579,    56957,    22390
24192067,       13, 32071878,    57585,    56965,    22913
24192478,       14, 32275892,    57591,    56972,    23412
24192708,       10, 28629306,    57745,    57136,    21345
24193276,       11, 28986092,    57785,    57164,    21863
24193714,       12, 28683139,    57825,    57193,    22390
24196598,       13, 32072160,    57865,    57222,    22913
24197641,       14, 32286930,    57904,    57250,    23412
24199692,       10, 28640317,    58797,    57924,    21345
24204731,       11, 29008660,    58810,    57933,    21863
24205531,       12, 28688799,    58822,    57942,    22390
24208160,       13, 33110197,    58835,    57951,    22913
24213942,       14, 32297421,    58848,    57959,    23412
24215948,       10, 28639996,    58566,    57848,    21345
24216385,       11, 28992713,    58567,    57851,    21863
24216601,       12, 28689094,    58568,    57853,    22390
24885918,       13, 33110342,    58570,    57856,    22913
24894065,       14, 32300160,    58571,    57859,    23412
24894443,       10, 28641446,    58731,    56808,    21345
24894690,       11, 29010594,    58746,    56809,    21863
24894898,       12, 28691504,    58760,    56810,    22390
24894935,       13, 32096243,    58774,    56812,    22913
24895269,       14, 32296552,    58787,    56813,    23412
24896876,       10, 28644009,    58792,    58525,    21345
24897135,       11, 29946748,    58793,    58534,    21863
24898930,       12, 29603149,    58795,    58544,    22390
24899077,       13, 33102510,    58796,    58554,    22913
24899932,       14, 33291004,    58798,    58563,    23412
24903637,       10, 29561850,    58437,    58734,    21345
24903654,       11, 29932816,    58444,    58764,    21863
24909591,       12, 29604926,    58452,    58796,    22390
24909856,       13, 33090846,    58460,    58828,    22913
24910421,       14, 33302828,    58468,    58859,    23412
24911209,       10, 29563980,    59512,    58997,    21345
24911238,       11, 29940424,    59540,    59034,    21863
24912532,       12, 29614581,    59569,    59071,    22390
24914144,       13, 33099530,    59599,    59108,    22913
24915313,       14, 33295226,    59626,    59144,    23412
24915966,       10, 29572083,    61069,    58578,    21345
24915986,       11, 29954077,    61176,    58586,    21863
24918636,       12, 29627240,    61285,    58595,    22390
24919943,       13, 33129991,    61392,    58603,    22913
24920632,       14, 33317879,    61497,    58611,    23412
24922272,       10, 28649811,    59728,    57854,    21345
24922500,       12, 28687004,    59781,    57872,    22390
24922998,       13, 33110961,    59808,    57880,    22913
24927953,       14, 32300556,    59834,    57888,    23412
24929596,       10, 28665272,    60053,    57941,    21345
24930252,       11, 29007933,    60080,    57962,    21863
24931590,       12, 28703230,    60108,    57984,    22390
24932958,       13, 33110820,    60135,    58005,    22913
24933923,       14, 32300705,    60161,    58026,    23412
24937105,       10, 28649887,    59519,    58037,    21345
24938258,       11, 28998085,    59522,    58046,    21863
24938928,       12, 28695688,    59525,    58056,    22390
24939251,       13, 33100415,    59528,    58066,    22913
24941286,       14, 32300484,    59531,    58075,    23412
24944335,       10, 29582720,    62080,    58618,    21345
24952309,       11, 29963422,    62114,    58623,    21863
24954040,       12, 29632103,    62148,    58628,    22390
24954531,       13, 33124206,    62183,    58633,    22913
24955378,       14, 33306514,    62216,    58638,    23412
24957212,       10, 28662937,    61238,    57432,    21345
24960612,       11, 29011566,    61242,    57443,    21863
24961255,       12, 28711467,    61246,    57454,    22390
24962170,       13, 32109805,    61250,    57465,    22913
24964845,       14, 32319569,    61254,    57476,    23412
24965040,       10, 29576798,    61577,    58720,    21345
24966646,       11, 29963147,    61630,    58747,    21863
24968414,       12, 29618711,    61684,    58776,    22390
24969548,       13, 33124542,    61737,    58804,    22913
24971804,       14, 33317705,    61789,    58830,    23412
24972161,       10, 28661696,    61497,    58393,    21345
24977464,       11, 29020158,    61498,    58396,    21863
24977499,       12, 29626841,    61499,    58400,    22390
25656206,       13, 33129847,    61500,    58403,    22913
25661731,       14, 33314757,    61502,    58406,    23412
25662437,       10, 28654887,    60858,    57914,    21345
25662692,       11, 29013030,    60861,    57917,    21863
25664203,       12, 28712564,    60863,    57920,    22390
25668822,       13, 33117420,    60865,    57923,    22913
25669208,       14, 32314820,    60868,    57926,    23412
25670428,       10, 28661423,    61814,    58312,    21345
25670699,       11, 29020238,    61860,    58333,    21863
25672212,       12, 29636338,    61908,    58356,    22390
25673633,       13, 33129698,    61955,    58378,    22913
25675834,       14, 33306613,    62000,    58399,    23412
25678097,       10, 28680052,    62960,    57973,    21345
25679028,       11, 29027722,    63034,    57989,    21863
25679202,       12, 28724207,    63108,    58005,    22390
25682638,       13, 33143368,    63184,    58021,    22913
25682655,       14, 32333175,    63255,    58037,    23412
25684151,       10, 28669948,    62496,    57991,    21345
25689798,       11, 29014251,    62504,    58017,    21863
25692443,       12, 28723976,    62512,    58043,    22390
25694034,       13, 33133330,    62521,    58069,    22913
25695183,       14, 32330296,    62529,    58093,    23412
25696504,       10, 28678200,    63263,    57831,    21345
25698455,       11, 29037363,    63277,    57835,    21863
25700440,       12, 28717853,    63291,    57839,    22390
25705002,       13, 33139600,    63306,    57843,    22913
25708317,       14, 32332830,    63319,    57847,    23412
25708456,       10, 28679632,    62767,    57816,    21345
25709130,       11, 29027711,    62768,    57832,    21863
25709682,       12, 28726734,    62770,    57849,    22390
25709753,       13, 33133090,    62771,    57865,    22913
25713867,       14, 32333229,    62772,    57880,    23412
25714908,       10, 28680826,    63105,    56935,    21345
25717428,       11, 29033669,    63107,    56938,    21863
25719362,       12, 28723103,    63110,    56940,    22390
25721456,       13, 32129925,    63112,    56943,    22913
25724321,       14, 32331653,    63115,    56945,    23412
25724654,       10, 28689069,    65477,    58453,    21345
25729343,       11, 29989879,    65486,    58474,    21863
25729541,       12, 29645634,    65496,    58495,    22390
25737520,       13, 33162186,    65505,    58516,    22913
25738179,       14, 33335820,    65514,    58536,    23412
25740015,       10, 29603734,    64926,    58646,    21345
25741789,       11, 29993354,    64976,    58651,    21863
25743077,       12, 29646003,    65028,    58656,    22390
25744018,       13, 33161970,    65080,    58661,    22913
25744127,       14, 33346858,    65128,    58665,    23412
25744900,       10, 28691334,    64782,    58315,    21345
25745201,       12, 28738149,    64828,    58318,    22390
25745967,       13, 33159185,    64851,    58319,    22913
25746480,       14, 33346920,    64872,    58320,    23412
25747072,       10, 28691487,    65093,    58515,    21345
25751131,       11, 29989845,    65166,    58527,    21863
25753923,       12, 29645888,    65242,    58539,    22390
25755526,       13, 33162473,    65316,    58551,    22913
25761921,       14, 33336341,    65387,    58562,    23412
26431141,       10, 29607466,    65050,    58730,    21345
26431560,       11, 29993550,    65131,    58767,    21863
26435265,       12, 29646014,    65214,    58805,    22390
26438158,       13, 33156778,    65296,    58844,    22913
26441097,       14, 33338230,    65374,    58882,    23412
26443090,       10, 29598832,    65262,    58670,    21345
26443091,       11, 29993270,    65339,    58692,    21863
26443178,       12, 29645802,    65418,    58713,    22390
26443241,       13, 33156824,    65495,    58734,    22913
26445708,       14, 33338544,    65568,    58755,    23412
26448945,       10, 28693335,    64543,    58174,    21345
26449208,       11, 29032722,    64548,    58180,    21863
26454555,       12, 28737823,    64553,    58187,    22390
26456852,       13, 33154521,    64557,    58193,    22913
26459563,       14, 33343211,    64562,    58200,    23412
26463972,       10, 28691267,    64488,    58223,    21345
26464838,       12, 28738336,    64497,    58259,    22390
26465624,       13, 33155040,    64502,    58277,    22913
26465987,       14, 33342051,    64506,    58294,    23412
26467995,       10, 28702472,    67739,    57943,    21345
26468653,       11, 29056775,    67814,    57972,    21863
26472188,       12, 28768897,    67890,    58001,    22390
26473772,       13, 33164740,    67965,    58029,    22913
26474944,       14, 32363627,    68037,    58057,    23412
26475811,       10, 28707281,    66745,    57643,    21345
26475821,       11, 29066401,    66777,    57665,    21863
26476710,       12, 28744512,    66808,    57687,    22390
26477706,       13, 32159437,    66840,    57709,    22913
26478194,       14, 32366755,    66870,    57730,    23412
26480280,       10, 28712146,    68530,    57963,    21345
26481798,       11, 29065783,    68536,    57982,    21863
26482478,       12, 28758513,    68543,    58001,    22390
26483285,       14, 32378136,    68555,    58037,    23412
26483360,       10, 28712359,    68623,    58004,    21345
26483838,       11, 29081469,    68626,    58013,    21863
26488798,       12, 28758986,    68629,    58021,    22390
26493538,       14, 32377991,    68637,    58038,    23412
26494945,       10, 29630193,    68478,    58585,    21345
26495017,       11, 30006196,    68510,    58592,    21863
26495503,       12, 29673504,    68543,    58598,    22390
26495931,       13, 33193102,    68575,    58604,    22913
26495938,       14, 33375885,    68607,    58610,    23412
26497032,       10, 29628402,    68846,    59193,    21345
26497576,       11, 30023584,    68921,    59252,    21863
26497621,       12, 29675541,    69000,    59313,    22390
26497676,       13, 33178888,    69078,    59372,    22913
26499638,       14, 33370826,    69152,    59430,    23412
26499771,       10, 28712284,    69223,    58195,    21345
26500346,       11, 29074437,    69227,    58199,    21863
26500407,       12, 28765272,    69232,    58203,    22390
26502814,       13, 33180255,    69235,    58208,    22913
26503579,       14, 33369966,    69239,    58212,    23412
26506796,       10, 29644116,    70247,    58526,    21345
26513585,       11, 30020241,    70281,    58562,    21863
26515375,       12, 29687181,    70316,    58599,    22390
26516764,       13, 33191778,    70350,    58635,    22913
26520182,       14, 33385469,    70382,    58670,    23412
26522675,       10, 28719010,    69376,    58391,    21345
26523687,       11, 30014236,    69382,    58421,    21863
26524536,       12, 29677313,    69389,    58452,    22390
26524716,       13, 33182154,    69395,    58482,    22913
26526162,       14, 33366968,    69402,    58511,    23412
26528845,       10, 28718547,    68336,    58312,    21345
26530908,       11, 29063259,    68342,    58315,    21863
26531559,       12, 28762111,    68348,    58317,    22390
27183173,       13, 33174280,    68354,    58319,    22913
27184363,       14, 33375947,    68360,    58321,    23412
27187096,       10, 28713588,    69170,    56856,    21345
27194174,       11, 29072653,    69173,    56857,    21863
27197138,       12, 28769255,    69176,    56857,    22390
27198516,       14, 32374093,    69183,    56857,    23412
27201117,       10, 28726445,    70657,    58120,    21345
27202502,       11, 29098300,    70689,    58121,    21863
27203384,       12, 28779562,    70721,    58122,    22390
27205149,       13, 33195932,    70753,    58122,    22913
27205786,       14, 32392968,    70783,    58123,    23412
27206726,       10, 29655012,    72356,    58631,    21345
27207136,       11, 30027179,    72402,    58668,    21863
27208741,       12, 29709837,    72448,    58704,    22390
27211537,       13, 33200172,    72494,    58741,    22913
27213235,       14, 33400266,    72538,    58776,    23412
27214169,       10, 28730502,    70232,    57208,    21345
27216225,       11, 29075824,    70236,    57219,    21863
27216844,       12, 28776285,    70241,    57229,    22390
27216886,       13, 32178962,    70245,    57239,    22913
27217234,       14, 32380343,    70250,    57248,    23412
27218550,       10, 28726427,    70895,    58215,    21345
27220219,       11, 29090933,    70904,    58239,    21863
27220457,       12, 28780074,    70912,    58263,    22390
27220660,       13, 33198839,    70920,    58287,    22913
27222092,       14, 33382642,    70928,    58310,    23412
27222582,       10, 28731439,    71356,    57100,    21345
27223409,       11, 29089648,    71388,    57110,    21863
27223738,       12, 28778420,    71420,    57120,    22390
27225010,       13, 32194069,    71452,    57131,    22913
27225918,       14, 32396521,    71482,    57140,    23412
27226814,       10, 28741312,    72291,    57996,    21345
27229440,       11, 29086999,    72297,    57999,    21863
27231113,       12, 28786397,    72304,    58001,    22390
27231674,       13, 33197035,    72310,    58004,    22913
27232808,       14, 32407868,    72316,    58006,    23412
27233278,       10, 29663881,    73344,    58954,    21345
27234427,       11, 30051432,    73415,    58997,    21863
27235136,       12, 29704068,    73486,    59041,    22390
27243245,       10, 28750231,    72782,    58108,    21345
27243896,       11, 29100846,    72784,    58117,    21863
27244013,       12, 28795770,    72785,    58127,    22390
27247501,       13, 33211142,    72788,    58135,    22913
27250470,       10, 28751426,    73264,    56867,    21345
27251970,       11, 29110870,    73269,    56871,    21863
27252061,       12, 28792072,    73275,    56874,    22390
27252256,       13, 32209385,    73280,    56877,    22913
27252867,       14, 32408964,    73285,    56881,    23412
27253170,       10, 28751591,    73175,    56752,    21345
27254256,       11, 29110563,    73181,    56754,    21863
27254838,       12, 28796631,    73187,    56755,    22390
27255728,       13, 32209543,    73194,    56755,    22913
27257992,       14, 32409050,    73200,    56757,    23412
27258311,       10, 29559918,    57866,    59878,    21345
27258865,       11, 29922322,    57872,    59886,    21863
27259206,       12, 29609810,    57879,    59893,    22390
27263158,       13, 34120125,    57886,    59901,    22913
27265121,       14, 33283361,    57893,    59908,    23412
27267187,       10, 30488136,    59019,    60738,    21345
27267242,       11, 30899318,    59031,    60776,    21863
27269277,       12, 30543749,    59043,    60816,    22390
27269569,       13, 34144221,    59054,    60856,    22913
27270459,       14, 34301455,    59065,    60893,    23412
27272442,       11, 29929666,    58534,    59564,    21863
27274637,       13, 33112971,    58534,    59586,    22913
27275994,       14, 33296166,    58534,    59596,    23412
27277235,       10, 29557024,    58824,    59641,    21345
27278247,       11, 29943376,    58860,    59653,    21863
27281125,       12, 29601863,    58896,    59665,    22390
27283095,       13, 33101923,    58932,    59677,    22913
27283941,       14, 33286626,    58966,    59689,    23412
27947642,       10, 29555472,    58889,    59309,    21345
27947735,       11, 29951070,    58893,    59310,    21863
27955943,       12, 29606696,    58897,    59312,    22390
27958004,       13, 33099158,    58900,    59314,    22913
27960952,       10, 29551484,    58964,    59936,    21345
27962860,       11, 29937110,    58972,    59974,    21863
27968679,       12, 29613434,    58981,    60013,    22390
27969372,       13, 34136837,    58990,    60051,    22913
27970236,       14, 34303271,    58997,    60087,    23412
27971554,       10, 29562591,    59787,    58673,    21345
27973201,       11, 29938290,    59842,    58680,    21863
27973390,       12, 29629935,    59895,    58689,    22390
27974245,       13, 33107056,    59949,    58698,    22913
27974484,       14, 33301655,    60000,    58706,    23412
27974588,       10, 29551913,    58609,    60057,    21345
27974596,       11, 29945254,    58638,    60084,    21863
27974694,       12, 29604165,    58668,    60111,    22390
27974871,       13, 34137991,    58698,    60138,    22913
27974999,       14, 34303241,    58726,    60165,    23412
27978316,       10, 29572438,    60029,    59600,    21345
27978344,       11, 29944160,    60048,    59605,    21863
27978461,       13, 33112297,    60087,    59613,    22913
27980171,       14, 33297224,    60106,    59618,    23412
27981159,       10, 29561006,    59684,    60313,    21345
27981416,       11, 29939466,    59697,    60344,    21863
27982524,       12, 30547069,    59711,    60374,    22390
27983060,       13, 34140846,    59724,    60404,    22913
27984491,       14, 34305300,    59737,    60433,    23412
27986588,       10, 30492718,    59793,    60551,    21345
27988648,       11, 30901337,    59810,    60587,    21863
27995418,       12, 30544309,    59827,    60622,    22390
27996336,       13, 34141193,    59843,    60658,    22913
27998468,       14, 34307396,    59858,    60692,    23412
27999492,       10, 29564947,    58167,    59249,    21345
28000200,       11, 29934564,    58178,    59263,    21863
28001511,       12, 29607732,    58189,    59276,    22390
28002288,       13, 33092787,    58199,    59290,    22913
28004456,       14, 33278821,    58210,    59303,    23412
28005370,       10, 29568781,    60593,    60275,    21345
28007574,       11, 29966628,    60618,    60279,    21863
28012946,       12, 29628018,    60644,    60283,    22390
28013094,       13, 34151353,    60670,    60286,    22913
28013733,       14, 34321473,    60694,    60290,    23412
28019558,       10, 29566629,    60424,    60187,    21345
28021472,       11, 29948684,    60444,    60188,    21863
28022368,       12, 29619406,    60464,    60190,    22390
28022374,       13, 34159124,    60485,    60192,    22913
28023066,       14, 34320271,    60504,    60193,    23412
28025169,       10, 29580909,    62178,    59995,    21345
28026234,       11, 29961995,    62214,    60036,    21863
28026728,       12, 29633538,    62251,    60079,    22390
28027673,       13, 34155069,    62288,    60120,    22913
28028355,       14, 34336627,    62323,    60160,    23412
28031733,       10, 29579416,    61202,    59292,    21345
28031775,       11, 29957282,    61226,    59353,    21863
28032915,       12, 29624413,    61249,    59416,    22390
28035225,       13, 33115902,    61273,    59478,    22913
28036297,       14, 33314125,    61295,    59537,    23412
28036614,       10, 29573116,    61212,    59578,    21345
28037699,       11, 29958924,    61213,    59582,    21863
28038736,       12, 29624441,    61213,    59587,    22390
28039372,       13, 33119163,    61214,    59592,    22913
28043162,       14, 33313688,    61214,    59596,    23412
28047531,       10, 29577799,    61806,    60410,    21345
28051613,       11, 30919141,    61820,    60419,    21863
28720060,       12, 30557539,    61834,    60429,    22390
28725404,       13, 34156966,    61849,    60439,    22913
28725500,       14, 34322546,    61862,    60448,    23412
28726659,       10, 29575307,    61260,    60232,    21345
28728064,       11, 29955539,    61301,    60233,    21863
28729595,       12, 29628109,    61343,    60236,    22390
28733974,       13, 34155288,    61383,    60238,    22913
28733986,       14, 34323030,    61423,    60241,    23412
28749902,       10, 29573347,    61133,    59746,    21345
28752196,       11, 29952132,    61164,    59801,    21863
28753572,       12, 29625978,    61195,    59858,    22390
28756065,       13, 34154159,    61226,    59914,    22913
28756757,       14, 33316356,    61255,    59967,    23412
28757266,       10, 29573331,    61183,    59505,    21345
28757488,       11, 29958909,    61187,    59508,    21863
28758108,       12, 29624509,    61191,    59511,    22390
28758204,       13, 33119265,    61195,    59514,    22913
28758206,       14, 33314149,    61200,    59517,    23412
28758232,       10, 30522847,    62681,    60707,    21345
28758244,       11, 30930619,    62736,    60752,    21863
28759814,       12, 30574530,    62792,    60798,    22390
28761197,       13, 34177931,    62848,    60844,    22913
28767458,       14, 34341437,    62901,    60887,    23412
28769676,       10, 29581625,    63567,    60006,    21345
28771177,       11, 29977503,    63568,    60007,    21863
28773427,       12, 29631126,    63569,    60008,    22390
28777427,       13, 34173531,    63569,    60009,    22913
28779360,       14, 33323372,    63570,    60010,    23412
28780131,       10, 29581829,    63827,    60096,    21345
28784895,       11, 29977353,    63870,    60104,    21863
28786479,       12, 29651483,    63914,    60112,    22390
28787150,       13, 34172212,    63959,    60119,    22913
28787401,       14, 34336977,    64000,    60127,    23412
28791793,       10, 30522906,    63312,    60644,    21345
28791855,       11, 30931872,    63313,    60655,    21863
28792326,       12, 30573166,    63314,    60665,    22390
28793562,       13, 34175571,    63315,    60676,    22913
28794402,       10, 29593606,    63419,    60417,    21345
28796401,       11, 30934529,    63420,    60501,    21863
28796528,       12, 30573500,    63421,    60587,    22390
28797374,       13, 34175276,    63422,    60676,    22913
28797960,       14, 34341625,    63423,    60758,    23412
28802110,       10, 29584411,    62309,    60237,    21345
28805138,       11, 29956060,    62321,    60272,    21863
28805525,       12, 29642582,    62334,    60309,    22390
28805801,       13, 34152524,    62346,    60344,    22913
28806595,       14, 34337488,    62358,    60378,    23412
28807919,       10, 29591174,    62779,    59931,    21345
28809598,       11, 29967237,    62803,    59959,    21863
28809665,       12, 29640211,    62827,    59989,    22390
28809757,       13, 34171857,    62851,    60019,    22913
28811081,       14, 33332680,    62873,    60048,    23412
28815757,       10, 30520920,    63522,    60941,    21345
28817554,       11, 30933848,    63588,    61031,    21863
28818453,       12, 30571466,    63656,    61123,    22390
28819588,       13, 34183838,    63726,    61216,    22913
29500862,       14, 34345052,    63789,    61303,    23412
29502178,       10, 29584210,    62563,    60344,    21345
29503193,       11, 29956048,    62565,    60352,    21863
29504314,       13, 34168543,    62567,    60371,    22913
29504842,       14, 34337478,    62568,    60380,    23412
29506621,       10, 29598413,    65204,    59044,    21345
29507042,       11, 29995251,    65210,    59056,    21863
29507217,       12, 29647275,    65216,    59069,    22390
29507307,       13, 33158305,    65223,    59081,    22913
29507987,       14, 33343642,    65229,    59092,    23412
29508543,       10, 29602911,    65684,    59493,    21345
29509452,       11, 29986063,    65713,    59502,    21863
29511771,       12, 29649690,    65742,    59511,    22390
29513267,       13, 33146569,    65772,    59520,    22913
29515933,       14, 33335212,    65799,    59529,    23412
29520737,       10, 29617665,    65919,    59100,    21345
29522505,       11, 29985220,    65935,    59145,    21863
29523073,       12, 29671003,    65952,    59192,    22390
29524336,       14, 33339931,    65984,    59281,    23412
29524872,       10, 29624146,    66354,    59088,    21345
29525523,       11, 29984637,    66407,    59101,    21863
29526215,       12, 29671104,    66460,    59114,    22390
29526874,       13, 33170226,    66513,    59127,    22913
29527757,       14, 33356861,    66562,    59138,    23412
29528540,       10, 29602381,    64121,    59566,    21345
29528614,       11, 29974557,    64128,    59598,    21863
29530452,       12, 29653198,    64136,    59631,    22390
29530499,       13, 33135699,    64144,    59663,    22913
29532719,       14, 33319843,    64151,    59694,    23412
29534426,       10, 29604524,    64846,    59827,    21345
29543623,       11, 29992255,    64885,    59831,    21863
29545780,       13, 34192984,    64965,    59838,    22913
29546667,       14, 33345395,    65003,    59842,    23412
29550022,       10, 29608270,    64531,    60445,    21345
29555485,       11, 30929869,    64554,    60456,    21863
29556408,       12, 30591051,    64578,    60467,    22390
29556791,       13, 34188661,    64602,    60479,    22913
29558233,       14, 34355043,    64624,    60489,    23412
29558967,       10, 29600157,    65274,    60526,    21345
29559046,       11, 30947027,    65360,    60627,    21863
29560183,       12, 30586192,    65449,    60732,    22390
29561390,       13, 34194605,    65537,    60836,    22913
29561624,       14, 34351127,    65620,    60934,    23412
29563646,       10, 29612846,    67169,    60296,    21345
29564875,       11, 30007342,    67180,    60302,    21863
29565672,       12, 29660881,    67190,    60308,    22390
29567111,       13, 34202394,    67200,    60314,    22913
29568313,       14, 34369103,    67210,    60320,    23412
29568723,       10, 29612492,    67313,    60409,    21345
29570699,       11, 30959307,    67315,    60425,    21863
29572092,       12, 30605584,    67316,    60440,    22390
29572559,       13, 34202386,    67318,    60456,    22913
29573536,       14, 34370076,    67319,    60471,    23412
29573939,       10, 30549541,    67851,    61212,    21345
29575073,       11, 30958674,    67931,    61275,    21863
29575095,       12, 30618570,    68012,    61338,    22390
29576787,       13, 34214414,    68093,    61402,    22913
29577391,       14, 34381646,    68170,    61461,    23412
29578554,       10, 29623136,    66786,    60368,    21345
29579091,       11, 30964645,    66835,    60440,    21863
29579668,       12, 30601151,    66884,    60513,    22390
29580766,       13, 34207321,    66934,    60586,    22913
29584100,       14, 34369983,    66980,    60655,    23412
29584884,       10, 30567676,    69512,    61206,    21345
29585413,       11, 30973014,    69557,    61282,    21863
29585882,       12, 30619520,    69602,    61359,    22390
29585993,       13, 34228719,    69646,    61435,    22913
29586197,       14, 34398063,    69689,    61508,    23412
29587808,       10, 29625414,    68973,    60144,    21345
30258304,       11, 30010040,    68992,    60198,    21863
30265567,       13, 34220392,    69031,    60307,    22913
30270089,       14, 34384925,    69050,    60358,    23412
30271612,       10, 29631121,    68351,    59711,    21345
30280195,       11, 30004914,    68356,    59801,    21863
30282931,       12, 29672479,    68361,    59892,    22390
30284908,       13, 34206548,    68366,    59982,    22913
30293137,       14, 33378669,    68371,    60069,    23412
30294136,       10, 29631660,    69737,    59858,    21345
30294775,       11, 30009765,    69759,    59875,    21863
30295189,       12, 29679987,    69782,    59891,    22390
30295411,       13, 34225212,    69803,    59909,    22913
30296447,       14, 33377789,    69825,    59924,    23412
30298399,       10, 29646718,    70093,    60288,    21345
30301891,       11, 30021384,    70106,    60295,    21863
30302021,       12, 29688566,    70120,    60301,    22390
30302058,       13, 34221912,    70133,    60307,    22913
30305623,       14, 34386927,    70146,    60313,    23412
30306957,       10, 29637575,    68387,    59431,    21345
30310757,       11, 30002879,    68404,    59434,    21863
30321399,       12, 29676435,    68420,    59436,    22390
30321745,       13, 33172744,    68437,    59439,    22913
30325783,       14, 33371778,    68452,    59442,    23412
30330260,       10, 30583750,    70066,    60506,    21345
30330389,       13, 34223662,    70069,    60593,    22913
30333140,       14, 34387528,    70069,    60621,    23412
30333152,       10, 29642491,    70760,    59311,    21345
30333184,       11, 30029056,    70764,    59334,    21863
30341246,       12, 29697274,    70767,    59359,    22390
30346384,       13, 33194079,    70772,    59382,    22913
30349237,       14, 33387686,    70775,    59405,    23412
30351228,       10, 29642320,    70456,    59319,    21345
30351353,       11, 30022325,    70470,    59320,    21863
30353603,       12, 29690138,    70484,    59321,    22390
30354118,       13, 33208688,    70497,    59323,    22913
26102940,       14, 33387573,    70510,    59324,    23412
27663021,       10, 29651385,    71461,    59263,    21345
28426382,       11, 30036734,    71551,    59274,    21863
24172849,       12, 29690964,    71642,    59284,    22390
24897334,       13, 33204462,    71733,    59294,    22913
24173278,       14, 33389888,    71818,    59303,    23412
24945748,       10, 29652836,    72072,    59930,    21345
25678131,       11, 30033536,    72085,    59952,    21863
25714907,       12, 29698811,    72097,    59973,    22390
26483168,       13, 34238890,    72111,    59995,    22913
26495456,       14, 33384818,    72123,    60015,    23412
27231585,       10, 29641141,    71010,    60331,    21345
27270312,       11, 30027748,    71022,    60349,    21863
27282605,       12, 29696318,    71034,    60366,    22390
28012302,       14, 34403728,    71056,    60400,    23412
28027825,       10, 29651249,    71124,    59354,    21345
28047653,       11, 30030852,    71131,    59392,    21863
28767478,       12, 29693125,    71138,    59431,    22390
29512739,       13, 33193915,    71145,    59469,    22913
29585188,       14, 33389272,    71152,    59505,    23412
24934216,       10, 29641974,    70206,    59129,    21345
25717991,       11, 30022577,    70223,    59138,    21863
28781022,       12, 29690181,    70241,    59147,    22390
30259347,       13, 33187987,    70258,    59156,    22913
24941996,       14, 33394869,    70275,    59165,    23412
25688092,       10, 29656207,    72378,    60349,    21345
27972673,       11, 30028168,    72410,    60360,    21863
27987436,       12, 29710509,    72443,    60370,    22390
28004471,       13, 34236241,    72476,    60380,    22913
27947642,       14, 34417678,    72507,    60390,    23412
24148896,       10, 30598772,    72659,    60627,    21345
27955943,       11, 31005753,    72704,    60716,    21863
25743134,       12, 30647971,    72748,    60806,    22390
27269704,       13, 34260211,    72792,    60895,    22913
27959178,       14, 34421880,    72834,    60980,    23412
28013899,       10, 30598676,    72789,    60629,    21345
29549513,       11, 31005765,    72835,    60713,    21863
30304077,       12, 30647879,    72881,    60797,    22390
24935463,       13, 34260333,    72928,    60882,    22913
27960996,       14, 34422066,    72972,    60963,    23412
24122589,       10, 30475724,    56730,    61150,    21345
29589891,       11, 30886622,    56732,    61170,    21863
25754741,       12, 30525372,    56732,    61191,    22390
27984898,       13, 34129674,    56734,    61211,    22913
27989909,       14, 34300447,    56735,    61231,    23412
29549134,       10, 30478503,    57364,    61959,    21345
25425983,       11, 30891713,    57372,    61976,    21863
24204596,       12, 30536661,    57379,    61993,    22390
24961909,       13, 35171935,    57387,    62010,    22913
25699868,       14, 34293211,    57394,    62026,    23412
25697791,       11, 30892947,    56986,    62252,    21863
25732508,       12, 30532253,    56988,    62254,    22390
27207279,       13, 35183185,    56990,    62256,    22913
27238513,       14, 35304632,    56991,    62258,    23412
27263827,       10, 30477425,    57597,    62524,    21345
28743186,       11, 31843665,    57613,    62539,    21863
28757714,       13, 35173839,    57646,    62568,    22913
29539999,       14, 35304533,    57661,    62582,    23412
28788930,       10, 30498344,    58162,    62372,    21345
24187775,       11, 30895024,    58187,    62375,    21863
25714974,       12, 31483042,    58213,    62378,    22390
28791757,       13, 35176068,    58239,    62380,    22913
28719582,       14, 35331474,    58263,    62383,    23412
24126611,       10, 30488352,    58713,    61037,    21345
24187014,       11, 30902234,    58732,    61050,    21863
24905471,       12, 30540825,    58750,    61064,    22390
24922007,       13, 34150481,    58769,    61078,    22913
24906223,       14, 34310866,    58786,    61091,    23412
24962575,       10, 30494854,    59286,    61650,    21345
24964779,       11, 30906198,    59308,    61713,    21863
25713846,       12, 30551921,    59330,    61777,    22390
24956479,       13, 35186319,    59354,    61840,    22913
25741781,       14, 34309748,    59377,    61900,    23412
25675610,       10, 30501448,    60170,    61219,    21345
25684415,       11, 30903008,    60198,    61262,    21863
26509536,       12, 30555933,    60227,    61307,    22390
27194061,       13, 34147295,    60256,    61351,    22913
27231377,       14, 34334233,    60284,    61393,    23412
27245286,       10, 30489971,    59762,    60965,    21345
27253335,       11, 30900758,    59800,    60967,    21863
27981082,       12, 30546348,    59838,    60969,    22390
29144249,       14, 34307761,    59912,    60972,    23412
27968835,       10, 30492301,    59816,    61459,    21345
28004425,       11, 30905480,    59841,    61464,    21863
29173654,       12, 30569861,    59867,    61469,    22390
28779365,       13, 34147401,    59892,    61474,    22913
28808278,       14, 34313841,    59916,    61478,    23412
28752660,       10, 31424270,    58706,    62530,    21345
28745781,       11, 31866792,    58720,    62543,    21863
28738382,       12, 31485568,    58735,    62556,    22390
29526198,       13, 35191199,    58750,    62568,    22913
29513263,       14, 35320656,    58764,    62580,    23412
28764572,       10, 30498375,    58299,    62483,    21345
29512599,       11, 31852459,    58299,    62509,    21863
29558280,       12, 31485534,    58299,    62535,    22390
25679882,       13, 35176106,    58299,    62562,    22913
25712756,       14, 35331743,    58298,    62587,    23412
26467804,       10, 30499131,    59641,    61937,    21345
28376117,       11, 30906881,    59650,    61967,    21863
27974258,       12, 30551827,    59659,    61996,    22390
28779299,       13, 35188475,    59668,    62026,    22913
28732565,       14, 34315305,    59677,    62054,    23412
29500894,       10, 30500081,    58213,    61787,    21345
29537310,       11, 30893942,    58217,    61797,    21863
30265419,       12, 30550994,    58223,    61807,    22390
25757471,       13, 35179907,    58227,    61817,    22913
26499050,       14, 34297771,    58232,    61826,    23412
29528547,       11, 30893854,    58237,    61927,    21863
29571297,       12, 30550136,    58237,    61929,    22390
30258655,       13, 35179858,    58237,    61931,    22913
24922235,       14, 34314959,    58237,    61933,    23412
25687929,       11, 30912411,    60852,    61115,    21863
25739614,       12, 30560777,    60852,    61120,    22390
27181911,       13, 34160540,    60852,    61125,    22913
27607814,       10, 30507076,    61311,    61366,    21345
27232318,       11, 30921479,    61353,    61395,    21863
27993603,       12, 30568972,    61397,    61424,    22390
29520510,       13, 34164669,    61440,    61453,    22913
24893460,       14, 34333032,    61481,    61481,    23412
25669025,       10, 30506603,    61576,    61541,    21345
24923038,       11, 30926242,    61593,    61556,    21863
26464794,       12, 30564722,    61611,    61571,    22390
25688944,       13, 34164256,    61628,    61586,    22913
26482614,       14, 34330900,    61644,    61600,    23412
27260953,       11, 31881840,    61497,    62430,    21863
27257557,       12, 31498690,    61507,    62431,    22390
27983716,       14, 35345424,    61528,    62434,    23412
28020763,       10, 30539550,    64185,    61847,    21345
29513769,       11, 30938724,    64211,    61897,    21863
29515873,       12, 30596794,    64237,    61948,    22390
28786912,       13, 35219625,    64263,    62000,    22913
26466990,       14, 34363011,    64288,    62048,    23412
27206460,       10, 30530408,    62921,    61913,    21345
28002588,       11, 30937920,    62972,    62004,    21863
29535128,       12, 30581696,    63023,    62097,    22390
28789198,       13, 35231744,    63074,    62192,    22913
29521394,       14, 35358722,    63123,    62283,    23412
29585476,       10, 30522104,    62761,    61168,    21345
24204531,       11, 30927731,    62773,    61177,    21863
26511749,       12, 30575790,    62784,    61187,    22390
30258070,       13, 34179896,    62796,    61197,    22913
24905947,       14, 34349281,    62807,    61206,    23412
24953183,       10, 30521887,    63141,    61536,    21345
26483214,       11, 30941277,    63159,    61557,    21863
27203474,       12, 30583028,    63179,    61578,    22390
28021176,       13, 34182774,    63197,    61599,    22913
28772991,       14, 34347526,    63216,    61620,    23412
28015764,       10, 30528356,    62989,    62190,    21345
29515859,       11, 30934992,    63063,    62220,    21863
29543912,       12, 30582613,    63138,    62251,    22390
30269476,       13, 35231214,    63212,    62282,    22913
29516957,       14, 35358747,    63283,    62311,    23412
24169025,       10, 30541341,    63991,    62169,    21345
27202498,       11, 30939444,    63995,    62173,    21863
27227013,       12, 30595336,    63999,    62180,    22390
27284315,       13, 35222978,    64002,    62187,    22913
30316272,       14, 35349402,    64006,    62193,    23412
29552102,       10, 30532019,    65322,    61097,    21345
30340275,       11, 30948056,    65336,    61097,    21863
24164248,       12, 30584141,    65351,    61098,    22390
24201682,       13, 34200857,    65366,    61099,    22913
24127904,       14, 34359683,    65380,    61100,    23412
24900779,       10, 30542857,    65028,    62065,    21345
25681455,       11, 30954853,    65046,    62111,    21863
26444566,       12, 30594204,    65064,    62159,    22390
27212796,       13, 35248282,    65082,    62206,    22913
27211265,       14, 35374240,    65099,    62252,    23412
27250899,       10, 30545636,    65180,    61748,    21345
26518802,       11, 30957029,    65230,    61795,    21863
27264726,       12, 30594198,    65282,    61845,    22390
28014737,       13, 35245933,    65333,    61893,    22913
28765559,       14, 34361329,    65381,    61939,    23412
28777460,       10, 30535527,    64829,    60928,    21345
24921534,       11, 30946460,    64844,    60948,    21863
24920674,       12, 30589776,    64858,    60967,    22390
24945399,       13, 34200739,    64873,    60987,    22913
25722605,       14, 34357227,    64886,    61004,    23412
24971315,       10, 31467272,    65262,    62545,    21345
24980103,       11, 31911160,    65265,    62546,    21863
26470267,       13, 35242106,    65272,    62550,    22913
25708287,       14, 35365617,    65274,    62552,    23412
25735957,       10, 31490054,    66238,    62668,    21345
26529883,       10, 30543119,    64728,    62287,    21345
26465470,       11, 30953398,    64738,    62305,    21863
27211898,       12, 30597732,    64749,    62324,    22390
27230765,       13, 35248132,    64759,    62342,    22913
26508486,       14, 35374164,    64768,    62360,    23412
26515402,       10, 30543292,    64946,    62024,    21345
27981369,       11, 30955121,    65006,    62038,    21863
27250444,       12, 30593810,    65069,    62051,    22390
27269084,       13, 35245915,    65130,    62064,    22913
27967930,       14, 34365672,    65188,    62076,    23412
27990889,       10, 30548610,    67012,    60781,    21345
28758822,       12, 30601861,    67058,    60796,    22390
28014330,       13, 34216665,    67082,    60804,    22913
28022903,       14, 34368234,    67103,    60811,    23412
28799051,       10, 30554886,    67578,    61507,    21345
28805675,       11, 30965855,    67589,    61548,    21863
28041814,       12, 30611748,    67600,    61589,    22390
28732620,       13, 34210068,    67611,    61631,    22913
28767134,       14, 34377882,    67622,    61670,    23412
28008845,       10, 30566891,    68375,    61424,    21345
28810865,       11, 30970473,    68415,    61495,    21863
28819680,       12, 30622145,    68456,    61566,    22390
29499098,       13, 34231567,    68498,    61638,    22913
29561398,       10, 30553766,    67027,    62483,    21345
29557523,       11, 31923273,    67071,    62508,    21863
24133637,       12, 31540553,    67116,    62533,    22390
24155608,       13, 35255768,    67162,    62557,    22913
24973465,       14, 35381156,    67204,    62580,    23412
25706466,       10, 31490196,    66841,    62509,    21345
25718124,       11, 31922920,    66862,    62524,    21863
25718203,       12, 31540631,    66885,    62538,    22390
25743537,       13, 35255586,    66908,    62553,    22913
26458928,       14, 35381223,    66929,    62568,    23412
25689074,       10, 30563963,    68981,    60914,    21345
26479245,       11, 30975290,    69004,    60919,    21863
27204295,       12, 30617170,    69026,    60924,    22390
27240032,       13, 34227300,    69048,    60930,    22913
27243911,       14, 34383813,    69070,    60935,    23412
28027632,       10, 30567350,    69465,    61085,    21345
28782080,       11, 30972606,    69495,    61102,    21863
29509321,       12, 30618896,    69525,    61119,    22390
28791029,       13, 34226940,    69554,    61136,    22913
24114648,       10, 31506760,    68437,    62979,    21345
25679747,       11, 31926020,    68478,    63022,    21863
26812707,       12, 31557954,    68519,    63065,    22390
27947794,       13, 35274715,    68560,    63108,    22913
28047887,       14, 35397261,    68600,    63150,    23412
29549843,       10, 30586998,    69998,    61948,    21345
25686560,       11, 30983867,    70004,    61952,    21863
26520462,       12, 30638883,    70011,    61956,    22390
28009358,       13, 35277014,    70018,    61961,    22913
29498569,       14, 34395401,    70024,    61965,    23412
24126741,       10, 30586680,    70616,    62030,    21345
26477356,       11, 30997880,    70658,    62109,    21863
29173701,       12, 30640568,    70698,    62187,    22390
28790894,       13, 35287497,    70739,    62266,    22913
29955334,       14, 35409720,    70778,    62342,    23412
29550464,       10, 30578441,    70777,    60919,    21345
29589890,       11, 30987461,    70799,    60925,    21863
30701940,       12, 30632809,    70822,    60932,    22390
30298260,       13, 34243967,    70844,    60938,    22913
30747520,       14, 34399865,    70866,    60944,    23412
24114978,       10, 30592365,    71949,    61282,    21345
25252046,       11, 30993209,    71998,    61305,    21863
25270634,       12, 30643491,    72045,    61327,    22390
24933882,       13, 34247308,    72092,    61350,    22913
24967270,       14, 34409895,    72138,    61372,    23412
26454437,       10, 30600548,    71904,    61932,    21345
26896601,       11, 30998804,    71942,    61963,    21863
26460134,       12, 30653104,    71979,    61994,    22390
27608066,       13, 35292895,    72019,    62026,    22913
29164278,       14, 34408054,    72056,    62057,    23412
29980918,       10, 30592511,    72064,    61448,    21345
27968333,       11, 31001644,    72160,    61455,    21863
24896778,       12, 30651328,    72254,    61461,    22390
24913920,       13, 34246730,    72350,    61467,    22913
24951555,       14, 34424362,    72441,    61473,    23412
24959589,       10, 30592586,    72059,    61311,    21345
26825429,       11, 30993315,    72117,    61370,    21863
25744247,       12, 30651256,    72176,    61429,    22390
26434972,       13, 34246664,    72235,    61487,    22913
27219822,       14, 34424556,    72292,    61541,    23412
27220610,       10, 31517663,    70145,    62687,    21345
27243847,       11, 31940902,    70151,    62713,    21863
27251485,       12, 31571742,    70159,    62738,    22390
27980253,       13, 35272990,    70165,    62764,    22913
27978490,       14, 35406255,    70171,    62790,    23412
28722516,       10, 30585203,    70322,    61810,    21345
28733221,       11, 30985277,    70342,    61815,    21863
29526515,       12, 30636944,    70360,    61819,    22390
25698144,       13, 35277092,    70379,    61823,    22913
26466413,       14, 34410820,    70397,    61828,    23412
27982096,       10, 30588415,    71070,    62016,    21345
28018188,       11, 30998094,    71137,    62034,    21863
28030603,       12, 30640368,    71203,    62053,    22390
28721770,       13, 35292820,    71269,    62072,    22913
28749873,       14, 34413487,    71333,    62090,    23412
28819544,       10, 30588214,    71728,    62320,    21345
29583650,       11, 31000351,    71731,    62369,    21863
24116052,       12, 30636175,    71734,    62419,    22390
24195190,       14, 35419700,    71739,    62515,    23412
25662456,       10, 30592075,    72578,    61216,    21345
27999444,       11, 30988788,    72587,    61220,    21863
28022546,       12, 30649059,    72596,    61225,    22390
29494730,       13, 34259914,    72605,    61229,    22913
29510603,       14, 34424291,    72614,    61234,    23412
29535474,       10, 30605384,    73473,    61732,    21345
29562989,       11, 31015639,    73476,    61793,    21863
30321754,       12, 30652375,    73478,    61854,    22390
24196880,       14, 34427945,    73483,    61975,    23412
25654262,       10, 30605327,    73080,    61579,    21345
25675555,       11, 31010831,    73090,    61596,    21863
25734636,       12, 30656371,    73100,    61613,    22390
25754465,       13, 34263399,    73110,    61630,    22913
27234409,       14, 34429626,    73119,    61646,    23412
27263135,       10, 30605371,    73426,    61812,    21345
28013594,       11, 31015889,    73459,    61825,    21863
28022483,       12, 30652247,    73492,    61836,    22390
28740286,       11, 31844960,    57429,    63965,    21863
29546266,       12, 31478095,    57430,    63970,    22390
30344576,       13, 36187224,    57431,    63976,    22913
24126581,       14, 35306802,    57431,    63981,    23412
24138590,       10, 31409886,    57289,    64362,    21345
24965053,       11, 32779028,    57294,    64413,    21863
25664403,       12, 32384090,    57299,    64464,    22390
25734844,       13, 36188867,    57304,    64514,    22913
25761056,       14, 36279019,    57309,    64563,    23412
26460744,       10, 31410175,    57150,    64091,    21345
26473979,       11, 31853680,    57152,    64158,    21863
27183993,       12, 31472994,    57154,    64225,    22390
29499142,       13, 36187855,    57156,    64293,    22913
29547798,       14, 36278891,    57157,    64357,    23412
29564323,       10, 31430910,    58071,    63930,    21345
30258529,       12, 31494312,    58120,    63968,    22390
30329363,       13, 36192486,    58145,    63988,    22913
24214862,       10, 31413236,    57805,    63289,    21345
24899261,       11, 31847152,    57825,    63291,    21863
24944254,       12, 31487547,    57845,    63295,    22390
25665683,       13, 35170581,    57866,    63298,    22913
25694526,       14, 35310492,    57885,    63301,    23412
24981863,       10, 31431638,    59471,    64049,    21345
27208907,       11, 31859233,    59505,    64059,    21863
27960747,       12, 31493510,    59540,    64068,    22390
27959859,       13, 36203307,    59575,    64078,    22913
28767138,       14, 36299667,    59608,    64087,    23412
27985951,       10, 31423051,    58999,    63992,    21345
28765859,       11, 31859124,    59038,    64014,    21863
28820778,       12, 31493249,    59079,    64036,    22390
29509164,       13, 36203546,    59119,    64059,    22913
29519263,       14, 36297363,    59158,    64080,    23412
29521354,       10, 31433714,    59702,    64401,    21345
29586309,       11, 32792621,    59781,    64453,    21863
30268067,       12, 32412543,    59861,    64507,    22390
30723434,       13, 36216245,    59940,    64560,    22913
24136203,       14, 36306453,    60016,    64611,    23412
24936172,       10, 32340664,    59459,    64574,    21345
25657968,       11, 32792593,    59488,    64642,    21863
25659511,       12, 32404501,    59516,    64711,    22390
25699059,       13, 36205113,    59545,    64780,    22913
24937099,       14, 36307538,    59571,    64844,    23412
26446544,       10, 31428716,    58486,    63481,    21345
26476666,       11, 31849156,    58498,    63514,    21863
26518455,       12, 31481987,    58511,    63548,    22390
27198522,       13, 35193297,    58524,    63581,    22913
27234643,       14, 35329810,    58536,    63613,    23412
27961071,       10, 32345644,    59456,    65137,    21345
28758857,       11, 32791250,    59472,    65191,    21863
24918074,       12, 32405545,    59488,    65245,    22390
25710421,       13, 36201835,    59505,    65299,    22913
26443633,       14, 36301889,    59521,    65350,    23412
26451001,       10, 32339891,    58438,    64536,    21345
26488267,       11, 32779814,    58449,    64595,    21863
26503621,       12, 32393848,    58460,    64654,    22390
26502671,       13, 36217511,    58471,    64713,    22913
27182457,       14, 36308748,    58482,    64770,    23412
26439718,       10, 31437604,    60982,    63814,    21345
27211233,       11, 31871696,    61001,    63823,    21863
27263760,       12, 31508086,    61020,    63833,    22390
27964181,       14, 35344232,    61057,    63853,    23412
27228181,       10, 32349805,    60570,    65070,    21345
28765463,       11, 32787815,    60620,    65163,    21863
28782024,       12, 32419925,    60670,    65256,    22390
28821102,       13, 36218161,    60721,    65351,    22913
29542037,       14, 36316662,    60768,    65441,    23412
29576633,       10, 31448366,    61456,    64176,    21345
30303963,       11, 31883202,    61530,    64243,    21863
25727244,       12, 31503959,    61605,    64313,    22390
26446695,       13, 36231440,    61680,    64381,    22913
25701342,       14, 36318146,    61751,    64446,    23412
26511843,       10, 32366531,    62040,    65372,    21345
27266478,       11, 32816312,    62092,    65469,    21863
24183060,       12, 32427678,    62145,    65568,    22390
24961390,       13, 36219825,    62197,    65666,    22913
24901924,       14, 36325532,    62248,    65761,    23412
26450740,       10, 31445870,    61561,    63977,    21345
26489319,       11, 31883353,    61595,    64065,    21863
26506520,       12, 31500252,    61630,    64154,    22390
26505809,       13, 36231121,    61664,    64243,    22913
27261037,       14, 36318273,    61698,    64328,    23412
27200569,       10, 31454105,    62359,    64019,    21345
28775145,       11, 31875346,    62370,    64031,    21863
28771726,       12, 31521738,    62381,    64043,    22390
28803477,       13, 36221840,    62392,    64055,    22913
28817292,       14, 35355138,    62403,    64066,    23412
29508722,       10, 32374002,    62903,    64929,    21345
24127627,       11, 32819416,    62972,    65022,    21863
24151196,       12, 32434086,    63042,    65117,    22390
24964604,       13, 36244504,    63112,    65211,    22913
25681684,       14, 36335516,    63180,    65301,    23412
24961444,       10, 32370536,    63094,    64556,    21345
25661425,       11, 32825327,    63170,    64596,    21863
25689247,       12, 32424313,    63249,    64636,    22390
26485910,       13, 36248581,    63326,    64676,    22913
25723957,       14, 36337856,    63401,    64714,    23412
25726522,       10, 32381792,    63929,    64656,    21345
27250980,       11, 32825133,    63937,    64688,    21863
27209497,       12, 32442312,    63945,    64721,    22390
27990247,       13, 36239484,    63953,    64754,    22913
28753482,       14, 36328727,    63961,    64785,    23412
27973227,       10, 31451381,    62598,    63711,    21345
28765458,       11, 31872438,    62605,    63746,    21863
28051750,       12, 31520293,    62612,    63782,    22390
29503497,       14, 35350134,    62627,    63852,    23412
29512076,       10, 31461623,    62919,    62813,    21345
29547283,       11, 31890239,    62922,    62817,    21863
29572682,       12, 31523142,    62924,    62821,    22390
29555552,       13, 35227784,    62926,    62826,    22913
24152632,       14, 35355588,    62928,    62830,    23412
24960983,       10, 32366542,    62510,    65238,    21345
26467412,       12, 32434056,    62509,    65404,    22390
26488609,       13, 36234444,    62509,    65488,    22913
25710417,       14, 36332340,    62509,    65569,    23412
26526243,       10, 31459025,    63356,    63418,    21345
26432777,       11, 31893866,    63389,    63453,    21863
27963783,       13, 35229819,    63458,    63523,    22913
28809648,       14, 35359651,    63491,    63557,    23412
29493517,       10, 31459491,    63033,    63379,    21345
29510970,       11, 31891998,    63079,    63402,    21863
29539785,       13, 35229950,    63172,    63447,    22913
29574435,       14, 35357674,    63216,    63468,    23412
24122633,       10, 31468997,    65183,    64327,    21345
24214796,       11, 31909316,    65189,    64374,    21863
25690404,       12, 32439071,    65196,    64423,    22390
24934492,       13, 36263522,    65202,    64471,    22913
25760180,       14, 36341773,    65209,    64517,    23412
28750479,       10, 32382190,    65834,    64506,    21345
29516595,       11, 32835745,    65839,    64512,    21863
30277123,       12, 32456369,    65843,    64517,    22390
24184968,       13, 36253020,    65849,    64523,    22913
24883156,       14, 36342020,    65853,    64528,    23412
24208291,       10, 31469057,    65228,    64320,    21345
25655394,       11, 31909271,    65230,    64341,    21863
25738468,       12, 32439083,    65232,    64363,    22390
26450014,       13, 36263755,    65234,    64385,    22913
27217301,       14, 36349428,    65236,    64406,    23412
27252113,       10, 31465766,    65698,    63668,    21345
28728143,       11, 31899605,    65725,    63692,    21863
28732591,       12, 31530179,    65752,    63716,    22390
27968885,       13, 35238343,    65779,    63741,    22913
29489901,       14, 35364349,    65805,    63764,    23412
28738332,       10, 31487679,    66629,    63317,    21345
29505818,       11, 31919835,    66689,    63357,    21863
29518702,       12, 31544075,    66751,    63396,    22390
30721098,       13, 35262133,    66813,    63437,    22913
29533119,       14, 35378152,    66872,    63474,    23412
30334884,       10, 32378676,    64248,    65242,    21345
24187183,       11, 32822184,    64254,    65335,    21863
24140065,       12, 32449124,    64261,    65431,    22390
24967010,       13, 36235483,    64267,    65526,    22913
25681039,       14, 36349032,    64273,    65617,    23412
25686459,       10, 31475149,    64438,    63751,    21345
25696125,       11, 31886645,    64448,    63777,    21863
25761451,       12, 31536806,    64458,    63803,    22390
26457403,       13, 36257824,    64468,    63830,    22913
26482660,       14, 35374993,    64477,    63855,    23412
26502303,       10, 31473746,    64868,    63491,    21345
27190071,       11, 31910158,    64900,    63513,    21863
27256908,       12, 31524573,    64934,    63536,    22390
26901101,       13, 35247052,    64968,    63558,    22913
28744474,       14, 35375257,    64999,    63579,    23412
28045587,       10, 32384666,    64993,    64807,    21345
28806449,       11, 32845186,    65006,    64915,    21863
29516968,       12, 32436425,    65020,    65028,    22390
29546621,       13, 36260237,    65034,    65138,    22913
30327800,       14, 36355784,    65047,    65245,    23412
24909796,       10, 31485223,    67632,    64259,    21345
25710561,       11, 31916682,    67718,    64296,    21863
25739921,       12, 31546716,    67805,    64333,    22390
25750119,       13, 36268492,    67892,    64370,    22913
26432429,       14, 36363818,    67975,    64405,    23412
26496400,       10, 31499837,    67978,    63523,    21345
26499871,       11, 31914533,    68017,    63539,    21863
27183036,       12, 31561171,    68057,    63555,    22390
27221373,       13, 35260936,    68096,    63571,    22913
27231630,       10, 31484674,    67836,    63977,    21345
27970019,       11, 31916568,    67861,    63981,    21863
27974765,       12, 31564750,    67885,    63986,    22390
27974734,       13, 36270525,    67910,    63990,    22913
28741671,       14, 35388242,    67934,    63994,    23412
28754449,       10, 32417505,    68199,    64987,    21345
29575998,       11, 32859732,    68258,    65061,    21863
30303633,       12, 32466451,    68320,    65136,    22390
24195251,       13, 36274403,    68383,    65211,    22913
24157424,       14, 36388288,    68443,    65282,    23412
24950641,       10, 31492416,    66827,    63108,    21345
26497135,       11, 31919764,    66889,    63147,    21863
28722752,       12, 31544135,    66953,    63187,    22390
27992873,       13, 35258268,    67016,    63228,    22913
28003345,       14, 35378117,    67077,    63266,    23412
28798926,       10, 31506672,    68318,    63012,    21345
29528602,       11, 31925784,    68348,    63043,    21863
28798390,       12, 31556582,    68379,    63073,    22390
29521025,       13, 35259060,    68410,    63104,    22913
30330412,       14, 35398329,    68440,    63133,    23412
24151182,       10, 31506947,    67878,    63002,    21345
25692638,       11, 31917790,    67892,    63024,    21863
25722801,       13, 35249526,    67921,    63069,    22913
25743069,       14, 35384257,    67934,    63091,    23412
26432277,       10, 31488465,    66531,    64479,    21345
26530945,       11, 32837316,    66559,    64501,    21863
26508407,       12, 32454674,    66587,    64524,    22390
27268119,       13, 36280213,    66615,    64545,    22913
27979945,       14, 36368557,    66642,    64566,    23412
28019683,       10, 31484241,    67680,    63223,    21345
28772426,       11, 31918454,    67689,    63226,    21863
27998536,       12, 31545881,    67698,    63229,    22390
28796751,       13, 35249520,    67706,    63232,    22913
28032607,       14, 35384229,    67714,    63235,    23412
29504835,       10, 31499376,    67910,    63179,    21345
28750867,       11, 31918773,    67929,    63204,    21863
29567919,       12, 31558580,    67947,    63227,    22390
24119826,       13, 35251971,    67965,    63252,    22913
24146807,       14, 35386328,    67982,    63274,    23412
24151979,       10, 31499777,    67912,    63428,    21345
24922279,       11, 31914593,    67942,    63467,    21863
24901424,       12, 31561111,    67971,    63507,    22390
26445829,       14, 35386199,    68030,    63586,    23412
25699294,       10, 31496142,    68864,    64056,    21345
26444562,       11, 31940150,    68892,    64066,    21863
26481023,       12, 31554863,    68921,    64077,    22390
28000125,       13, 36285852,    68949,    64088,    22913
28779121,       14, 35398192,    68976,    64098,    23412
28789995,       12, 31554549,    68863,    64127,    22390
28043133,       13, 36282950,    68864,    64128,    22913
28043045,       14, 35398226,    68864,    64129,    23412
29517639,       10, 31497237,    68736,    62836,    21345
29507993,       11, 31941803,    68757,    62859,    21863
30277069,       12, 31556228,    68778,    62881,    22390
29515787,       14, 35397711,    68819,    62925,    23412
24156152,       10, 31493664,    69407,    63957,    21345
25661681,       11, 31930600,    69442,    64065,    21863
25713883,       12, 31564270,    69478,    64172,    22390
27210482,       13, 36283515,    69515,    64280,    22913
27226131,       14, 36379809,    69549,    64382,    23412
26468582,       10, 31497247,    68986,    63175,    21345
27265332,       11, 31933753,    68989,    63206,    21863
28775193,       12, 31559228,    68992,    63237,    22390
28796455,       13, 35267937,    68995,    63267,    22913
28794374,       14, 35392041,    68998,    63295,    23412
29505057,       10, 31493248,    68931,    63574,    21345
28792932,       11, 31927811,    68949,    63591,    21863
29544941,       12, 31552750,    68968,    63608,    22390
30335638,       13, 35267927,    68987,    63626,    22913
24198106,       14, 35394406,    69005,    63642,    23412
24190007,       10, 32425349,    70641,    64660,    21345
24897261,       11, 32890520,    70696,    64716,    21863
24909656,       12, 32487640,    70753,    64771,    22390
24157230,       13, 36302776,    70809,    64826,    22913
25671465,       14, 36391393,    70863,    64877,    23412
26473955,       10, 32425360,    70908,    64683,    21345
25709778,       11, 32879449,    70972,    64709,    21863
26442250,       12, 32487733,    71036,    64735,    22390
26448240,       13, 36302570,    71100,    64760,    22913
26458200,       14, 36400880,    71161,    64784,    23412
26488161,       10, 31527843,    72119,    63372,    21345
26517006,       11, 31950400,    72140,    63380,    21863
27283087,       12, 31586863,    72162,    63389,    22390
27186016,       13, 35286412,    72184,    63396,    22913
27192177,       14, 35409007,    72205,    63404,    23412
27205909,       10, 32425268,    70419,    64749,    21345
27236761,       11, 32873924,    70435,    64767,    21863
26480259,       12, 32481889,    70450,    64787,    22390
27240168,       13, 36313737,    70465,    64806,    22913
27254234,       14, 36391285,    70479,    64823,    23412
27280899,       11, 32884713,    71521,    64685,    21863
27972657,       12, 32482794,    71542,    64702,    22390
28001313,       13, 36312359,    71562,    64720,    22913
28007157,       14, 36401080,    71582,    64737,    23412
28013049,       10, 32440266,    72623,    64536,    21345
28747883,       11, 32896090,    72654,    64608,    21863
28752613,       12, 32501523,    72684,    64681,    22390
28753555,       13, 36317911,    72714,    64753,    22913
29527559,       14, 36406361,    72743,    64822,    23412
29540542,       10, 31526501,    72325,    62914,    21345
27999535,       11, 31948169,    72330,    62920,    21863
28792760,       12, 31592708,    72335,    62925,    22390
28788874,       13, 35283072,    72340,    62931,    22913
29517720,       14, 35430120,    72345,    62936,    23412
30279727,       10, 31524792,    72481,    64151,    21345
29530722,       11, 31946298,    72505,    64156,    21863
30290969,       12, 31592282,    72528,    64161,    22390
29544556,       13, 36315971,    72553,    64164,    22913
29586762,       14, 35431075,    72576,    64169,    23412
24114897,       10, 31524766,    72599,    64411,    21345
24116808,       11, 32882816,    72612,    64418,    21863
24216703,       12, 32501162,    72626,    64426,    22390
24916641,       13, 36316317,    72640,    64433,    22913
24940399,       14, 36409475,    72653,    64441,    23412
24892315,       10, 31525082,    72255,    63960,    21345
25688303,       11, 31946596,    72263,    64054,    21863
24918361,       12, 31583698,    72270,    64148,    22390
25700254,       13, 36301909,    72279,    64242,    22913
25685566,       14, 36409705,    72286,    64333,    23412
26469904,       10, 31531474,    73365,    63631,    21345
26485009,       11, 31965570,    73383,    63632,    21863
27196246,       12, 31581817,    73403,    63632,    22390
25687419,       14, 35433168,    73441,    63633,    23412
27231587,       10, 31529745,    73091,    63234,    21345
27955688,       11, 31964690,    73094,    63279,    21863
29200050,       12, 31588265,    73096,    63324,    22390
29488826,       13, 35308421,    73099,    63370,    22913
28733163,       14, 35433527,    73102,    63414,    23412
29534287,       10, 32442052,    73067,    64512,    21345
24204347,       11, 32896079,    73074,    64518,    21863
24216462,       12, 32501377,    73081,    64524,    22390
24912447,       13, 36327542,    73088,    64531,    22913
24202624,       14, 36411659,    73096,    64537,    23412
24886139,       10, 32319569,    57212,    65181,    21345
25681695,       11, 32787036,    57217,    65184,    21863
25686066,       12, 32380434,    57223,    65187,    22390
25734197,       13, 36185812,    57229,    65189,    22913
25760485,       14, 36281966,    57236,    65191,    23412
27950045,       10, 32320455,    57031,    65539,    21345
27221149,       11, 32786882,    57039,    65548,    21863
28744222,       12, 32382177,    57047,    65558,    22390
28753112,       13, 36185533,    57055,    65567,    22913
28787415,       14, 36277530,    57064,    65576,    23412
29534363,       11, 32775158,    57628,    64755,    21863
30333185,       12, 32389318,    57639,    64758,    22390
24139115,       13, 36188753,    57651,    64763,    22913
24912513,       14, 36280180,    57662,    64767,    23412
24914063,       10, 32334065,    58826,    66161,    21345
24916649,       11, 32797373,    58830,    66163,    21863
24179935,       12, 32392062,    58834,    66165,    22390
25720661,       13, 37233405,    58838,    66168,    22913
25747627,       14, 37287549,    58842,    66170,    23412
27202573,       10, 32337858,    58980,    64757,    21345
27203098,       11, 32799324,    58983,    64763,    21863
27269426,       12, 32404158,    58986,    64769,    22390
27269672,       13, 36204779,    58988,    64776,    22913
28002370,       14, 36296207,    58991,    64782,    23412
27240192,       10, 32339105,    58638,    65824,    21345
28038208,       11, 32795656,    58670,    65919,    21863
28735543,       12, 32392661,    58702,    66016,    22390
28773349,       13, 37233594,    58734,    66113,    22913
28809732,       14, 37287695,    58764,    66205,    23412
28725586,       10, 32342981,    58406,    66423,    21345
28736529,       11, 33727640,    58431,    66437,    21863
28733265,       12, 33320730,    58457,    66451,    22390
29549728,       13, 37235080,    58483,    66465,    22913
29975256,       14, 37299406,    58508,    66479,    23412
30269787,       10, 32344584,    58468,    65157,    21345
29520459,       11, 32786153,    58501,    65162,    21863
29534292,       12, 32395226,    58534,    65166,    22390
29546331,       13, 36209831,    58567,    65171,    22913
29179384,       14, 36296443,    58599,    65176,    23412
29553994,       10, 32342385,    59763,    65803,    21345
24126419,       11, 32793461,    59770,    65858,    21863
24918899,       12, 32391711,    59777,    65914,    22390
24917345,       13, 37243727,    59785,    65970,    22913
26476528,       14, 36303828,    59792,    66023,    23412
27210687,       13, 37239048,    58658,    66902,    22913
27276541,       10, 32348436,    60484,    66452,    21345
28735677,       11, 33742860,    60487,    66459,    21863
28051566,       12, 33336719,    60490,    66467,    22390
28729617,       13, 37261377,    60493,    66475,    22913
29539411,       14, 37305989,    60496,    66483,    23412
24176914,       10, 33282956,    62294,    67166,    21345
24184034,       11, 33746227,    62330,    67257,    21863
25654255,       12, 33358148,    62366,    67349,    22390
25693416,       13, 37254126,    62402,    67442,    22913
24934116,       14, 37318146,    62437,    67530,    23412
25749650,       10, 32349403,    60664,    65028,    21345
26532670,       11, 32816992,    60674,    65049,    21863
27223353,       12, 32419877,    60684,    65069,    22390
27254294,       13, 36225521,    60694,    65090,    22913
29566875,       14, 36313817,    60702,    65111,    23412
29508217,       10, 32352631,    60667,    65979,    21345
30327947,       11, 32816904,    60682,    66033,    21863
24939745,       12, 32417385,    60696,    66088,    22390
26518059,       13, 37250221,    60710,    66143,    22913
28013722,       14, 37304139,    60724,    66195,    23412
28721623,       10, 32351827,    60871,    64636,    21345
27237909,       11, 32808345,    60874,    64638,    21863
24900567,       12, 32418436,    60876,    64640,    22390
28792298,       13, 36222442,    60878,    64642,    22913
28008870,       14, 36312140,    60881,    64644,    23412
24161673,       10, 33269602,    61600,    67024,    21345
27241802,       11, 33753183,    61602,    67093,    21863
28779275,       12, 33333950,    61605,    67163,    22390
25734626,       13, 37259128,    61607,    67234,    22913
25743981,       14, 37312813,    61610,    67302,    23412
27214169,       10, 32365971,    62130,    65563,    21345
27214169,       11, 32811939,    62187,    65593,    21863
27214169,       12, 32427516,    62247,    65625,    22390
27214169,       13, 36219529,    62305,    65656,    22913
27214169,       14, 36325416,    62362,    65687,    23412
27216225,       11, 32798245,    59980,    66086,    21863
27216225,       14, 37297718,    59979,    66108,    23412
27216844,       10, 32362697,    62533,    66374,    21345
27216844,       11, 33749836,    62560,    66393,    21863
27216844,       12, 33360352,    62588,    66411,    22390
27216844,       13, 37268205,    62616,    66429,    22913
27216844,       14, 37320169,    62642,    66447,    23412
27216886,       10, 33281147,    62154,    66692,    21345
27216886,       11, 33757652,    62160,    66708,    21863
27216886,       12, 33351037,    62167,    66726,    22390
27216886,       13, 37247095,    62173,    66743,    22913
27216886,       14, 37307061,    62179,    66758,    23412
27217234,       10, 32372478,    63304,    66314,    21345
27217234,       11, 32827753,    63305,    66320,    21863
27217234,       12, 33352026,    63306,    66327,    22390
27217234,       13, 37270468,    63307,    66333,    22913
27217234,       14, 37329958,    63308,    66340,    23412
27218550,       10, 32374044,    63330,    65110,    21345
27218550,       11, 32830440,    63423,    65127,    21863
27218550,       12, 32425952,    63517,    65145,    22390
27218550,       13, 36244494,    63612,    65163,    22913
27218550,       14, 36330507,    63702,    65180,    23412
27220219,       10, 32379957,    63976,    65619,    21345
27220219,       11, 32826141,    63991,    65625,    21863
27220219,       12, 32444377,    64007,    65631,    22390
27220219,       13, 36234954,    64023,    65637,    22913
27220219,       14, 36326669,    64040,    65642,    23412
27220457,       10, 32380227,    63997,    65528,    21345
27220457,       11, 32822012,    64052,    65539,    21863
27220457,       12, 32444818,    64109,    65549,    22390
27220457,       14, 36348993,    64219,    65570,    23412
27220660,       10, 32385826,    64457,    66014,    21345
27220660,       11, 32818508,    64531,    66061,    21863
27220660,       12, 32446258,    64606,    66109,    22390
27220660,       13, 37293644,    64681,    66157,    22913
27220660,       14, 37346862,    64753,    66203,    23412
27222092,       10, 33289825,    62750,    66677,    21345
27222092,       11, 33763510,    62797,    66760,    21863
27222092,       12, 33355591,    62845,    66845,    22390
27222092,       13, 37262393,    62893,    66930,    22913
27222092,       14, 37327719,    62939,    67011,    23412
27222582,       10, 32376739,    64066,    66236,    21345
27222582,       11, 32818458,    64096,    66279,    21863
27222582,       12, 32445837,    64127,    66322,    22390
27222582,       13, 37268866,    64158,    66365,    22913
27222582,       14, 37321172,    64187,    66407,    23412
27223409,       10, 32373858,    63420,    64842,    21345
27223409,       11, 32829302,    63477,    64854,    21863
27223409,       12, 32424275,    63535,    64867,    22390
27223409,       13, 36248544,    63592,    64879,    22913
27223409,       14, 36330360,    63647,    64890,    23412
27223738,       10, 32372685,    62993,    66260,    21345
27223738,       11, 32817484,    62999,    66298,    21863
27223738,       12, 33346971,    63005,    66337,    22390
27223738,       13, 37270689,    63010,    66375,    22913
27223738,       14, 37329546,    63015,    66412,    23412
27225010,       10, 33276926,    63533,    66504,    21345
27225010,       11, 33772356,    63557,    66538,    21863
27225010,       12, 33351747,    63580,    66573,    22390
27225010,       13, 37270941,    63605,    66608,    22913
27225010,       14, 37322873,    63627,    66641,    23412
27225918,       10, 32373752,    62924,    65056,    21345
27225918,       11, 32819349,    62937,    65059,    21863
27225918,       12, 32432483,    62950,    65062,    22390
27225918,       13, 36244329,    62963,    65064,    22913
27225918,       14, 36338799,    62976,    65066,    23412
27226814,       10, 32371096,    63231,    65705,    21345
27226814,       11, 32826205,    63234,    65710,    21863
27226814,       12, 32428230,    63237,    65715,    22390
27226814,       13, 37261835,    63240,    65721,    22913
27226814,       14, 36336641,    63243,    65726,    23412
27229440,       10, 32377442,    65580,    66164,    21345
27229440,       11, 32843686,    65591,    66272,    21863
27229440,       12, 33364305,    65602,    66381,    22390
27229440,       13, 37282569,    65614,    66489,    22913
27229440,       14, 37336062,    65624,    66593,    23412
27231113,       10, 32399044,    65998,    65533,    21345
27231113,       11, 32836877,    66046,    65598,    21863
27231113,       12, 32458208,    66095,    65663,    22390
27231113,       13, 36249864,    66145,    65729,    22913
27231113,       14, 36346750,    66193,    65791,    23412
27231674,       10, 32377257,    65220,    66353,    21345
27231674,       11, 33787188,    65232,    66380,    21863
27231674,       12, 33363665,    65244,    66408,    22390
27231674,       13, 37287699,    65257,    66435,    22913
27232808,       10, 32401330,    66109,    65823,    21345
27232808,       11, 32836706,    66144,    65898,    21863
27232808,       12, 32460012,    66181,    65973,    22390
27232808,       13, 37280971,    66216,    66049,    22913
27232808,       14, 36366816,    66251,    66121,    23412
27233278,       10, 33295176,    64297,    66644,    21345
27233278,       11, 33764260,    64309,    66685,    21863
27233278,       12, 33374933,    64324,    66726,    22390
27233278,       13, 37263109,    64339,    66766,    22913
27233278,       14, 37339779,    64354,    66804,    23412
27234427,       11, 32820127,    64525,    64826,    21863
27234427,       12, 32447608,    64531,    64833,    22390
27234427,       13, 36257498,    64537,    64840,    22913
27234427,       14, 36355453,    64542,    64847,    23412
27235136,       10, 32376445,    64323,    66224,    21345
27235136,       11, 32818027,    64333,    66239,    21863
27235136,       12, 32446444,    64343,    66253,    22390
27235136,       13, 37268631,    64354,    66268,    22913
27235136,       14, 37346065,    64363,    66282,    23412
27243245,       10, 32413929,    67929,    65677,    21345
27243245,       11, 32852794,    67975,    65771,    21863
27243245,       12, 32472433,    68022,    65864,    22390
27243245,       13, 37309021,    68069,    65958,    22913
27243245,       14, 36368072,    68114,    66046,    23412
27243896,       10, 32396215,    67249,    65870,    21345
27243896,       11, 32854943,    67271,    65876,    21863
