Vector Track Size:     1337

28735539,        0, 28735539,    59396,    68635,    15768
28738298,        1, 29147112,    59399,    68654,    16284
28739368,        2, 28317896,    59403,    68675,    16817
28741111,        3, 29406342,    59407,    68696,    17345
28741347,        4, 29564371,    59410,    68717,    17875
28741592,        0, 28738298,    59501,    69946,    15768
28741680,        1, 29146228,    59512,    69985,    16284
28742448,        2, 28317020,    59524,    70025,    16817
28745858,        3, 29405209,    59536,    70065,    17345
28748482,        4, 29563062,    59548,    70105,    17875
24116883,        0, 28739368,    59395,    69025,    15768
24116920,        1, 29149428,    59402,    69062,    16284
24118130,        2, 28320573,    59409,    69101,    16817
24126626,        3, 29406843,    59416,    69140,    17345
24127536,        4, 29566980,    59424,    69178,    17875
24128635,        0, 28741111,    58196,    70413,    15768
24130254,        1, 29924873,    58223,    70453,    16284
24130689,        2, 28314430,    58251,    70495,    16817
24131535,        3, 29395381,    58279,    70537,    17345
24133200,        4, 30380419,    58308,    70579,    17875
24133432,        0, 28741347,    59868,    69051,    15768
24134559,        1, 29162516,    59908,    69056,    16284
24134925,        2, 28325837,    59950,    69060,    16817
24135584,        3, 29406538,    59991,    69065,    17345
24144319,        4, 29573915,    60033,    69070,    17875
24144949,        0, 28741592,    59725,    69223,    15768
24145653,        1, 29149210,    59732,    69246,    16284
24145926,        2, 28320470,    59738,    69270,    16817
24147672,        3, 29408752,    59745,    69294,    17345
24147796,        4, 29566552,    59752,    69318,    17875
24149886,        0, 28741680,    59515,    69359,    15768
24149912,        1, 29144777,    59525,    69416,    16284
24154686,        2, 28320835,    59535,    69476,    16817
24157879,        3, 29409166,    59544,    69534,    17345
24158480,        4, 29568732,    59555,    69593,    17875
24160424,        0, 28742448,    58111,    69307,    15768
24162714,        1, 29144075,    58129,    69389,    16284
24168852,        2, 28308964,    58147,    69476,    16817
24169013,        3, 29396389,    58164,    69561,    17345
24169020,        4, 29554763,    58182,    69647,    17875
24169222,        0, 28745858,    60418,    70533,    15768
24169322,        1, 29938327,    60487,    70595,    16284
24170961,        2, 29109502,    60558,    70659,    16817
24171248,        3, 30195428,    60629,    70722,    17345
24173239,        4, 30391336,    60700,    70786,    17875
24177286,        0, 28748482,    60279,    69652,    15768
24184027,        1, 29156434,    60330,    69731,    16284
24185292,        2, 28323749,    60384,    69814,    16817
24189719,        3, 29411931,    60436,    69895,    17345
24189871,        4, 29571166,    60490,    69975,    17875
24192067,        0, 24116883,    57508,    56864,    15768
24192478,        1, 24471381,    57513,    56871,    16284
24192708,        2, 23561617,    57519,    56878,    16817
24193276,        3, 24665442,    57525,    56886,    17345
24193714,        4, 24570997,    57531,    56893,    17875
24196598,        0, 24116920,    57321,    56833,    15768
24197641,        1, 24471529,    57360,    56862,    16284
24199692,        2, 23561655,    57400,    56890,    16817
24204731,        3, 24674994,    57440,    56919,    17345
24205531,        4, 24580871,    57481,    56947,    17875
24208160,        0, 24118130,    57413,    57163,    15768
24209585,        1, 24466944,    57420,    57188,    16284
24213942,        2, 23554633,    57428,    57212,    16817
24215764,        3, 24667482,    57435,    57236,    17345
24215837,        4, 24573435,    57442,    57260,    17875
24215948,        0, 24126626,    58659,    57829,    15768
24216385,        1, 24474843,    58672,    57838,    16284
24216601,        2, 23558099,    58683,    57846,    16817
24885918,        3, 24671150,    58697,    57856,    17345
24894065,        4, 24577256,    58710,    57865,    17875
24894443,        0, 24127536,    58555,    57820,    15768
24894690,        1, 24474963,    58555,    57823,    16284
24894819,        2, 23557896,    58556,    57825,    16817
24894898,        3, 24671124,    58556,    57828,    17345
24894935,        4, 24578106,    58557,    57830,    17875
24895269,        0, 24128635,    58585,    56795,    15768
24896876,        1, 24475821,    58598,    56795,    16284
24897135,        2, 23560904,    58612,    56796,    16817
24897833,        4, 24579762,    58639,    56798,    17875
24898930,        0, 24130254,    58776,    58425,    15768
24899077,        1, 25245032,    58777,    58434,    16284
24899932,        2, 23556498,    58779,    58443,    16817
24900499,        3, 24669579,    58780,    58452,    17345
24903637,        4, 24575778,    58781,    58461,    17875
24903654,        0, 24130689,    58384,    58402,    15768
24906966,        1, 24477434,    58386,    58433,    16284
24909591,        2, 23556714,    58389,    58465,    16817
24909856,        3, 24669679,    58392,    58496,    17345
24910421,        4, 24575798,    58394,    58528,    17875
24910618,        0, 24131535,    59384,    57436,    15768
24911209,        1, 24481572,    59422,    57460,    16284
24911238,        2, 23562298,    59462,    57484,    16817
24912532,        3, 24675664,    59501,    57507,    17345
24914144,        4, 24581344,    59540,    57531,    17875
24915313,        0, 24133200,    59205,    58604,    15768
24915966,        1, 25250194,    59233,    58640,    16284
24915986,        2, 24351832,    59263,    58677,    16817
24916656,        3, 25461485,    59292,    58714,    17345
24918636,        4, 25405148,    59320,    58752,    17875
24919943,        0, 24133432,    59924,    58488,    15768
24920632,        1, 25255137,    60030,    58496,    16284
24922272,        2, 23569942,    60138,    58505,    16817
24922500,        3, 24683545,    60248,    58514,    17345
24922998,        4, 24589655,    60356,    58523,    17875
24927953,        0, 24134559,    59443,    57767,    15768
24929596,        1, 24482373,    59469,    57775,    16284
24930252,        2, 23562182,    59496,    57783,    16817
24931590,        3, 24675619,    59524,    57791,    17345
24932958,        4, 24581449,    59551,    57799,    17875
24933923,        0, 24134925,    59759,    57713,    15768
24937105,        1, 24472961,    59788,    57734,    16284
24938258,        2, 23562116,    59817,    57754,    16817
24938928,        3, 24675350,    59846,    57776,    17345
24939251,        4, 24581424,    59876,    57797,    17875
24939742,        0, 24135584,    59486,    57933,    15768
24941286,        1, 24482616,    59489,    57943,    16284
24944335,        2, 23563451,    59492,    57953,    16817
24952309,        3, 24675331,    59496,    57963,    17345
24954040,        4, 24583021,    59499,    57973,    17875
24954531,        0, 24144319,    61715,    58561,    15768
24955378,        1, 25255560,    61749,    58567,    16284
24957160,        2, 23582039,    61783,    58574,    16817
24957212,        3, 24695433,    61817,    58580,    17345
24960612,        4, 24602295,    61852,    58586,    17875
24961255,        0, 24144949,    61200,    57314,    15768
24962170,        1, 24493562,    61203,    57325,    16284
24964845,        2, 23567196,    61207,    57336,    16817
24965040,        3, 24692228,    61210,    57348,    17345
24966646,        4, 24598891,    61214,    57358,    17875
24968414,        0, 24145653,    61013,    58430,    15768
24969548,        1, 25259538,    61065,    58457,    16284
24971804,        2, 23568136,    61119,    58484,    16817
24972161,        3, 24681624,    61174,    58512,    17345
24977464,        4, 24599881,    61227,    58539,    17875
24977499,        1, 24492818,    61486,    58361,    16284
24979969,        2, 23579681,    61486,    58364,    16817
24980101,        3, 24693244,    61488,    58367,    17345
24981052,        4, 24599982,    61489,    58371,    17875
24981175,        0, 24147672,    60835,    57881,    15768
25656206,        1, 24494728,    60836,    57884,    16284
25661731,        2, 23563065,    60839,    57888,    16817
25662437,        3, 24676559,    60840,    57891,    17345
25662692,        4, 24583730,    60843,    57894,    17875
25664203,        0, 24147796,    61319,    58090,    15768
25668822,        1, 24493111,    61364,    58110,    16284
25669208,        2, 23575978,    61411,    58130,    16817
25670428,        3, 24689589,    61459,    58151,    17345
25670699,        4, 24595965,    61506,    58172,    17875
25672212,        0, 24149886,    62168,    57830,    15768
25673633,        1, 24498854,    62241,    57843,    16284
25675834,        2, 23584039,    62316,    57856,    16817
25678097,        3, 24696745,    62390,    57868,    17345
25679028,        4, 24604032,    62465,    57879,    17875
25679202,        0, 24149912,    62416,    57721,    15768
25682638,        1, 24506584,    62422,    57745,    16284
25682655,        2, 23582689,    62430,    57771,    16817
25682892,        3, 24696266,    62437,    57797,    17345
25684151,        4, 24603389,    62445,    57823,    17875
25689798,        0, 24154686,    63392,    57401,    15768
25692443,        1, 24497822,    63393,    57411,    16284
25694034,        3, 24707422,    63397,    57430,    17345
25694840,        4, 24614336,    63399,    57441,    17875
25695183,        0, 24157879,    63151,    57794,    15768
25696313,        1, 24506506,    63158,    57798,    16284
25696504,        2, 23574994,    63165,    57802,    16817
25698455,        3, 24705660,    63172,    57807,    17345
25700440,        4, 24594923,    63178,    57811,    17875
25705002,        0, 24158480,    62747,    57649,    15768
25708317,        1, 24506462,    62751,    57663,    16284
25708456,        2, 23575138,    62754,    57679,    16817
25709130,        3, 24688973,    62756,    57694,    17345
25709682,        4, 24595283,    62757,    57710,    17875
25709753,        0, 24160424,    63079,    56909,    15768
25710816,        1, 24503897,    63081,    56911,    16284
25713867,        2, 23578043,    63084,    56914,    16817
25714908,        3, 24691579,    63086,    56916,    17345
25717428,        4, 24598235,    63089,    56919,    17875
25718637,        0, 24162714,    65386,    58238,    15768
25719362,        1, 24512844,    65394,    58258,    16284
25721456,        2, 23607654,    65402,    58278,    16817
25724321,        3, 24721045,    65410,    58298,    17345
25724654,        4, 24629154,    65418,    58318,    17875
25729343,        0, 24168852,    64380,    58579,    15768
25729541,        1, 25286326,    64431,    58587,    16284
25732732,        2, 23590169,    64484,    58596,    16817
25737520,        3, 24703522,    64535,    58603,    17345
25738179,        4, 24610805,    64590,    58611,    17875
25739273,        0, 24169013,    64541,    58299,    15768
25740015,        1, 24516596,    64563,    58301,    16284
25741789,        2, 23586839,    64586,    58303,    16817
25743077,        3, 24700955,    64609,    58304,    17345
25744018,        4, 24607919,    64632,    58306,    17875
25744127,        0, 24169020,    64289,    58378,    15768
25744900,        1, 24516602,    64363,    58392,    16284
25745201,        2, 23590335,    64440,    58407,    16817
25745967,        3, 24703905,    64516,    58421,    17345
25746480,        4, 24610784,    64593,    58435,    17875
25747072,        0, 24169222,    64189,    58336,    15768
25751131,        1, 24517080,    64268,    58373,    16284
25753923,        2, 23590312,    64351,    58411,    16817
25755526,        3, 24703960,    64431,    58449,    17345
25761848,        4, 24610789,    64513,    58487,    17875
25761921,        0, 24169322,    64436,    58450,    15768
26431141,        1, 25283074,    64511,    58470,    16284
26431560,        2, 23590264,    64590,    58490,    16817
26435255,        3, 24703923,    64667,    58511,    17345
26435265,        4, 24610843,    64747,    58531,    17875
26438158,        0, 24170961,    64494,    58103,    15768
26441097,        1, 24516801,    64498,    58110,    16284
26443090,        2, 23587492,    64503,    58116,    16817
26443091,        3, 24700619,    64507,    58123,    17345
26443178,        4, 24607818,    64512,    58129,    17875
26443241,        0, 24171248,    64440,    58036,    15768
26445708,        1, 24516691,    64444,    58053,    16284
26448945,        2, 23587069,    64449,    58072,    16817
26449208,        3, 24700939,    64453,    58089,    17345
26454555,        4, 24607765,    64458,    58107,    17875
26456852,        0, 24173239,    66952,    57623,    15768
26459563,        1, 24522334,    67022,    57654,    16284
26463972,        2, 23606644,    67095,    57686,    16817
26464838,        3, 24720103,    67167,    57718,    17345
26465624,        4, 24640049,    67240,    57751,    17875
26465987,        0, 24177286,    66411,    57410,    15768
26467995,        1, 24520950,    66442,    57432,    16284
26468653,        2, 23602066,    66475,    57454,    16817
26472188,        3, 24715776,    66505,    57476,    17345
26473772,        4, 24623457,    66536,    57498,    17875
26474944,        0, 24184027,    68462,    57762,    15768
26475811,        1, 24533512,    68468,    57781,    16284
26475821,        2, 23618098,    68474,    57800,    16817
26476710,        3, 24731420,    68481,    57819,    17345
26477706,        4, 24640729,    68487,    57838,    17875
26478194,        0, 24185292,    68590,    57922,    15768
26480280,        1, 24533629,    68593,    57926,    16284
26481314,        2, 23618145,    68596,    57932,    16817
26481798,        3, 24731280,    68599,    57937,    17345
26482478,        4, 24641513,    68603,    57944,    17875
26483285,        0, 24189719,    68144,    58510,    15768
26483360,        1, 25307670,    68174,    58518,    16284
26483838,        2, 23614270,    68205,    58526,    16817
26488798,        3, 24727742,    68236,    58533,    17345
26492177,        4, 24636436,    68268,    58541,    17875
26493538,        0, 24189871,    68059,    58562,    15768
26494945,        1, 25307768,    68131,    58619,    16284
26495017,        2, 23614582,    68206,    58679,    16817
26495503,        3, 25508851,    68280,    58737,    17345
26495931,        4, 25456494,    68355,    58798,    17875
26495938,        0, 24192067,    69178,    58150,    15768
26497032,        1, 24538659,    69182,    58155,    16284
26497576,        2, 23609816,    69187,    58159,    16817
26497621,        3, 24737084,    69191,    58163,    17345
26497676,        4, 24657240,    69196,    58167,    17875
26499638,        0, 24192478,    69886,    58140,    15768
26499771,        1, 24549754,    69919,    58175,    16284
26500346,        2, 23632075,    69954,    58212,    16817
26500407,        3, 24737227,    69988,    58249,    17345
26502814,        4, 24654970,    70022,    58286,    17875
26503579,        0, 24192708,    69299,    58073,    15768
26506796,        1, 24539030,    69306,    58101,    16284
26508305,        2, 23623682,    69314,    58131,    16817
26513585,        3, 24736972,    69322,    58160,    17345
26515375,        4, 24646727,    69329,    58191,    17875
26516764,        0, 24193276,    68271,    58290,    15768
26520182,        1, 24536399,    68277,    58292,    16284
26522675,        2, 23611646,    68283,    58294,    16817
26523687,        3, 24724752,    68289,    58296,    17345
26524536,        4, 24633115,    68295,    58299,    17875
26524716,        2, 23620439,    69142,    56853,    16817
26526162,        0, 24196598,    70309,    58088,    15768
26526932,        1, 24549794,    70343,    58093,    16284
26528845,        2, 23632078,    70377,    58098,    16817
26529066,        3, 24745122,    70411,    58104,    17345
26530224,        4, 24654779,    70445,    58109,    17875
26530908,        0, 24197641,    71868,    58244,    15768
26531559,        1, 24560933,    71914,    58279,    16284
26532567,        2, 23644064,    71960,    58316,    16817
27183173,        4, 24667868,    72052,    58389,    17875
27184363,        0, 24199692,    70201,    57086,    15768
27187096,        1, 24548855,    70203,    57099,    16284
27190214,        2, 23632971,    70206,    57113,    16817
27194174,        3, 24745938,    70209,    57126,    17345
27197138,        4, 24651763,    70212,    57140,    17875
27198516,        0, 24204731,    70807,    57957,    15768
27201117,        1, 24553599,    70816,    57982,    16284
27202502,        2, 23623303,    70824,    58007,    16817
27203384,        3, 24737864,    70832,    58031,    17345
27205149,        4, 24653848,    70841,    58057,    17875
27205786,        0, 24205531,    71021,    56987,    15768
27206428,        1, 24550879,    71053,    56998,    16284
27206726,        2, 23626172,    71084,    57010,    16817
27207136,        3, 24739591,    71116,    57021,    17345
27208741,        4, 24648921,    71148,    57032,    17875
27211537,        0, 24208160,    72228,    57978,    15768
27212268,        1, 24556860,    72234,    57979,    16284
27213235,        2, 23643039,    72240,    57981,    16817
27214169,        3, 24755257,    72246,    57982,    17345
27216225,        4, 24666682,    72252,    57984,    17875
27216844,        0, 24209585,    72190,    57020,    15768
27216886,        1, 24559929,    72252,    57033,    16284
27217234,        2, 23645320,    72316,    57047,    16817
27218550,        3, 24757326,    72380,    57060,    17345
27220219,        4, 24668895,    72443,    57074,    17875
27220457,        0, 24213942,    72591,    58497,    15768
27220660,        1, 25331217,    72660,    58540,    16284
27222092,        2, 23640579,    72733,    58584,    16817
27222582,        3, 24753168,    72803,    58627,    17345
27223409,        4, 24663794,    72874,    58671,    17875
27223738,        0, 24215764,    73130,    58161,    15768
27225010,        1, 24562941,    73178,    58186,    16284
27225918,        2, 23651435,    73228,    58212,    16817
27226814,        3, 24764137,    73276,    58239,    17345
27228109,        4, 24676069,    73325,    58265,    17875
27229440,        0, 24215837,    73293,    58068,    15768
27230305,        1, 24561275,    73371,    58095,    16284
27231113,        2, 23651481,    73452,    58124,    16817
27231674,        0, 24215948,    72763,    58010,    15768
27232808,        1, 24565177,    72765,    58019,    16284
27233278,        2, 23635404,    72767,    58029,    16817
27234427,        3, 24749343,    72768,    58038,    17345
27235136,        4, 24659973,    72770,    58048,    17875
27243245,        0, 24216385,    73222,    56828,    15768
27243896,        1, 24558913,    73224,    56831,    16284
27244013,        3, 24764335,    73229,    56838,    17345
27247501,        4, 24676445,    73232,    56843,    17875
27250470,        1, 24565859,    73111,    56743,    16284
27251970,        2, 22845658,    73118,    56744,    16817
27252061,        4, 23823161,    73132,    56746,    17875
27252256,        0, 24885918,    57788,    59801,    15768
27252867,        1, 25236901,    57795,    59808,    16284
27253170,        2, 24332179,    57803,    59814,    16817
27254256,        3, 25447728,    57811,    59821,    17345
27254838,        4, 25394970,    57819,    59828,    17875
27255728,        0, 24894065,    58891,    60317,    15768
27257992,        1, 25243686,    58904,    60356,    16284
27258311,        2, 24337742,    58917,    60396,    16817
27258865,        3, 25453587,    58930,    60436,    17345
27259206,        4, 25400923,    58942,    60476,    17875
27263158,        2, 24338861,    58533,    59458,    16817
27264029,        0, 24894690,    58442,    59515,    15768
27265121,        1, 25245458,    58477,    59527,    16284
27267187,        2, 24333606,    58513,    59539,    16817
27267242,        3, 25454832,    58549,    59550,    17345
27269277,        4, 25397008,    58586,    59563,    17875
27269569,        0, 24894819,    58887,    59232,    15768
27270440,        1, 25244389,    58899,    59274,    16284
27270459,        2, 24338734,    58912,    59316,    16817
27272442,        3, 25454789,    58924,    59359,    17345
27274637,        4, 25402100,    58937,    59402,    17875
27275994,        0, 24894898,    58852,    59283,    15768
27277235,        1, 25244096,    58855,    59286,    16284
27278247,        2, 24338602,    58858,    59289,    16817
27278428,        3, 25454591,    58861,    59291,    17345
27281125,        4, 25401835,    58864,    59295,    17875
27283095,        0, 24894935,    58873,    59536,    15768
27283941,        1, 25245639,    58882,    59572,    16284
27947642,        2, 24333900,    58891,    59610,    16817
27947735,        3, 25449799,    58899,    59648,    17345
27955943,        4, 25396973,    58908,    59686,    17875
27958004,        0, 24895269,    59157,    58616,    15768
27960952,        1, 25250656,    59215,    58620,    16284
27962860,        2, 24341913,    59276,    58623,    16817
27968679,        3, 24681191,    59336,    58626,    17345
27969372,        4, 25409061,    59396,    58629,    17875
27970236,        0, 24896876,    58299,    59766,    15768
27971554,        1, 25241725,    58327,    59793,    16284
27973201,        2, 24333752,    58356,    59821,    16817
27973390,        3, 25449980,    58385,    59848,    17345
27973518,        0, 24897135,    59829,    59551,    15768
27973554,        1, 25264410,    59847,    59557,    16284
27973573,        2, 24345914,    59865,    59563,    16817
27974245,        3, 25459903,    59883,    59568,    17345
27974484,        4, 25409717,    59901,    59574,    17875
27974588,        0, 24897833,    59258,    59886,    15768
27974596,        1, 25248841,    59277,    59890,    16284
27974694,        2, 24340238,    59298,    59892,    16817
27974871,        3, 25461890,    59319,    59895,    17345
27974999,        4, 25403599,    59339,    59898,    17875
27978316,        0, 24898930,    59544,    59990,    15768
27978344,        1, 25249023,    59557,    60020,    16284
27978461,        2, 24340352,    59570,    60051,    16817
27980171,        3, 25456152,    59583,    60082,    17345
27981159,        4, 25403204,    59596,    60112,    17875
27981416,        0, 24899077,    59608,    60179,    15768
27982524,        1, 25248549,    59624,    60213,    16284
27983060,        2, 24340493,    59642,    60248,    16817
27983862,        3, 25456144,    59659,    60281,    17345
27984491,        0, 24899932,    58053,    59104,    15768
27986588,        1, 25253102,    58063,    59118,    16284
27988648,        2, 24330852,    58074,    59131,    16817
27990119,        3, 25444820,    58084,    59145,    17345
27995418,        4, 25393835,    58095,    59159,    17875
27996336,        3, 25457749,    59547,    58963,    17345
27998468,        0, 24903637,    60325,    60234,    15768
27999492,        1, 25256197,    60349,    60237,    16284
28000200,        2, 24348528,    60375,    60241,    16817
28001511,        3, 25464214,    60400,    60245,    17345
28002288,        4, 25412349,    60425,    60249,    17875
28004456,        0, 24903654,    60207,    60168,    15768
28005370,        1, 25256088,    60226,    60170,    16284
28007574,        2, 24348491,    60247,    60172,    16817
28012946,        3, 25464307,    60268,    60174,    17345
28013094,        4, 25412060,    60289,    60176,    17875
28013733,        0, 24906966,    61925,    60386,    15768
28019558,        1, 25267724,    61926,    60401,    16284
28021472,        2, 24362889,    61929,    60417,    16817
28022368,        3, 25476498,    61931,    60431,    17345
28022374,        4, 25427563,    61933,    60446,    17875
28023066,        0, 24909591,    61789,    59555,    15768
28025169,        1, 25270612,    61825,    59595,    16284
28026234,        2, 24360126,    61861,    59637,    16817
28026728,        3, 25475468,    61898,    59679,    17345
28027673,        4, 25424193,    61935,    59721,    17875
28028355,        0, 24909856,    60931,    58637,    15768
28031733,        1, 25262337,    60958,    58698,    16284
28031775,        2, 24342609,    60987,    58760,    16817
28032915,        3, 25458473,    61015,    58823,    17345
28035225,        4, 25406026,    61042,    58885,    17875
28036297,        1, 25259983,    61207,    59533,    16284
28036614,        2, 24356540,    61207,    59538,    16817
28037699,        4, 25420586,    61208,    59547,    17875
28038736,        0, 24910618,    61037,    59777,    15768
28039372,        1, 25261338,    61060,    59854,    16284
28043162,        2, 24346597,    61083,    59932,    16817
28044355,        3, 25457052,    61106,    60011,    17345
28047102,        4, 25404435,    61128,    60089,    17875
28047531,        0, 24911209,    61656,    60308,    15768
28051613,        1, 25256577,    61670,    60317,    16284
28720060,        2, 24362969,    61685,    60327,    16817
28725404,        3, 25468187,    61699,    60337,    17345
28725500,        4, 25425262,    61713,    60346,    17875
28726659,        0, 24911238,    60814,    60207,    15768
28728064,        1, 25262709,    60856,    60209,    16284
28729595,        2, 24341013,    60899,    60211,    16817
28733974,        3, 25456994,    60943,    60214,    17345
28733986,        4, 25404379,    60985,    60216,    17875
28749902,        0, 24912532,    60802,    59155,    15768
28751050,        1, 25263911,    60832,    59209,    16284
28752196,        2, 24345341,    60864,    59265,    16817
28753572,        3, 25461103,    60896,    59321,    17345
28756065,        4, 25408753,    60927,    59377,    17875
28756757,        0, 24914144,    61140,    59474,    15768
28757266,        1, 25259780,    61144,    59477,    16284
28757488,        2, 24345145,    61148,    59479,    16817
28758108,        3, 25460904,    61152,    59483,    17345
28758204,        4, 25408578,    61156,    59486,    17875
28758206,        0, 24915313,    62093,    60222,    15768
28758232,        1, 25267952,    62147,    60267,    16284
28758244,        2, 24361104,    62203,    60314,    16817
28759814,        3, 25477013,    62259,    60360,    17345
28761197,        4, 25425413,    62314,    60407,    17875
28767458,        1, 25265765,    63561,    59998,    16284
28769676,        0, 24915986,    63360,    60016,    15768
28771177,        1, 25265784,    63403,    60023,    16284
28773427,        2, 24373719,    63447,    60030,    16817
28777427,        3, 25488041,    63491,    60037,    17345
28779360,        4, 25438564,    63535,    60045,    17875
28779456,        0, 24916656,    62127,    58882,    15768
28780131,        1, 25266276,    62130,    58916,    16284
28784895,        2, 24362124,    62133,    58950,    16817
28786479,        3, 25477828,    62136,    58985,    17345
28787150,        0, 24918636,    63296,    60535,    15768
28787401,        2, 24371067,    63299,    60556,    16817
28791793,        3, 25486908,    63301,    60566,    17345
28791855,        4, 25435839,    63302,    60576,    17875
28792326,        0, 24919943,    63391,    59503,    15768
28793562,        1, 25271219,    63395,    59587,    16284
28794402,        2, 24372589,    63400,    59675,    16817
28796401,        3, 25488521,    63405,    59762,    17345
28796528,        4, 25437683,    63409,    59850,    17875
28797374,        0, 24920632,    62176,    59848,    15768
28797960,        1, 25264989,    62188,    59886,    16284
28802110,        2, 24359905,    62201,    59924,    16817
28805138,        3, 25475734,    62214,    59962,    17345
28805525,        0, 24922272,    62526,    59629,    15768
28805801,        1, 25271929,    62551,    59658,    16284
28806595,        2, 24358552,    62576,    59688,    16817
28807919,        3, 25474486,    62601,    59719,    17345
28808988,        4, 25422830,    62626,    59748,    17875
28809598,        0, 24922500,    62814,    59963,    15768
28809665,        1, 25273350,    62879,    60054,    16284
28809757,        2, 24353298,    62946,    60148,    16817
28810802,        3, 25469194,    63012,    60241,    17345
28811081,        4, 25417132,    63078,    60335,    17875
28815757,        0, 24922998,    62553,    60248,    15768
28817554,        1, 25274757,    62554,    60257,    16284
28818453,        2, 24352885,    62555,    60266,    16817
28819588,        3, 25468745,    62556,    60275,    17345
29500862,        4, 25416845,    62557,    60284,    17875
29502178,        0, 24927953,    65136,    58942,    15768
29503193,        1, 25279256,    65144,    58948,    16284
29504314,        2, 24369975,    65152,    58955,    16817
29504842,        3, 25485752,    65160,    58962,    17345
29506621,        4, 25434722,    65167,    58969,    17875
29507042,        0, 24929596,    65382,    59394,    15768
29507217,        1, 25280433,    65409,    59404,    16284
29507307,        2, 24388610,    65439,    59414,    16817
29507987,        3, 25504460,    65467,    59423,    17345
29508543,        4, 25454333,    65495,    59433,    17875
29509452,        0, 24930252,    65744,    58615,    15768
29511771,        1, 25281475,    65761,    58660,    16284
29513267,        2, 23604726,    65779,    58707,    16817
29515933,        3, 25497932,    65796,    58753,    17345
29520737,        4, 25443992,    65814,    58799,    17875
29522505,        0, 24931590,    65796,    58956,    15768
29523073,        1, 25299225,    65848,    58968,    16284
29524336,        2, 24378883,    65902,    58981,    16817
29524872,        3, 25494852,    65956,    58994,    17345
29525523,        4, 25443922,    66009,    59007,    17875
29526215,        0, 24932958,    64047,    59220,    15768
29526874,        1, 25287899,    64053,    59252,    16284
29527757,        2, 24376730,    64060,    59284,    16817
29528540,        3, 25492232,    64066,    59316,    17345
29528614,        4, 25441852,    64073,    59350,    17875
29530452,        0, 24933923,    64418,    59790,    15768
29530499,        1, 25285114,    64458,    59793,    16284
29532719,        2, 24369080,    64500,    59797,    16817
29534426,        3, 25484823,    64541,    59800,    17345
29540524,        4, 25433703,    64583,    59804,    17875
29543623,        0, 24937105,    64281,    60327,    15768
29545780,        1, 25287042,    64304,    60338,    16284
29546667,        2, 24366879,    64328,    60349,    16817
29547770,        3, 25480745,    64352,    60360,    17345
29550022,        4, 25431164,    64376,    60371,    17875
29551372,        0, 24938258,    64332,    59431,    15768
29555485,        1, 25283601,    64421,    59533,    16284
29556408,        2, 24368957,    64514,    59638,    16817
29556791,        3, 25484899,    64605,    59741,    17345
29557325,        4, 25433848,    64698,    59845,    17875
29558233,        0, 24938928,    67063,    60235,    15768
29558967,        1, 25290478,    67072,    60240,    16284
29559046,        2, 24385088,    67082,    60246,    16817
29560183,        3, 25500614,    67092,    60252,    17345
29561390,        4, 25450285,    67102,    60258,    17875
29561624,        0, 24939251,    67297,    60241,    15768
29563646,        1, 25297516,    67298,    60257,    16284
29564875,        2, 24396290,    67300,    60274,    16817
29565672,        3, 25511854,    67302,    60290,    17345
29567111,        4, 25462116,    67303,    60306,    17875
29568313,        0, 24939742,    66681,    58850,    15768
29568723,        1, 25290092,    66728,    58852,    16284
29570699,        3, 25502193,    66830,    58853,    17345
29572092,        0, 24941286,    67001,    60534,    15768
29572559,        1, 26074622,    67078,    60597,    16284
29573536,        2, 24387193,    67160,    60664,    16817
29573939,        3, 26309543,    67239,    60728,    17345
29575073,        4, 26304236,    67320,    60794,    17875
29575095,        0, 24944335,    66277,    59606,    15768
29576787,        1, 25293866,    66324,    59677,    16284
29577391,        2, 24381716,    66374,    59751,    16817
29578554,        3, 25497118,    66421,    59823,    17345
29579091,        4, 25446958,    66470,    59897,    17875
29579668,        0, 24952309,    69035,    60401,    15768
29580766,        1, 26089868,    69079,    60474,    16284
29584100,        2, 24396908,    69124,    60550,    16817
29584884,        3, 25514477,    69169,    60626,    17345
29585413,        4, 25470239,    69214,    60702,    17875
29585882,        0, 24954040,    68772,    59573,    15768
29585993,        1, 25303635,    68790,    59626,    16284
29586197,        2, 24395453,    68809,    59679,    16817
29587808,        3, 25511168,    68828,    59733,    17345
29589891,        4, 25461224,    68848,    59787,    17875
29591433,        0, 24954531,    68281,    58737,    15768
30258304,        1, 25301444,    68289,    58827,    16284
30259530,        2, 24390982,    68298,    58922,    16817
30259532,        3, 25506711,    68305,    59016,    17345
30259534,        4, 25456448,    68313,    59110,    17875
30265541,        0, 24955378,    69497,    59679,    15768
30265567,        1, 25306682,    69520,    59696,    16284
30270089,        2, 24406559,    69543,    59713,    16817
30271049,        3, 25522123,    69566,    59729,    17345
30271612,        4, 25472984,    69589,    59747,    17875
30274695,        0, 24957160,    69483,    60147,    15768
30277063,        1, 25306968,    69517,    60173,    16284
30277672,        2, 24401283,    69552,    60201,    16817
30280195,        3, 25516972,    69586,    60231,    17345
30282268,        4, 25467737,    69622,    60263,    17875
30282931,        0, 24957212,    69949,    60218,    15768
30284908,        1, 25313846,    69963,    60224,    16284
30293137,        2, 24408782,    69976,    60232,    16817
30294136,        3, 25516460,    69989,    60239,    17345
30294775,        4, 25467455,    70003,    60247,    17875
30295189,        0, 24960612,    68218,    59403,    15768
30295411,        1, 25303668,    68233,    59405,    16284
30296447,        2, 24392581,    68248,    59408,    16817
30298399,        3, 25508236,    68263,    59410,    17345
30301891,        4, 25457717,    68279,    59413,    17875
30302021,        0, 24961255,    70055,    60199,    15768
30302058,        2, 24408689,    70057,    60256,    16817
30305623,        4, 25475672,    70060,    60314,    17875
30306957,        0, 24962170,    70723,    59059,    15768
30310757,        1, 25321519,    70726,    59081,    16284
30317405,        2, 24410036,    70730,    59105,    16817
30318509,        3, 25525518,    70733,    59129,    17345
30321399,        4, 25476625,    70736,    59153,    17875
30321745,        0, 24964845,    70316,    59305,    15768
30323482,        1, 25316314,    70329,    59306,    16284
30323521,        2, 24411320,    70342,    59308,    16817
30324128,        0, 24965040,    70508,    59146,    15768
30325783,        1, 25315336,    70595,    59157,    16284
30326194,        2, 24410138,    70687,    59169,    16817
30328121,        3, 25525711,    70776,    59180,    17345
30328235,        4, 25469670,    70866,    59192,    17875
30328544,        0, 24966646,    71938,    59702,    15768
30328909,        1, 25327303,    71951,    59723,    16284
30330260,        2, 24422905,    71964,    59745,    16817
30330389,        3, 25535573,    71977,    59766,    17345
30333140,        4, 25486975,    71989,    59788,    17875
30333152,        0, 24968414,    70888,    60153,    15768
30333184,        1, 25318581,    70900,    60168,    16284
30340330,        2, 24401956,    70911,    60185,    16817
30341246,        3, 25517598,    70922,    60202,    17345
30342498,        4, 25468232,    70933,    60219,    17875
30346384,        0, 24969548,    71052,    58941,    15768
30347265,        1, 25321447,    71058,    58979,    16284
30349237,        3, 25518746,    71072,    59058,    17345
30349474,        4, 25469546,    71078,    59098,    17875
30351228,        0, 24971804,    70023,    59035,    15768
30351353,        1, 25315088,    70039,    59043,    16284
30351851,        2, 24409961,    70057,    59052,    16817
30352616,        3, 25525158,    70074,    59061,    17345
30353603,        4, 25476552,    70091,    59070,    17875
30354118,        0, 24972161,    72037,    60228,    15768
26102940,        1, 25325130,    72069,    60240,    16284
27663021,        2, 24420389,    72102,    60252,    16817
28426382,        3, 25536537,    72134,    60264,    17345
29151497,        4, 25487889,    72166,    60276,    17875
24172849,        0, 24977464,    72186,    59675,    15768
24897334,        1, 25322570,    72231,    59763,    16284
24173278,        2, 24419818,    72277,    59854,    16817
24945748,        3, 25535668,    72323,    59944,    17345
25678131,        4, 25486950,    72369,    60035,    17875
25714907,        0, 24977499,    72304,    59777,    15768
26483168,        1, 25330307,    72344,    59854,    16284
26495456,        2, 24419783,    72385,    59934,    16817
27231585,        3, 25535645,    72425,    60011,    17345
27270312,        4, 25488005,    72465,    60087,    17875
27282605,        0, 24979969,    73354,    60014,    15768
28012302,        1, 25323345,    73431,    60019,    16284
28027825,        2, 24431765,    73512,    60024,    16817
28047653,        0, 24980101,    72848,    60135,    15768
28767478,        1, 25331922,    72947,    60193,    16284
29512739,        2, 24413521,    73052,    60253,    16817
29585188,        3, 25529190,    73155,    60312,    17345
30308360,        4, 25497683,    73257,    60372,    17875
24934216,        0, 24981052,    72916,    58812,    15768
25717991,        1, 25333033,    72982,    58854,    16284
28781022,        2, 24417731,    73052,    58899,    16817
30259347,        3, 25530711,    73120,    58943,    17345
24941996,        4, 25481965,    73189,    58987,    17875
25688092,        0, 24981175,    73078,    58759,    15768
27972673,        1, 25331298,    73155,    58801,    16284
27987436,        2, 23652085,    73236,    58848,    16817
28004471,        3, 25545505,    73313,    58895,    17345
24148896,        4, 25502086,    73389,    58943,    17875
25743134,        2, 25127723,    56721,    60974,    16817
27269704,        3, 26230004,    56721,    60993,    17345
27959178,        4, 26219536,    56722,    61013,    17875
28013899,        0, 25661731,    57278,    61783,    15768
29549513,        1, 26016518,    57287,    61798,    16284
30304077,        2, 25149701,    57295,    61815,    16817
24935463,        3, 26252533,    57304,    61831,    17345
27960996,        4, 26243421,    57312,    61847,    17875
24122589,        0, 25662437,    56967,    62230,    15768
25754741,        1, 26017470,    56969,    62232,    16284
27984898,        2, 25133840,    56970,    62234,    16817
27989909,        3, 26236597,    56972,    62236,    17345
29549134,        4, 26226617,    56973,    62238,    17875
25425983,        0, 25662692,    57423,    62365,    15768
24204596,        1, 26020404,    57439,    62380,    16284
24961909,        2, 25147714,    57456,    62395,    16817
25699868,        3, 26249096,    57473,    62410,    17345
25697791,        4, 26241237,    57489,    62426,    17875
25732508,        0, 25664203,    57892,    62339,    15768
27207279,        1, 26032587,    57916,    62342,    16284
27238513,        2, 25143777,    57942,    62346,    16817
27263827,        3, 26248592,    57967,    62349,    17345
28743186,        4, 26239091,    57992,    62353,    17875
28757714,        0, 25668822,    58519,    60893,    15768
29539999,        1, 26024023,    58537,    60907,    16284
28788930,        2, 25140507,    58555,    60920,    16817
24187775,        3, 26243311,    58573,    60933,    17345
25714974,        4, 26233394,    58591,    60947,    17875
28791757,        0, 25669208,    59047,    60970,    15768
28719582,        1, 26027346,    59069,    61034,    16284
24126611,        2, 25140646,    59091,    61100,    16817
24187014,        3, 26243361,    59114,    61166,    17345
24905471,        4, 26235444,    59136,    61230,    17875
24922007,        0, 25670428,    59861,    60750,    15768
24906223,        1, 26040608,    59890,    60793,    16284
24962575,        2, 25152649,    59920,    60838,    16817
24964779,        3, 26256965,    59950,    60883,    17345
25713846,        4, 26247427,    59979,    60927,    17875
24956479,        0, 25670699,    59360,    60949,    15768
25741781,        1, 26026732,    59397,    60950,    16284
25675610,        3, 26255386,    59473,    60953,    17345
25684415,        4, 26246466,    59511,    60955,    17875
26509536,        0, 25672212,    59546,    61415,    15768
27194061,        1, 26027356,    59571,    61418,    16284
27231377,        2, 25150634,    59597,    61420,    16817
27245286,        3, 26253276,    59622,    61424,    17345
27253335,        4, 26244200,    59648,    61427,    17875
27981082,        0, 25673633,    58551,    62395,    15768
29144249,        1, 26028643,    58565,    62408,    16284
27968835,        2, 25147211,    58579,    62421,    16817
28004425,        3, 26250043,    58594,    62434,    17345
29173654,        4, 26241509,    58608,    62447,    17875
28779365,        3, 26248506,    58301,    62278,    17345
28808278,        4, 26239122,    58301,    62306,    17875
28752660,        0, 25678097,    59543,    61620,    15768
28745781,        1, 26033449,    59553,    61650,    16284
28738382,        2, 25156878,    59561,    61679,    16817
29526198,        3, 26260240,    59572,    61709,    17345
29513263,        4, 26251384,    59581,    61739,    17875
28764572,        0, 25679028,    58165,    61683,    15768
29512599,        1, 26029397,    58169,    61691,    16284
29558280,        2, 25144570,    58173,    61700,    16817
25679882,        3, 26247093,    58177,    61710,    17345
25712756,        4, 26237704,    58181,    61719,    17875
26467804,        0, 25679202,    58236,    61904,    15768
28376117,        1, 26030568,    58236,    61906,    16284
27974258,        3, 26256541,    60855,    61076,    17345
28779299,        4, 26246982,    60854,    61080,    17875
28732565,        0, 25682655,    60843,    61052,    15768
29500894,        1, 26039653,    60886,    61082,    16284
29537310,        2, 25153176,    60930,    61113,    16817
30265419,        3, 26256144,    60974,    61144,    17345
25757471,        4, 26247133,    61019,    61174,    17875
26499050,        0, 25682892,    61630,    60791,    15768
29528547,        1, 26037744,    61639,    60795,    16284
29571297,        0, 25684151,    61393,    61383,    15768
30258655,        1, 26046067,    61410,    61398,    16284
24127321,        2, 25162743,    61427,    61412,    16817
24922235,        3, 26265450,    61445,    61428,    17345
25687929,        4, 26257179,    61462,    61443,    17875
25739614,        0, 25689798,    61377,    62418,    15768
27181911,        1, 26832646,    61387,    62419,    16284
27607814,        2, 25168947,    61397,    62420,    16817
27232318,        3, 26274253,    61407,    62421,    17345
27993603,        0, 25692443,    63905,    61302,    15768
29520510,        1, 26062236,    63931,    61353,    16284
24893460,        2, 25179971,    63957,    61406,    16817
25669025,        3, 26283151,    63984,    61458,    17345
24923038,        4, 26275770,    64011,    61511,    17875
26464794,        0, 25694034,    62356,    60970,    15768
25688944,        1, 26052496,    62409,    61056,    16284
26482614,        2, 25166461,    62464,    61145,    16817
27260953,        3, 26269817,    62519,    61232,    17345
27257557,        4, 26258371,    62574,    61317,    17875
27983716,        0, 25694840,    63301,    60825,    15768
28020763,        1, 26050063,    63317,    60840,    16284
29513769,        2, 25178608,    63334,    60856,    16817
29515873,        3, 26281142,    63350,    60871,    17345
28786912,        4, 26274472,    63367,    60886,    17875
26466990,        0, 25695183,    62637,    61066,    15768
27206460,        1, 26052172,    62648,    61075,    16284
28002588,        2, 25165558,    62660,    61085,    16817
29535128,        3, 26268347,    62672,    61094,    17345
28789198,        4, 26260194,    62684,    61104,    17875
29521394,        0, 25696313,    62747,    61284,    15768
29585476,        2, 25163661,    62793,    61292,    16817
24204531,        0, 25696504,    62950,    61308,    15768
26511749,        1, 26052203,    62967,    61330,    16284
30258070,        2, 25163305,    62984,    61352,    16817
24905947,        3, 26266422,    63001,    61374,    17345
24953183,        4, 26258291,    63018,    61395,    17875
26483214,        0, 25698455,    62199,    61865,    15768
27203474,        1, 26055709,    62271,    61895,    16284
28021176,        2, 25174292,    62346,    61926,    16817
28772991,        3, 26276869,    62421,    61957,    17345
28015764,        4, 26265757,    62496,    61987,    17875
29515859,        0, 25700440,    63951,    62105,    15768
29543912,        1, 26069232,    63955,    62111,    16284
30269476,        2, 25185964,    63959,    62117,    16817
29516957,        3, 26289032,    63962,    62123,    17345
24137793,        4, 26282099,    63966,    62128,    17875
24169025,        0, 25705002,    65164,    61090,    15768
27202498,        1, 26059762,    65179,    61090,    16284
27227013,        3, 26293562,    65208,    61092,    17345
27284315,        0, 25708317,    64837,    61570,    15768
30316272,        1, 26066624,    64855,    61615,    16284
29552102,        2, 25184360,    64874,    61662,    16817
30340275,        3, 26285444,    64893,    61709,    17345
24164248,        4, 26278515,    64912,    61755,    17875
24201682,        0, 25708456,    64640,    61231,    15768
24127904,        1, 26064543,    64690,    61279,    16284
24900779,        2, 25175353,    64741,    61329,    16817
25681455,        3, 26278066,    64792,    61377,    17345
26444566,        4, 26270543,    64843,    61427,    17875
27212796,        0, 25709130,    64679,    60729,    15768
27211265,        1, 26063379,    64693,    60749,    16284
27250899,        2, 25176050,    64708,    60768,    16817
26518802,        3, 26279058,    64722,    60787,    17345
27264726,        4, 26271527,    64737,    60806,    17875
28014737,        0, 25709682,    65229,    62529,    15768
28765559,        1, 26847519,    65232,    62530,    16284
28777460,        2, 25196685,    65235,    62532,    16817
24921534,        3, 26299620,    65238,    62533,    17345
24955037,        4, 26293696,    65241,    62534,    17875
24920674,        0, 25709753,    65668,    62440,    15768
24945399,        1, 26851676,    65722,    62460,    16284
25722605,        2, 25196925,    65777,    62481,    16817
24971315,        3, 26301437,    65832,    62502,    17345
24980103,        4, 26290998,    65886,    62522,    17875
26470267,        0, 25710816,    65167,    61981,    15768
25708287,        2, 25199866,    65306,    62108,    16817
25735957,        3, 26300222,    65376,    62172,    17345
26529883,        4, 26294048,    65447,    62235,    17875
26465470,        0, 25713867,    64598,    62114,    15768
27211898,        1, 26069906,    64613,    62126,    16284
27230765,        2, 25183449,    64628,    62139,    16817
26508486,        3, 26286417,    64642,    62152,    17345
26515402,        4, 26279288,    64657,    62165,    17875
27981369,        0, 25714908,    64294,    61881,    15768
27250444,        1, 26070180,    64354,    61895,    16284
27269084,        2, 25182357,    64417,    61909,    16817
27967930,        3, 26285109,    64479,    61923,    17345
27990889,        4, 26278453,    64542,    61937,    17875
28758822,        0, 25717428,    66761,    60701,    15768
28014330,        1, 26074550,    66785,    60708,    16284
28022903,        2, 25193546,    66809,    60715,    16817
28799051,        3, 26296722,    66833,    60722,    17345
28805675,        4, 26290488,    66858,    60729,    17875
28041814,        2, 25190044,    66138,    60879,    16817
28732620,        4, 26286634,    66137,    60890,    17875
28767134,        0, 25719362,    67460,    61073,    15768
28008845,        1, 26077429,    67471,    61112,    16284
28810865,        2, 25202965,    67482,    61154,    16817
28819680,        3, 26305990,    67493,    61195,    17345
29499098,        4, 26297559,    67504,    61236,    17875
29561398,        0, 25721456,    67949,    60672,    15768
29557523,        1, 26086896,    67988,    60741,    16284
24133637,        2, 25201827,    68028,    60813,    16817
24155608,        3, 26305507,    68068,    60884,    17345
24973465,        4, 26299704,    68109,    60956,    17875
25706466,        0, 25724321,    66546,    62216,    15768
25718124,        1, 26078437,    66591,    62240,    16284
25718203,        2, 25197726,    66638,    62267,    16817
25743537,        3, 26301032,    66684,    62293,    17345
26458928,        0, 25724654,    66602,    62334,    15768
25689074,        1, 26078313,    66624,    62353,    16284
26479245,        2, 25197470,    66647,    62372,    16817
27204295,        3, 26301060,    66669,    62391,    17345
27240032,        0, 25729343,    68744,    60876,    15768
27243911,        1, 26085921,    68765,    60879,    16284
28027632,        2, 25203468,    68787,    60882,    16817
28782080,        3, 26306621,    68809,    60884,    17345
29509321,        4, 26300993,    68831,    60887,    17875
28791029,        0, 25729541,    69146,    60904,    15768
24114648,        1, 26087227,    69176,    60921,    16284
25679747,        2, 25218321,    69206,    60939,    16817
26812707,        3, 26321490,    69236,    60956,    17345
27947794,        4, 26313831,    69266,    60973,    17875
28047887,        0, 25732732,    69311,    61209,    15768
29549843,        1, 26089303,    69425,    61262,    16284
25686560,        2, 25213370,    69544,    61316,    16817
26520462,        3, 26316596,    69659,    61370,    17345
28009358,        4, 26311835,    69775,    61425,    17875
29498569,        0, 25737520,    67997,    62526,    15768
24126741,        1, 26878350,    68038,    62568,    16284
24552220,        2, 25206943,    68080,    62611,    16817
25252470,        3, 26309974,    68121,    62652,    17345
26111786,        4, 27140541,    68164,    62696,    17875
26477356,        0, 25738179,    69931,    61898,    15768
27204396,        1, 26104395,    69937,    61902,    16284
28048755,        2, 25219353,    69944,    61907,    16817
29173701,        3, 26322737,    69950,    61912,    17345
28790894,        4, 26322636,    69957,    61917,    17875
29955334,        0, 25739273,    68266,    61814,    15768
29550464,        1, 26092345,    68320,    61906,    16284
29589890,        2, 25211787,    68376,    61999,    16817
30701940,        3, 26314774,    68433,    62091,    17345
30298260,        4, 26308499,    68491,    62188,    17875
30747520,        0, 25740015,    70175,    61202,    15768
24114978,        1, 26096718,    70217,    61279,    16284
24189098,        2, 25217610,    70260,    61359,    16817
24899328,        3, 26320647,    70302,    61438,    17345
25252046,        4, 26316115,    70344,    61516,    17875
25270634,        0, 25741789,    70540,    60852,    15768
24933882,        1, 26098140,    70561,    60858,    16284
24967270,        2, 25218017,    70584,    60865,    16817
25693118,        3, 26319300,    70606,    60871,    17345
26454437,        4, 26314888,    70628,    60877,    17875
26896601,        0, 25743077,    71436,    61018,    15768
26460134,        1, 26100947,    71483,    61046,    16284
27608066,        2, 25227360,    71531,    61074,    16817
29164278,        3, 26330444,    71579,    61100,    17345
29552714,        4, 26326809,    71626,    61127,    17875
29980918,        0, 25744018,    71501,    61597,    15768
27968333,        1, 26104001,    71537,    61627,    16284
28018851,        2, 25225070,    71576,    61660,    16817
24901472,        3, 26334970,    71614,    61692,    17345
24896778,        4, 26331599,    71652,    61723,    17875
24913920,        0, 25744127,    71058,    61379,    15768
24910348,        1, 26100909,    71151,    61386,    16284
24951555,        2, 25225156,    71248,    61394,    16817
24959589,        3, 26328370,    71344,    61400,    17345
26825429,        4, 26324570,    71438,    61406,    17875
25744247,        0, 25744900,    71429,    60672,    15768
26434972,        1, 26099902,    71485,    60732,    16284
26525834,        2, 24415435,    71544,    60795,    16817
26733604,        3, 26330566,    71602,    60857,    17345
27219822,        4, 26326043,    71661,    60919,    17875
27220610,        0, 25745201,    70075,    62413,    15768
27243847,        1, 26883371,    70082,    62438,    16284
27251485,        2, 25222539,    70089,    62465,    16817
27980253,        3, 26325309,    70095,    62491,    17345
27978490,        4, 26321462,    70102,    62517,    17875
28722516,        0, 25745967,    70124,    61758,    15768
28733221,        1, 26103104,    70143,    61763,    16284
29526515,        2, 25223770,    70162,    61768,    16817
25698144,        3, 26326942,    70180,    61773,    17345
26466413,        4, 26323151,    70199,    61778,    17875
27982096,        0, 25746480,    70365,    61796,    15768
28018188,        1, 26104592,    70430,    61818,    16284
28030603,        2, 25224092,    70497,    61841,    16817
28721770,        3, 26327096,    70563,    61864,    17345
28749873,        4, 26323354,    70630,    61886,    17875
28819544,        0, 25747072,    71704,    61790,    15768
28810412,        1, 26104058,    71705,    61839,    16284
29583650,        2, 25236314,    71707,    61891,    16817
24116052,        3, 26339338,    71709,    61942,    17345
24195190,        4, 26336389,    71711,    61991,    17875
24912446,        0, 25751131,    72471,    61156,    15768
25662456,        1, 26112595,    72482,    61162,    16284
27999444,        2, 25228604,    72493,    61169,    16817
28020497,        3, 26330832,    72504,    61175,    17345
28022546,        4, 26328629,    72516,    61181,    17875
29494730,        0, 25753923,    73458,    61080,    15768
29510603,        1, 26108997,    73459,    61141,    16284
29535474,        2, 25240939,    73460,    61204,    16817
29562989,        3, 26345211,    73461,    61267,    17345
30321754,        0, 25755526,    72983,    61412,    15768
30328832,        1, 26118804,    72987,    61422,    16284
24196880,        4, 26325243,    73013,    61468,    17875
25654262,        0, 25761848,    73039,    61634,    15768
25675555,        1, 26118675,    73045,    61651,    16284
25734636,        2, 25226043,    73050,    61667,    16817
25754465,        3, 26335806,    73055,    61685,    17345
27234409,        4, 26325019,    73059,    61699,    17875
27263135,        0, 25761921,    73074,    61692,    15768
27975504,        1, 26118559,    73107,    61703,    16284
28013594,        2, 25225782,    73141,    61714,    16817
28022483,        3, 26335672,    73175,    61726,    17345
28740286,        4, 26347077,    73209,    61736,    17875
29546266,        0, 26431141,    57425,    63903,    15768
30344576,        2, 25939035,    57425,    63913,    16817
30349020,        0, 26431560,    57236,    63825,    15768
24126581,        1, 26800243,    57241,    63874,    16284
24138590,        2, 25945758,    57246,    63926,    16817
24965053,        3, 27046797,    57251,    63976,    17345
25664403,        4, 27083319,    57256,    64027,    17875
25734844,        0, 26435255,    57382,    63424,    15768
25761056,        1, 26805599,    57393,    63467,    16284
26460744,        2, 25943708,    57404,    63512,    16817
26473979,        3, 27044857,    57415,    63556,    17345
27183993,        4, 27081023,    57425,    63601,    17875
27280956,        0, 26435265,    57127,    63376,    15768
29499142,        1, 26804158,    57130,    63442,    16284
29547798,        4, 27081118,    57138,    63646,    17875
29564323,        0, 26438158,    57811,    63726,    15768
30258529,        1, 26818377,    57835,    63745,    16284
30329363,        2, 25938948,    57860,    63765,    16817
24214862,        3, 27040084,    57884,    63783,    17345
24899261,        4, 27076379,    57908,    63803,    17875
24944254,        1, 26805551,    57604,    63265,    16284
25665683,        3, 27043043,    57649,    63267,    17345
25694526,        4, 27079075,    57670,    63269,    17875
24981863,        0, 26443090,    59101,    63945,    15768
27208907,        1, 26821006,    59135,    63955,    16284
27960747,        2, 25950973,    59170,    63965,    16817
27959859,        3, 27063584,    59205,    63974,    17345
28767138,        4, 27088831,    59240,    63984,    17875
27985951,        0, 26443091,    58576,    63750,    15768
28765859,        1, 26811941,    58614,    63772,    16284
28820778,        2, 25946116,    58653,    63796,    16817
29509164,        3, 27047415,    58693,    63818,    17345
29519263,        4, 27083808,    58732,    63841,    17875
29521354,        0, 26443178,    58877,    63843,    15768
29586309,        1, 26811916,    58951,    63894,    16284
30268067,        2, 25946640,    59029,    63948,    16817
30723434,        3, 27047527,    59106,    64000,    17345
24136203,        4, 27091860,    59183,    64053,    17875
24936172,        1, 26818973,    59184,    63905,    16284
25657968,        2, 25951128,    59213,    63975,    16817
25659511,        3, 27063580,    59242,    64044,    17345
25699059,        4, 27089135,    59270,    64112,    17875
24937099,        0, 26445708,    58351,    63123,    15768
26446544,        1, 26815584,    58364,    63156,    16284
26476666,        2, 25944220,    58376,    63190,    16817
26518455,        3, 27050423,    58390,    63224,    17345
27198522,        4, 27081855,    58403,    63258,    17875
27234643,        0, 26448945,    59281,    64566,    15768
27961071,        1, 27589758,    59297,    64618,    16284
28758857,        2, 26727274,    59314,    64674,    16817
29555420,        3, 27836007,    59331,    64726,    17345
24918074,        4, 27908199,    59347,    64780,    17875
25710421,        0, 26449208,    58316,    63906,    15768
26443633,        1, 26813604,    58327,    63963,    16284
26451001,        2, 25948280,    58339,    64024,    16817
26488267,        4, 27076370,    58362,    64142,    17875
26503621,        0, 26454555,    60786,    63705,    15768
26502671,        1, 26831725,    60803,    63715,    16284
27182457,        2, 25951776,    60821,    63726,    16817
26439718,        3, 27058451,    60839,    63736,    17345
27211233,        4, 27089853,    60857,    63746,    17875
27263760,        0, 26456852,    60063,    64071,    15768
27964181,        1, 26826433,    60108,    64163,    16284
27228181,        2, 25960862,    60155,    64258,    16817
28765463,        3, 27061943,    60200,    64351,    17345
28782024,        4, 27099536,    60246,    64444,    17875
28821102,        0, 26459563,    60656,    63447,    15768
29542037,        1, 26831969,    60730,    63514,    16284
29576633,        2, 25957803,    60806,    63583,    16817
30303963,        3, 27058540,    60881,    63651,    17345
24957679,        4, 27090030,    60956,    63719,    17875
25727244,        0, 26463972,    61477,    64314,    15768
26446695,        1, 26831279,    61529,    64413,    16284
25701342,        2, 25970427,    61583,    64516,    16817
26511843,        3, 27066280,    61638,    64619,    17345
27266478,        4, 27922911,    61692,    64720,    17875
24183060,        0, 26464838,    61194,    63022,    15768
24961390,        1, 26834597,    61229,    63110,    16284
24901924,        2, 25966918,    61265,    63202,    16817
26450740,        3, 27067987,    61301,    63293,    17345
26489319,        4, 27107387,    61337,    63383,    17875
26506520,        0, 26465624,    62239,    63891,    15768
26505809,        1, 26835456,    62250,    63903,    16284
27261037,        2, 25970836,    62262,    63916,    16817
27200569,        3, 27071831,    62273,    63928,    17345
28775145,        4, 27110171,    62285,    63940,    17875
28771726,        0, 26465987,    62155,    63924,    15768
28803477,        1, 26837924,    62224,    64017,    16284
28817292,        2, 25971055,    62296,    64112,    16817
29508722,        3, 27073890,    62367,    64208,    17345
24127627,        4, 27112290,    62438,    64303,    17875
24151196,        0, 26467995,    62258,    64120,    15768
24964604,        1, 26837905,    62335,    64162,    16284
25681684,        2, 25972529,    62415,    64206,    16817
24961444,        3, 27073825,    62495,    64249,    17345
25661425,        4, 27105075,    62574,    64292,    17875
25687671,        0, 26468653,    63839,    64302,    15768
25689247,        1, 26852777,    63848,    64336,    16284
26485910,        2, 25984314,    63856,    64370,    16817
25723957,        3, 27086000,    63865,    64404,    17345
25726522,        4, 27124890,    63873,    64437,    17875
27250980,        0, 26472188,    62523,    63340,    15768
27209497,        1, 26841554,    62530,    63373,    16284
27990247,        2, 25968774,    62537,    63408,    16817
28753482,        3, 27070376,    62544,    63442,    17345
27973227,        4, 27107949,    62551,    63476,    17875
28765458,        0, 26473772,    62895,    62770,    15768
28051750,        1, 26845582,    62897,    62774,    16284
29503497,        2, 25964561,    62899,    62778,    16817
29512076,        3, 27065577,    62901,    62782,    17345
29547283,        4, 27103617,    62904,    62786,    17875
29572682,        0, 26474944,    62505,    64350,    15768
29555552,        1, 27614992,    62506,    64431,    16284
24152632,        2, 25966039,    62507,    64517,    16817
24960983,        3, 27067139,    62509,    64602,    17345
26467412,        4, 27922874,    62511,    64687,    17875
26488609,        0, 26475811,    63001,    63047,    15768
25710417,        1, 26841784,    63033,    63082,    16284
26526243,        2, 25967392,    63066,    63118,    16817
26432777,        3, 27068614,    63098,    63153,    17345
27963783,        4, 27106558,    63131,    63189,    17875
28809648,        0, 26475821,    62530,    63138,    15768
29493517,        1, 26841923,    62576,    63160,    16284
29510970,        2, 25967567,    62625,    63183,    16817
29539785,        3, 27068471,    62673,    63206,    17345
29574435,        4, 27106569,    62722,    63228,    17875
24122633,        0, 26476710,    65113,    63814,    15768
24214796,        1, 26848405,    65119,    63862,    16284
25690404,        2, 25992871,    65126,    63912,    16817
24934492,        3, 27080277,    65132,    63961,    17345
25760180,        4, 27133852,    65139,    64010,    17875
27991744,        0, 26477706,    65783,    64447,    15768
28750479,        1, 27623987,    65787,    64452,    16284
29516595,        2, 25987867,    65792,    64458,    16817
30277123,        3, 27096578,    65797,    64463,    17345
24184968,        4, 27128198,    65802,    64470,    17875
24883156,        0, 26478194,    65206,    64091,    15768
24208291,        1, 26848099,    65209,    64112,    16284
25655394,        2, 25992613,    65210,    64135,    16817
25738468,        3, 27096679,    65212,    64156,    17345
26450014,        4, 27133722,    65214,    64177,    17875
27217301,        0, 26480280,    65413,    63422,    15768
27252113,        1, 26846372,    65439,    63444,    16284
28728143,        2, 25991077,    65466,    63468,    16817
28732591,        3, 27092271,    65492,    63490,    17345
27968885,        4, 27131797,    65519,    63513,    17875
29489901,        0, 26481314,    65894,    64133,    15768
28738332,        3, 27087371,    65909,    64150,    17345
29505818,        0, 26481798,    65973,    62908,    15768
29518702,        1, 26869235,    66034,    62945,    16284
30721098,        2, 25989448,    66096,    62983,    16817
29533119,        3, 27090722,    66157,    63020,    17345
30334884,        4, 27130099,    66219,    63058,    17875
24187183,        0, 26482478,    64182,    64225,    15768
24140065,        1, 26854828,    64188,    64318,    16284
24967010,        2, 25976438,    64195,    64416,    16817
25681039,        3, 27077506,    64200,    64512,    17345
25686459,        4, 27118723,    64207,    64609,    17875
25696125,        0, 26483285,    64330,    63470,    15768
25761451,        1, 26854007,    64340,    63496,    16284
26457403,        2, 25978112,    64351,    63522,    16817
26482660,        3, 27079423,    64361,    63549,    17345
26502303,        4, 27117971,    64372,    63575,    17875
27190071,        0, 26483360,    64491,    63282,    15768
27190033,        1, 26854071,    64528,    63301,    16284
27256908,        2, 25977361,    64567,    63320,    16817
26901101,        3, 27078474,    64605,    63340,    17345
28744474,        4, 27118407,    64645,    63358,    17875
28045587,        0, 26483838,    64838,    63613,    15768
28806449,        1, 26846735,    64853,    63724,    16284
29516968,        2, 25974747,    64869,    63840,    16817
29546621,        4, 27119296,    64901,    64067,    17875
30327800,        0, 26488798,    66710,    63868,    15768
24909796,        1, 26861039,    66796,    63904,    16284
25710561,        2, 25993547,    66884,    63942,    16817
25739921,        3, 27094692,    66970,    63979,    17345
25750119,        4, 27134551,    67057,    64016,    17875
26432429,        0, 26492177,    67218,    63542,    15768
26496400,        1, 26859256,    67249,    63559,    16284
26499871,        2, 26002343,    67282,    63579,    16817
27183036,        3, 27103961,    67316,    63602,    17345
27221373,        4, 27144043,    67347,    63627,    17875
27231630,        0, 26493538,    67559,    63359,    15768
27970019,        1, 26864501,    67598,    63374,    16284
27974765,        2, 26001462,    67638,    63388,    16817
27974734,        3, 27103207,    67677,    63403,    17345
28741671,        4, 27143416,    67716,    63417,    17875
28754449,        0, 26494945,    67574,    63928,    15768
29575998,        1, 26867403,    67599,    63933,    16284
30303633,        2, 25998167,    67624,    63937,    16817
24195251,        3, 27099535,    67648,    63941,    17345
24157424,        4, 27139609,    67673,    63946,    17875
24950641,        0, 26495017,    67557,    64145,    15768
26497135,        1, 26867257,    67619,    64231,    16284
28722752,        2, 25999876,    67681,    64317,    16817
27992873,        3, 27100885,    67741,    64401,    17345
28003345,        4, 27141154,    67801,    64484,    17875
28798926,        0, 26495503,    66152,    62691,    15768
29528602,        1, 26869383,    66216,    62729,    16284
28798390,        2, 25987263,    66280,    62769,    16817
29521025,        3, 27088712,    66344,    62808,    17345
30330412,        4, 27127847,    66407,    62847,    17875
24151182,        0, 26495931,    67961,    62671,    15768
25692638,        1, 26881600,    67998,    62705,    16284
25722801,        2, 25999002,    68035,    62740,    16817
25743069,        4, 27140453,    68110,    62807,    17875
26432277,        0, 26495938,    67725,    62764,    15768
26530945,        1, 26868694,    67739,    62786,    16284
26508407,        2, 25999033,    67754,    62808,    16817
27268119,        3, 27100566,    67767,    62831,    17345
27979945,        4, 27140302,    67782,    62853,    17875
28019683,        0, 26497032,    66236,    64230,    15768
28772426,        1, 26868026,    66263,    64255,    16284
27998536,        2, 25988066,    66291,    64281,    16817
28796751,        3, 27089645,    66319,    64307,    17345
28032607,        4, 27128950,    66347,    64333,    17875
29504835,        0, 26497576,    67588,    63193,    15768
28750867,        1, 26864304,    67597,    63196,    16284
29567919,        2, 26000735,    67606,    63199,    16817
24119826,        4, 27142281,    67624,    63204,    17875
24146807,        0, 26497621,    67695,    62926,    15768
24151979,        1, 26868677,    67718,    62949,    16284
24922279,        2, 26000835,    67741,    62973,    16817
24901424,        3, 27102331,    67763,    62997,    17345
26445829,        4, 27142371,    67786,    63021,    17875
25699294,        0, 26497676,    67619,    62983,    15768
26444562,        1, 26868721,    67645,    63026,    16284
26481023,        2, 26000568,    67672,    63071,    16817
28000125,        3, 27102182,    67698,    63115,    17345
28779121,        4, 27142511,    67724,    63159,    17875
28789995,        0, 26499638,    68562,    63940,    15768
28043133,        1, 26871850,    68590,    63951,    16284
28043045,        2, 26004971,    68618,    63962,    16817
29517639,        3, 27106491,    68647,    63973,    17345
29507993,        0, 26499771,    68856,    64114,    15768
30277069,        0, 26500346,    68509,    62600,    15768
29515787,        1, 26872919,    68531,    62621,    16284
24156152,        2, 25210952,    68552,    62643,    16817
25661681,        3, 27107689,    68574,    62665,    17345
25713883,        4, 26309125,    68596,    62688,    17875
27210482,        0, 26500407,    69009,    62835,    15768
27226131,        1, 26880901,    69048,    62937,    16284
26468582,        2, 26006124,    69088,    63042,    16817
27265332,        3, 27109725,    69126,    63146,    17345
28775193,        4, 27156480,    69166,    63253,    17875
28796455,        0, 26502814,    68950,    62850,    15768
28794374,        1, 26872731,    68954,    62879,    16284
29505057,        2, 26006018,    68958,    62910,    16817
28792932,        3, 27109705,    68962,    62939,    17345
29568359,        4, 27150637,    68967,    62971,    17875
29544941,        0, 26503579,    68733,    63385,    15768
30335638,        1, 26874047,    68750,    63402,    16284
24198106,        2, 26003203,    68769,    63421,    16817
24190007,        3, 27104213,    68787,    63439,    17345
24897261,        4, 27144689,    68806,    63458,    17875
24909656,        0, 26506796,    69948,    64034,    15768
24157230,        1, 26884667,    70022,    64098,    16284
25671465,        2, 26017641,    70096,    64163,    16817
26473955,        3, 27120949,    70168,    64225,    17345
25709778,        4, 27162507,    70240,    64288,    17875
26442250,        0, 26508305,    69342,    64131,    15768
26448240,        1, 26879740,    69352,    64153,    16284
26458200,        2, 26009726,    69360,    64173,    16817
26488161,        3, 27113804,    69369,    64194,    17345
26517006,        4, 27151885,    69375,    64215,    17875
27283087,        0, 26513585,    70219,    64411,    15768
27186016,        1, 27660372,    70283,    64435,    16284
27192177,        2, 26018893,    70350,    64461,    16817
27205909,        3, 27120943,    70415,    64487,    17345
27236761,        4, 27162547,    70480,    64512,    17875
26480259,        0, 26515375,    71891,    63284,    15768
27240168,        1, 26898863,    71911,    63292,    16284
27254234,        2, 26031747,    71933,    63301,    16817
27280899,        3, 27133887,    71954,    63309,    17345
27972657,        4, 27175680,    71976,    63317,    17875
28001313,        0, 26516764,    70188,    64565,    15768
28007157,        1, 27660325,    70215,    64583,    16284
