Vector Track Size:     1118

33276926,       10, 42642544,    63775,    66855,    26554
33282956,       11, 41713965,    63798,    66888,    27072
33285285,       12, 43256065,    63821,    66923,    27594
30478502,       13, 48089392,    63844,    66957,    28114
28624126,       10, 42651965,    62667,    68112,    26554
28638893,       11, 41712414,    62703,    68204,    27072
28639996,       12, 43265446,    62739,    68297,    27594
28644009,       13, 49407575,    62775,    68389,    28114
28644653,       14, 50786498,    62810,    68477,    28612
28654887,       10, 42646612,    63085,    67309,    26554
28661423,       11, 41717183,    63094,    67314,    27072
28661696,       12, 43259598,    63103,    67319,    27594
28665272,       13, 49424498,    63111,    67324,    28114
28665816,       14, 50788249,    63120,    67329,    28612
28679632,       10, 39053154,    56809,    62102,    26554
28680052,       11, 38194394,    56810,    62128,    27072
28680826,       12, 39593573,    56811,    62154,    27594
28691267,       13, 45354536,    56812,    62181,    28114
28691487,       14, 46659505,    56813,    62206,    28612
28702112,       10, 36692948,    57729,    57558,    26554
28707281,       11, 35878391,    57735,    57569,    27072
28712284,       12, 37159064,    57741,    57580,    27594
28718547,       13, 42617408,    57749,    57592,    28114
28719010,       14, 43903401,    57755,    57602,    28612
28726427,       10, 36711703,    59378,    57766,    26554
28726702,       11, 35897420,    59393,    57767,    27072
28730502,       12, 37165075,    59408,    57768,    27594
28736649,       14, 43924753,    59439,    57769,    28612
28741312,       10, 36700770,    58579,    57872,    26554
28750778,       11, 35910580,    58580,    57875,    27072
29551484,       12, 37167038,    58582,    57877,    27594
29551913,       13, 42641134,    58583,    57880,    28114
29555421,       14, 43937417,    58585,    57883,    28612
29557024,       10, 37871243,    58804,    58617,    26554
29559918,       11, 37048110,    58805,    58626,    27072
29561006,       12, 38376606,    58806,    58635,    27594
29561850,       13, 42634920,    58807,    58644,    28114
29562990,       14, 43935036,    58808,    58653,    28612
29564947,       10, 36699399,    58479,    57419,    26554
29572083,       11, 35907071,    58484,    57420,    27072
29572438,       12, 37172123,    58490,    57421,    27594
29573116,       13, 42653941,    58495,    57422,    28114
29573347,       14, 43932200,    58500,    57423,    28612
29574315,       10, 36720525,    60880,    57945,    26554
29575307,       11, 35915870,    60881,    57948,    27072
29576798,       12, 37186190,    60883,    57952,    27594
29578712,       13, 42662644,    60885,    57956,    28114
29580909,       14, 43948391,    60887,    57959,    28612
29581829,       10, 36744877,    62294,    58536,    26554
29582720,       11, 37057658,    62340,    58558,    27072
29584210,       12, 37211488,    62385,    58580,    27594
29584411,       13, 42678315,    62432,    58603,    28114
29585432,       14, 43976519,    62476,    58624,    28612
29587899,       11, 37067426,    61510,    58426,    27072
29587937,       12, 37195717,    61512,    58430,    27594
29593606,       13, 42669088,    61513,    58433,    28114
29598413,       14, 43958863,    61515,    58436,    28612
29598832,       10, 36720544,    60317,    58162,    26554
29600157,       11, 35905719,    60342,    58183,    27072
29600268,       12, 37186562,    60366,    58205,    27594
29602911,       13, 42648217,    60392,    58226,    28114
29603734,       14, 43940010,    60416,    58247,    28612
29604524,       10, 36734057,    61686,    56837,    26554
29605734,       11, 35922880,    61693,    56839,    27072
29608270,       12, 37200449,    61700,    56840,    27594
29612492,       14, 43964340,    61713,    56843,    28612
29612825,       10, 36751330,    62783,    57973,    26554
29617665,       11, 35933407,    62785,    57988,    27072
29623136,       12, 37218260,    62787,    58003,    27594
29624146,       13, 42683543,    62789,    58018,    28114
29625414,       14, 43969287,    62791,    58032,    28612
29626619,       10, 36739804,    63729,    58155,    26554
29627543,       11, 35942868,    63802,    58174,    27072
29628402,       12, 37206950,    63875,    58194,    27594
29630193,       13, 42677012,    63950,    58215,    28114
29631121,       14, 43970713,    64021,    58233,    28612
29631660,       10, 36753033,    63126,    56957,    26554
29637575,       11, 35940990,    63127,    56959,    27072
29638676,       12, 37219241,    63129,    56962,    27594
29641974,       13, 41342913,    63132,    56964,    28114
29642491,       14, 43985295,    63133,    56967,    28612
29643021,       10, 36767542,    64535,    58402,    26554
29644116,       11, 37097634,    64540,    58420,    27072
29646718,       12, 37233408,    64544,    58438,    27594
29651385,       13, 42705274,    64549,    58456,    28114
29655012,       14, 43998686,    64554,    58472,    28612
29656207,       10, 36760901,    65843,    58637,    26554
30475724,       11, 37091052,    65915,    58649,    27072
30477425,       12, 37228068,    65986,    58662,    27594
30478335,       13, 42697972,    66057,    58674,    28114
30479980,       14, 45348526,    66126,    58686,    28612
30492301,       10, 36792772,    68705,    57859,    26554
30494618,       11, 35998782,    68792,    57878,    27072
30494854,       12, 37258823,    68878,    57895,    27594
30498375,       13, 42742027,    68963,    57914,    28114
30499131,       14, 44032096,    69045,    57930,    28612
30499912,       10, 36774721,    67061,    57865,    26554
30500977,       11, 35980425,    67092,    57888,    27072
30501448,       12, 37240196,    67123,    57910,    27594
30506603,       13, 42722181,    67153,    57931,    28114
30507076,       14, 44011009,    67182,    57952,    28612
30512044,       10, 36806018,    69261,    58236,    26554
30513621,       11, 35989841,    69265,    58241,    27072
30517508,       12, 37259679,    69270,    58246,    27594
30520920,       13, 42736221,    69274,    58251,    28114
30522104,       14, 44031313,    69277,    58254,    28612
30522792,       10, 36807345,    68394,    58333,    26554
30522906,       11, 35976246,    68400,    58335,    27072
30528356,       12, 37267669,    68406,    58338,    27594
30539468,       13, 42748509,    68412,    58341,    28114
30539550,       14, 44040022,    68418,    58343,    28612
30541341,       10, 37966908,    69433,    58702,    26554
30553766,       11, 37124873,    69439,    58732,    27072
30554310,       12, 38470569,    69444,    58763,    27594
30554849,       13, 42737630,    69450,    58794,    28114
30554886,       14, 45389068,    69455,    58822,    28612
30554931,       10, 36822068,    70974,    58460,    26554
30563204,       11, 37142486,    70983,    58484,    27072
30563963,       12, 37288842,    70990,    58508,    27594
30566891,       13, 42756684,    70998,    58533,    28114
30567676,       14, 44059811,    71006,    58555,    28612
30570003,       10, 36811166,    70717,    57973,    26554
30571709,       13, 42764829,    70808,    57975,    28114
30578441,       10, 36817662,    70279,    57298,    26554
30583475,       11, 35996103,    70285,    57308,    27072
30583953,       12, 37283515,    70290,    57317,    27594
30585203,       13, 41406384,    70296,    57327,    28114
30586680,       14, 44038722,    70301,    57335,    28612
30586998,       10, 36812995,    70178,    58190,    26554
30588415,       11, 35993997,    70180,    58215,    27072
30592511,       12, 37294671,    70183,    58240,    27594
30592586,       13, 42744524,    70185,    58265,    28114
30597850,       14, 44040536,    70187,    58289,    28612
30598676,       10, 36830752,    72339,    58017,    26554
30598772,       11, 36005023,    72344,    58019,    27072
30600548,       12, 37297083,    72348,    58021,    27594
31408847,       13, 42765627,    72352,    58024,    28114
31409886,       14, 44054481,    72356,    58025,    28612
31410175,       10, 36842847,    73310,    58280,    26554
31413236,       11, 36030481,    73320,    58314,    27072
31423051,       12, 37309817,    73331,    58349,    27594
31425299,       13, 42792131,    73341,    58384,    28114
31431638,       14, 44083455,    73351,    58417,    28612
31432171,       10, 37868918,    59052,    60328,    26554
31433714,       11, 37039253,    59060,    60366,    27072
31436437,       12, 38374049,    59069,    60405,    27594
31437604,       13, 43968918,    59077,    60443,    28114
31443631,       14, 45287524,    59086,    60480,    28612
31443666,       10, 37868632,    58910,    60333,    26554
31444723,       11, 37039575,    58938,    60360,    27072
31445870,       12, 38370682,    58967,    60387,    27594
31448366,       13, 43968520,    58996,    60414,    28114
31449909,       14, 45287522,    59024,    60440,    28612
31451381,       10, 37883106,    59296,    59132,    26554
31454105,       11, 37040517,    59298,    59134,    27072
31459025,       12, 38375235,    59301,    59136,    27594
31459491,       13, 42640176,    59304,    59138,    28114
31461623,       14, 45285978,    59307,    59141,    28612
31463626,       10, 37872007,    59198,    59764,    26554
31463650,       11, 37036676,    59232,    59775,    27072
31464859,       12, 38377058,    59268,    59787,    27594
31465766,       13, 43966619,    59304,    59800,    28114
31468864,       14, 45291688,    59339,    59812,    28612
31468997,       10, 37858172,    57935,    59955,    26554
31469057,       11, 37018610,    57941,    59963,    27072
31470589,       12, 38363393,    57947,    59971,    27594
31471735,       13, 43958799,    57953,    59979,    28114
31473746,       14, 45262774,    57960,    59986,    28612
31475149,       10, 39070748,    59819,    60622,    26554
31479030,       11, 38204976,    59832,    60652,    27072
31482667,       12, 39608757,    59845,    60683,    27594
31484241,       13, 43974428,    59858,    60713,    28114
31485223,       14, 46677536,    59871,    60743,    28612
31488465,       10, 37867620,    58514,    59062,    26554
31492416,       11, 37053808,    58520,    59092,    27072
31493248,       12, 38383769,    58527,    59124,    27594
31493664,       13, 42644416,    58532,    59155,    28114
31497237,       14, 45298898,    58538,    59185,    28612
31499837,       10, 39070775,    59846,    60658,    26554
31504554,       11, 38205251,    59871,    60688,    27072
31506672,       12, 39608782,    59898,    60720,    27594
31506760,       13, 43974379,    59923,    60751,    28114
31522370,       14, 46672176,    59948,    60781,    28612
31524792,       10, 37883989,    58283,    59390,    26554
31525029,       11, 37027214,    58293,    59404,    27072
31525082,       12, 38389423,    58305,    59419,    27594
31526501,       13, 43956158,    58316,    59433,    28114
31527843,       14, 45280799,    58327,    59447,    28612
31529745,       10, 37906041,    62190,    58650,    26554
31532106,       11, 37058008,    62297,    58658,    27072
32319569,       12, 38416678,    62405,    58665,    27594
32320455,       13, 42678353,    62514,    58672,    28114
32321625,       14, 45329800,    62619,    58678,    28612
32334065,       10, 37893365,    60229,    59628,    26554
32337858,       11, 37044940,    60248,    59630,    27072
32339105,       12, 38407894,    60267,    59632,    27594
32339891,       13, 43976463,    60286,    59635,    28114
32342385,       14, 45294134,    60305,    59637,    28612
32344584,       10, 37895346,    61217,    59621,    26554
32345644,       11, 37062642,    61217,    59626,    27072
32351827,       13, 43984041,    61219,    59636,    28114
32352631,       14, 45317884,    61219,    59640,    28612
32353453,       10, 37897404,    61452,    60318,    26554
32354757,       11, 37068994,    61483,    60373,    27072
32355494,       12, 38405679,    61513,    60428,    27594
32359865,       13, 43993831,    61544,    60483,    28114
32362697,       14, 45323576,    61573,    60537,    28612
32363137,       10, 37876797,    59980,    60198,    26554
32365971,       11, 37050672,    59986,    60215,    27072
32366531,       12, 38382781,    59992,    60231,    27594
32370536,       13, 43971777,    59997,    60248,    28114
32373858,       14, 45297680,    60003,    60263,    28612
32376996,       10, 37897317,    61684,    60245,    26554
32377257,       11, 37069191,    61724,    60245,    27072
32377505,       12, 38402486,    61764,    60246,    27594
32379957,       13, 43993358,    61805,    60247,    28114
32381172,       14, 45320059,    61845,    60247,    28612
32384325,       10, 37905985,    62129,    59006,    26554
32385826,       11, 37061798,    62181,    59033,    27072
32388247,       12, 38411260,    62235,    59061,    27594
32388283,       13, 42665186,    62289,    59090,    28114
32391043,       14, 45314843,    62340,    59117,    28612
32391225,       11, 37066332,    61905,    59907,    27072
32396215,       12, 38399732,    61919,    59954,    27594
32397511,       13, 44000182,    61933,    60000,    28114
32401330,       14, 45319858,    61947,    60045,    28612
32401349,       10, 37907845,    62554,    60421,    26554
32406755,       11, 38239617,    62589,    60462,    27072
32407024,       12, 38413245,    62626,    60504,    27594
32407104,       14, 45331639,    62697,    60585,    28612
32407991,       10, 37936214,    64276,    60168,    26554
32409839,       11, 37076868,    64319,    60175,    27072
32412029,       12, 38435763,    64362,    60182,    27594
32413774,       13, 44032741,    64406,    60190,    28114
32417505,       14, 45355963,    64448,    60196,    28612
32420028,       10, 37906020,    62435,    58669,    26554
32422569,       11, 37057855,    62469,    58675,    27072
32425360,       12, 38411111,    62502,    58681,    27594
32428199,       13, 42677811,    62537,    58686,    28114
32428608,       14, 45329794,    62570,    58692,    28612
32430108,       10, 37919331,    62573,    60434,    26554
32430905,       11, 38239399,    62574,    60443,    27072
32431006,       12, 38413073,    62575,    60452,    27594
32432172,       13, 44011179,    62576,    60461,    28114
32435312,       14, 45331366,    62578,    60470,    28612
32435315,       10, 39104035,    62435,    60618,    26554
32435519,       11, 38223082,    62446,    60655,    27072
32437129,       12, 39641742,    62458,    60694,    27594
32438996,       13, 44002611,    62470,    60732,    28114
32440266,       14, 46715768,    62482,    60769,    28612
32440311,       10, 37912507,    62182,    59609,    26554
32441068,       11, 37055904,    62185,    59643,    27072
32441370,       12, 38417216,    62187,    59679,    27594
32442052,       13, 43990148,    62189,    59713,    28114
32446604,       14, 45316885,    62191,    59747,    28612
32446827,       10, 37894269,    61990,    59660,    26554
33235256,       11, 37066084,    61991,    59662,    27072
33239181,       12, 38399616,    61993,    59664,    27594
33244972,       13, 43997305,    61994,    59667,    28114
33249454,       14, 45317519,    61995,    59669,    28612
33250178,       10, 37912192,    62294,    59828,    26554
33250396,       11, 37055713,    62325,    59858,    27072
33254114,       12, 38417412,    62356,    59889,    27594
33256585,       13, 44008698,    62388,    59920,    28114
33257842,       14, 45307601,    62418,    59950,    28612
33259573,       10, 39102973,    63424,    61311,    26554
33264131,       11, 38253367,    63424,    61397,    27072
33264820,       12, 39646691,    63425,    61485,    27594
33266975,       13, 45405264,    63425,    61571,    28114
33267009,       10, 37924368,    65274,    59151,    26554
33267238,       11, 37105669,    65282,    59160,    27072
33267318,       12, 38431202,    65289,    59168,    27594
33268038,       13, 42709520,    65297,    59177,    28114
33269540,       14, 45366153,    65307,    59185,    28612
33269602,       11, 37093398,    66130,    58914,    27072
33269738,       12, 38458457,    66205,    58936,    27594
33270433,       13, 42704424,    66280,    58959,    28114
33271238,       14, 45354732,    66353,    58980,    28612
33271336,       10, 39159175,    66158,    61630,    26554
33272588,       11, 38265631,    66241,    61740,    27072
33272888,       12, 39695332,    66326,    61850,    27594
33289825,       13, 45449292,    66411,    61959,    28114
33290825,       14, 46769017,    66491,    62064,    28612
33291684,       10, 39145371,    66607,    60989,    26554
33293354,       11, 38280237,    66715,    61045,    27072
33293493,       12, 39682652,    66825,    61103,    27594
33294122,       13, 44059137,    66934,    61159,    28114
33294333,       14, 46762089,    67040,    61214,    28612
33295176,       10, 37930688,    65976,    59584,    26554
33299676,       11, 37095061,    66005,    59593,    27072
33300491,       12, 38435280,    66033,    59602,    27594
33300753,       13, 44023602,    66061,    59612,    28114
33305303,       14, 45352865,    66088,    59620,    28612
33310165,       10, 37923831,    65447,    58708,    26554
33312031,       11, 37103314,    65498,    58716,    27072
33317605,       12, 38429215,    65548,    58723,    27594
33318905,       13, 42697971,    65597,    58730,    28114
33320485,       14, 45348295,    65645,    58736,    28612
33320501,       10, 37928898,    65253,    59877,    26554
33321545,       11, 37101211,    65292,    59883,    27072
33321884,       12, 38433406,    65332,    59891,    27594
33323661,       13, 44041977,    65372,    59898,    28114
33324814,       14, 45346372,    65409,    59905,    28612
33324834,       10, 37938621,    65065,    60458,    26554
33325339,       11, 38259911,    65072,    60493,    27072
33325471,       12, 38443404,    65079,    60529,    27594
33328684,       13, 44034443,    65087,    60566,    28114
33339876,       14, 45364821,    65094,    60600,    28612
33341949,       10, 37938941,    64770,    60555,    26554
33342034,       11, 38260100,    64793,    60566,    27072
33343311,       12, 38443474,    64815,    60577,    27594
33347836,       13, 44034905,    64839,    60588,    28114
33350170,       14, 45364797,    64861,    60599,    28612
33351800,       10, 37944978,    67324,    60566,    26554
33355441,       11, 38276542,    67325,    60581,    27072
33358993,       12, 38449147,    67326,    60597,    27594
34140910,       13, 44049703,    67328,    60613,    28114
34156138,       14, 46756982,    67329,    60628,    28612
34157410,       10, 37962715,    68450,    60608,    26554
34159265,       11, 38295665,    68545,    60623,    27072
34160055,       12, 38466745,    68640,    60638,    27594
34161409,       14, 46777206,    68828,    60667,    28612
34161528,       10, 37930738,    66082,    59572,    26554
34162099,       11, 37094671,    66098,    59619,    27072
34162154,       12, 38434099,    66113,    59665,    27594
34162691,       13, 44024334,    66129,    59712,    28114
34174195,       14, 45352763,    66143,    59755,    28612
34179509,       10, 39143856,    67290,    61106,    26554
34184242,       11, 38274480,    67339,    61177,    27072
34186193,       12, 39678180,    67388,    61248,    27594
34186445,       13, 44046887,    67437,    61319,    28114
34186541,       14, 46756002,    67484,    61387,    28612
34187964,       10, 37946299,    66886,    59211,    26554
34188157,       11, 37113433,    66937,    59222,    27072
34189381,       12, 38450910,    66988,    59234,    27594
34194627,       14, 45372395,    67087,    59256,    28612
34195326,       10, 39162919,    69169,    60704,    26554
34196198,       11, 38294730,    69188,    60759,    27072
34199138,       12, 39698847,    69207,    60815,    27594
34199833,       13, 44062789,    69225,    60869,    28114
34203114,       14, 46778224,    69243,    60922,    28612
34203229,       10, 37965100,    68722,    58681,    26554
34205374,       11, 37134597,    68736,    58693,    27072
34205844,       12, 38468785,    68751,    58705,    27594
34211713,       13, 42737511,    68767,    58718,    28114
34214789,       14, 45389010,    68782,    58730,    28612
34215719,       10, 37962812,    68762,    60471,    26554
34222284,       11, 38295260,    68783,    60490,    27072
34225769,       12, 38466633,    68803,    60510,    27594
34226542,       13, 44069261,    68824,    60530,    28114
34226866,       10, 37968940,    69625,    59785,    26554
34226874,       11, 37123530,    69699,    59841,    27072
34227024,       12, 38472662,    69773,    59897,    27594
34229329,       13, 44080901,    69847,    59953,    28114
34229981,       14, 45400032,    69917,    60007,    28612
34233844,       10, 36798635,    68804,    58641,    26554
34235966,       11, 37124397,    68835,    58646,    27072
34240126,       12, 37264360,    68866,    58652,    27594
34240894,       13, 42737751,    68897,    58658,    28114
34243321,       14, 45393388,    68927,    58663,    28612
34245509,       10, 37975320,    68384,    60635,    26554
34245840,       11, 38279216,    68387,    60724,    27072
34247462,       12, 39705934,    68390,    60814,    27594
34257959,       13, 44073617,    68394,    60904,    28114
34258467,       14, 46760479,    68397,    60989,    28612
34259160,       10, 37970856,    69966,    60020,    26554
34260101,       11, 37136726,    69988,    60036,    27072
35046892,       12, 38474281,    70011,    60051,    27594
35064189,       13, 44080699,    70034,    60067,    28114
35065881,       14, 45399745,    70056,    60082,    28612
35069080,       10, 37963391,    68554,    59451,    26554
35070866,       11, 37130205,    68570,    59454,    27072
35071377,       12, 38467387,    68586,    59456,    27594
35073674,       13, 44070020,    68602,    59459,    28114
35076300,       14, 45407137,    68617,    59461,    28612
35077194,       10, 37978365,    70383,    60377,    26554
35077962,       11, 38299927,    70388,    60390,    27072
35079033,       12, 38485354,    70392,    60401,    27594
35081597,       14, 45403806,    70401,    60425,    28612
35081934,       10, 37979657,    70379,    59217,    26554
35091196,       11, 37130841,    70396,    59226,    27072
35093750,       12, 38486962,    70413,    59234,    27594
35095119,       13, 42776848,    70430,    59243,    28114
35095952,       14, 45427115,    70446,    59252,    28612
35101957,       10, 37983777,    70792,    59557,    26554
35102024,       11, 37148765,    70796,    59582,    27072
35103246,       12, 38487455,    70799,    59606,    27594
35103765,       13, 44084963,    70802,    59631,    28114
35104455,       14, 45417039,    70806,    59654,    28612
35105265,       10, 36819428,    70934,    58688,    26554
35106038,       11, 37142439,    70937,    58701,    27072
35112770,       12, 38489269,    70938,    58714,    27594
35113494,       13, 42759035,    70939,    58728,    28114
35116703,       14, 45410871,    70941,    58740,    28612
35116874,       10, 37980376,    70594,    58900,    26554
35119094,       11, 37146813,    70628,    58937,    27072
35120269,       12, 38483346,    70661,    58974,    27594
35121385,       13, 42759748,    70695,    59011,    28114
35129239,       14, 45411091,    70727,    59047,    28612
35129410,       10, 37978247,    70231,    60348,    26554
35133678,       11, 38299883,    70244,    60356,    27072
35134837,       12, 38481166,    70258,    60361,    27594
35135018,       13, 44071983,    70272,    60368,    28114
35135065,       14, 45399785,    70285,    60374,    28612
35136191,       10, 38000980,    72380,    59367,    26554
35136944,       11, 37149507,    72467,    59378,    27072
35137804,       12, 38504730,    72554,    59389,    27594
35138826,       13, 42787045,    72641,    59400,    28114
35142232,       14, 45434432,    72725,    59410,    28612
35143608,       10, 38009018,    72828,    59009,    26554
35148472,       11, 37163466,    72873,    59046,    27072
35152767,       12, 38512556,    72918,    59083,    27594
35153253,       13, 42790719,    72964,    59120,    28114
35158763,       14, 45446566,    73008,    59155,    28612
35158918,       10, 38010320,    72711,    60459,    26554
35160764,       11, 38330793,    72744,    60470,    27072
35162647,       12, 38514030,    72775,    60482,    27594
35167707,       13, 44112013,    72808,    60494,    28114
35172198,       14, 45432359,    72839,    60505,    28612
35173095,       10, 39047339,    56743,    61364,    26554
35173143,       11, 38199368,    56744,    61386,    27072
35966411,       12, 39585492,    56746,    61408,    27594
35990992,       13, 45338793,    56746,    61429,    28114
35993685,       14, 46651301,    56747,    61450,    28612
35995366,       10, 40249744,    57769,    62673,    26554
36002226,       11, 39357518,    57786,    62687,    27072
36002302,       12, 40815801,    57803,    62702,    27594
36013391,       13, 45348995,    57819,    62717,    28114
36013536,       14, 48026996,    57836,    62731,    28612
36017757,       10, 39051729,    57318,    61743,    26554
36027424,       11, 38193469,    57325,    61762,    27072
36027480,       12, 39589903,    57332,    61782,    27594
36028597,       13, 45334875,    57339,    61801,    28114
36048162,       14, 46655824,    57345,    61820,    28612
36050179,       10, 39053572,    57226,    62011,    26554
36052667,       11, 38193156,    57230,    62013,    27072
36054681,       12, 39590182,    57236,    62016,    27594
36061185,       13, 45334516,    57240,    62018,    28114
36068548,       14, 46656409,    57244,    62021,    28612
36068927,       10, 39069226,    60086,    61504,    26554
36070612,       11, 38216612,    60112,    61508,    27072
36070706,       12, 39606885,    60140,    61513,    27594
36071647,       13, 45361081,    60168,    61517,    28114
36074833,       14, 46675729,    60194,    61521,    28612
36075147,       10, 39079011,    59260,    61768,    26554
36077784,       11, 38210249,    59260,    61771,    27072
36078982,       12, 39610708,    59261,    61776,    27594
36084009,       13, 45356141,    59262,    61779,    28114
32884713,       14, 46680057,    59263,    61783,    28612
34676420,       10, 39077034,    59531,    62315,    26554
34723266,       11, 39372934,    59556,    62379,    27072
35648198,       12, 39616448,    59581,    62444,    27594
35714664,       13, 45375854,    59606,    62510,    28114
35723229,       14, 46686039,    59630,    62572,    28612
31453591,       12, 40834518,    58298,    62814,    27594
30587298,       13, 45351525,    58298,    62841,    28114
34243280,       14, 48039080,    58298,    62868,    28612
35079963,       10, 39076850,    59734,    62238,    26554
28640696,       11, 38215723,    59743,    62268,    27072
28712430,       12, 39614713,    59752,    62296,    27594
29589379,       13, 45375759,    59761,    62326,    28114
29586177,       14, 46683965,    59770,    62354,    28612
30542457,       12, 39618918,    58239,    61945,    27594
29627496,       14, 46663837,    58240,    61949,    28612
30978046,       10, 39082016,    60507,    61563,    26554
30597748,       11, 38237007,    60520,    61586,    27072
31453128,       12, 39630109,    60533,    61609,    27594
31520056,       13, 45382588,    60547,    61632,    28114
32397700,       11, 38229091,    60499,    61706,    27072
33300884,       12, 39631106,    60529,    61748,    27594
34221346,       13, 45378724,    60559,    61790,    28114
34245983,       14, 46702981,    60587,    61831,    28612
35077645,       10, 39094789,    61753,    61691,    26554
35076436,       11, 38235267,    61770,    61707,    27072
35091185,       12, 39637462,    61787,    61721,    27594
35099113,       13, 45383929,    61804,    61736,    28114
35093116,       14, 46709622,    61821,    61751,    28612
35968185,       10, 39094663,    61774,    61668,    26554
35083670,       11, 38235821,    61820,    61699,    27072
30506921,       12, 39632721,    61867,    61729,    27594
31460076,       13, 45384209,    61914,    61759,    28114
34181723,       14, 46709983,    61958,    61788,    28612
35085510,       10, 39097212,    61436,    62276,    26554
35131718,       12, 39635116,    61441,    62291,    27594
31496141,       13, 45397422,    61443,    62298,    28114
32413097,       14, 46707160,    61445,    62305,    28612
35162799,       10, 39092079,    61859,    62504,    26554
29652836,       11, 39401359,    61861,    62509,    27072
31454391,       12, 39629897,    61863,    62514,    27594
32356827,       13, 45396851,    61866,    62518,    28114
32398404,       14, 46708935,    61868,    62522,    28612
34705597,       10, 39113410,    63830,    61864,    26554
29555513,       11, 38251407,    63845,    61906,    27072
34156180,       12, 39651132,    63859,    61950,    27594
35678198,       13, 45400681,    63874,    61992,    28114
30508770,       14, 46724658,    63888,    62033,    28612
31456122,       10, 39135816,    64230,    61904,    26554
33292590,       11, 38250387,    64298,    61998,    27072
34223586,       12, 39677149,    64367,    62094,    27594
35173526,       13, 45423898,    64437,    62188,    28114
28678019,       14, 46749419,    64504,    62280,    28612
31524539,       10, 39108973,    62877,    61261,    26554
35965955,       11, 38237234,    62889,    61271,    27072
29576976,       12, 39646110,    62901,    61279,    27594
29628541,       10, 39104517,    63565,    60629,    26554
30912177,       11, 38242245,    63572,    60637,    27072
32356968,       12, 39642099,    63578,    60645,    27594
35081267,       13, 44015738,    63585,    60653,    28114
35981373,       14, 46721471,    63591,    60661,    28612
35087515,       11, 38242599,    63325,    60761,    27072
29598864,       12, 39647873,    63327,    60772,    27594
33360188,       13, 44015356,    63328,    60782,    28114
36040256,       14, 46721409,    63330,    60793,    28612
36071796,       10, 39111423,    63753,    62496,    26554
28683501,       11, 39419453,    63826,    62525,    27072
29564201,       12, 39649044,    63899,    62554,    27594
30525891,       13, 45411759,    63972,    62584,    28114
32322547,       14, 46722380,    64042,    62612,    28612
32339743,       10, 39138788,    64330,    61914,    26554
32355343,       11, 39408481,    64480,    62423,    27072
32427215,       13, 45440318,    64532,    62525,    28114
34188076,       14, 46748652,    64557,    62574,    28612
35115429,       10, 39115519,    64029,    62227,    26554
29591428,       11, 38246275,    64032,    62233,    27072
29647556,       12, 39652651,    64036,    62239,    27594
29664690,       13, 45411681,    64040,    62245,    28114
31457847,       14, 46725900,    64044,    62251,    28612
30545208,       10, 40332248,    67484,    62738,    26554
31479505,       11, 39445100,    67529,    62763,    27072
30573978,       12, 40897496,    67572,    62789,    27594
32372643,       13, 45455468,    67617,    62814,    28114
32407128,       10, 39157804,    67519,    61851,    26554
33351879,       11, 38285506,    67538,    61857,    27072
34156904,       12, 39688624,    67557,    61864,    27594
34186838,       13, 45442003,    67577,    61873,    28114
34225608,       14, 46766601,    67596,    61880,    28612
34243603,       10, 39152357,    67349,    61879,    26554
34156289,       11, 38285533,    67389,    61889,    27072
34201927,       12, 39688837,    67430,    61899,    27594
34213175,       13, 45441916,    67471,    61908,    28114
34250839,       14, 46765764,    67510,    61917,    28612
35143964,       10, 39158095,    67688,    61931,    26554
29580130,       11, 38285529,    67699,    61972,    27072
29657306,       12, 39694352,    67710,    62014,    27594
30589803,       13, 45442271,    67721,    62055,    28114
31457631,       14, 46767934,    67732,    62095,    28612
32344721,       10, 39156351,    67964,    62069,    26554
33236897,       11, 38288137,    68002,    62125,    27072
33325518,       12, 39692456,    68041,    62182,    27594
33330170,       13, 45450686,    68079,    62239,    28114
35072392,       14, 46770630,    68115,    62293,    28612
33240075,       10, 39170103,    69468,    60792,    26554
33357292,       11, 38294571,    69523,    60807,    27072
32423850,       12, 39701137,    69577,    60823,    27594
33739244,       13, 44074760,    69631,    60839,    28114
35987249,       10, 39163942,    69195,    60954,    26554
28629995,       11, 38292248,    69214,    60957,    27072
29556358,       12, 39699734,    69233,    60961,    27594
32352560,       13, 44062619,    69251,    60965,    28114
28678200,       14, 46777914,    69268,    60968,    28612
28735816,       10, 39174614,    68793,    62156,    26554
29577799,       11, 38300977,    68833,    62227,    27072
30471416,       12, 39709697,    68874,    62299,    27594
30592365,       13, 45463440,    68915,    62370,    28114
31487679,       14, 46786184,    68953,    62437,    28612
32352528,       11, 38305881,    70011,    62075,    27072
32412912,       12, 39711677,    70055,    62152,    27594
32414633,       13, 45471644,    70099,    62231,    28114
33281147,       14, 46791649,    70142,    62305,    28612
34191209,       10, 39172540,    69193,    62015,    26554
34203441,       11, 38303480,    69206,    62030,    27072
36002341,       12, 39707391,    69219,    62044,    27594
31509211,       13, 45463332,    69232,    62059,    28114
32384666,       14, 46789224,    69244,    62074,    28612
33332617,       10, 39174201,    68904,    62265,    26554
35164580,       11, 38300904,    68931,    62277,    27072
29555472,       12, 39709335,    68958,    62291,    27594
30542857,       13, 45462916,    68985,    62304,    28114
32432428,       14, 46789165,    69011,    62317,    28612
32443269,       10, 39185304,    70999,    60979,    26554
33360170,       11, 38310443,    71021,    60986,    27072
34170432,       12, 39721715,    71042,    60992,    27594
34138450,       13, 44083319,    71064,    60998,    28114
28731379,       14, 46800534,    71085,    61004,    28612
28751596,       10, 39185876,    71721,    60966,    26554
29592525,       11, 38316666,    71778,    61002,    27072
29607466,       12, 39721275,    71836,    61038,    27594
28712412,       13, 44095843,    71893,    61075,    28114
33381088,       14, 46802439,    71948,    61108,    28612
30533672,       10, 39207872,    72357,    62659,    26554
32445707,       11, 39483894,    72408,    62737,    27072
33248554,       12, 40952049,    72460,    62817,    27594
33323487,       13, 45520988,    72511,    62896,    28114
32400302,       14, 48192343,    72559,    62970,    28612
33298654,       10, 39190701,    70510,    61854,    26554
34245542,       11, 38327876,    70529,    61859,    27072
35097495,       12, 39726689,    70548,    61863,    27594
34221188,       13, 45489529,    70566,    61868,    28114
36006243,       14, 46808768,    70583,    61873,    28612
35087413,       10, 40382052,    71023,    62841,    26554
28746092,       11, 39482909,    71062,    62919,    27072
30881473,       12, 40948319,    71102,    62998,    27594
29568781,       13, 45500931,    71140,    63076,    28114
29582656,       11, 38305315,    70069,    61992,    27072
30582576,       12, 39714025,    70075,    61996,    27594
30490209,       13, 45471778,    70082,    62001,    28114
31438706,       14, 46794058,    70088,    62005,    28612
30538564,       10, 39195060,    71761,    62198,    26554
31534526,       11, 38325616,    71828,    62215,    27072
31528136,       12, 39729707,    71896,    62232,    27594
33234760,       14, 46813699,    72027,    62264,    28612
34171037,       10, 39206229,    73050,    61484,    26554
33316938,       11, 38344691,    73145,    61486,    27072
33354496,       12, 39742306,    73242,    61487,    27594
34172521,       13, 45516497,    73339,    61490,    28114
35094162,       14, 46827152,    73430,    61492,    28612
35111003,       10, 39215951,    72690,    61890,    26554
34210026,       11, 38340549,    72752,    61945,    27072
35054279,       12, 39751261,    72816,    62000,    27594
29572485,       13, 45514550,    72879,    62053,    28114
29602445,       14, 46834799,    72940,    62106,    28612
30492718,       10, 39213644,    73141,    62287,    26554
30489971,       11, 39507093,    73149,    62376,    27072
29579416,       12, 39749522,    73157,    62466,    27594
30526941,       13, 45525731,    73165,    62556,    28114
30583750,       14, 48200356,    73173,    62641,    28612
31484674,       10, 39206183,    73229,    61501,    26554
31497247,       11, 38345063,    73268,    61588,    27072
32322568,       12, 39742425,    73309,    61674,    27594
33266824,       13, 45513315,    73350,    61761,    28114
33266968,       14, 46837282,    73390,    61845,    28612
33291017,       10, 39206111,    73101,    61536,    26554
34141459,       11, 38344615,    73142,    61624,    27072
34141615,       12, 39742154,    73184,    61712,    27594
33291720,       13, 45513473,    73226,    61800,    28114
34233726,       14, 46837292,    73266,    61884,    28612
35062801,       10, 39211435,    72293,    62253,    26554
35077938,       11, 38319140,    72330,    62284,    27072
35084514,       12, 39747430,    72368,    62315,    27594
35085478,       13, 45507325,    72406,    62347,    28114
34179991,       14, 46812641,    72442,    62376,    28612
35117901,       10, 40241721,    57241,    62853,    26554
34209418,       11, 39357711,    57244,    62865,    27072
34245231,       12, 40807328,    57247,    62877,    27594
35167383,       13, 45348723,    57250,    62890,    28114
35991010,       14, 48026895,    57253,    62901,    28612
35081728,       10, 41398335,    57343,    64882,    26554
35140657,       11, 40501383,    57348,    64932,    27072
28713588,       12, 41991732,    57353,    64982,    27594
28640022,       13, 46704218,    57358,    65033,    28114
30487536,       14, 49367144,    57363,    65081,    28612
30542269,       10, 41401499,    57168,    64786,    26554
31407936,       11, 40501209,    57169,    64853,    27072
32384192,       12, 41991639,    57171,    64922,    27594
32362826,       13, 46704233,    57172,    64990,    28114
33265867,       14, 49367659,    57174,    65055,    28612
33336344,       11, 39362153,    58035,    63319,    27072
34163226,       12, 40811431,    58056,    63322,    27594
34209382,       13, 46714647,    58076,    63325,    28114
35100147,       14, 48042353,    58095,    63328,    28612
35129950,       10, 40270536,    59417,    64217,    26554
35142673,       11, 39374373,    59457,    64239,    27072
28712146,       12, 40836112,    59497,    64262,    27594
29579157,       13, 46732113,    59538,    64284,    28114
29656006,       14, 48049257,    59576,    64306,    28612
30509437,       10, 41421181,    58897,    64583,    26554
31459252,       11, 40519350,    58903,    64628,    27072
33322353,       12, 42014636,    58909,    64674,    27594
33285125,       13, 46720272,    58915,    64720,    28114
35083420,       14, 49392197,    58921,    64763,    28612
36017610,       10, 40270764,    59831,    64146,    26554
30536921,       12, 40836260,    59900,    64167,    27594
31506947,       14, 48062068,    59968,    64187,    28612
32333624,       10, 40274288,    58333,    63110,    26554
32380227,       11, 39362321,    58356,    63146,    27072
34173570,       12, 40840042,    58380,    63184,    27594
35170025,       14, 48042389,    58427,    63259,    28612
30527427,       10, 41438349,    60517,    64931,    26554
30956955,       11, 40538299,    60596,    64981,    27072
31861950,       12, 42031377,    60676,    65032,    27594
31449981,       13, 46744057,    60755,    65083,    28114
32339817,       14, 49411245,    60832,    65134,    28612
32813309,       10, 40266650,    58112,    63847,    26554
33816330,       11, 39367107,    58122,    63931,    27072
33736763,       12, 40814369,    58132,    64016,    27594
33776337,       13, 46710303,    58142,    64102,    28114
34740204,       14, 48040235,    58151,    64183,    28612
34223182,       10, 40287606,    61179,    63911,    26554
35660666,       11, 39391852,    61198,    63920,    27072
35112813,       12, 40852758,    61216,    63930,    27594
35128140,       13, 46750774,    61235,    63940,    28114
30524289,       14, 48066568,    61254,    63950,    28612
32424150,       10, 40290441,    61470,    64254,    26554
33318140,       11, 39399855,    61508,    64353,    27072
34191952,       12, 40855449,    61546,    64455,    27594
34717666,       13, 46753161,    61584,    64555,    28114
34255742,       14, 49418405,    61621,    64651,    28612
28704774,       10, 40276564,    61936,    63618,    26554
29567797,       11, 39400028,    61964,    63632,    27072
29648371,       12, 40849784,    61991,    63645,    27594
30489169,       13, 46747589,    62019,    63659,    28114
30571487,       14, 48077691,    62045,    63672,    28612
31435555,       10, 40278935,    60145,    64225,    26554
31467272,       11, 39381035,    60151,    64241,    27072
31491958,       12, 40844333,    60157,    64258,    27594
32351055,       13, 46732649,    60163,    64274,    28114
32418296,       14, 48061872,    60169,    64290,    28612
32356975,       10, 41439490,    61912,    64898,    26554
32390545,       11, 40549169,    61945,    64988,    27072
33331191,       12, 42032457,    61979,    65078,    27594
34200065,       13, 46745261,    62013,    65170,    28114
34238562,       14, 49424017,    62045,    65256,    28612
35189442,       10, 41456521,    62232,    64882,    26554
35079347,       11, 40539164,    62306,    64951,    27072
28714916,       12, 42049259,    62382,    65020,    27594
28669707,       13, 46763192,    62456,    65089,    28114
28654971,       14, 49430208,    62528,    65156,    28612
29641792,       10, 40284511,    61893,    63531,    26554
29647141,       11, 39400657,    61908,    63585,    27072
31472395,       12, 40849748,    61923,    63641,    27594
30543496,       13, 46757367,    61938,    63696,    28114
31523513,       14, 48077796,    61952,    63748,    28612
32401120,       11, 39409330,    62677,    64115,    27072
32418341,       12, 40873025,    62684,    64152,    27594
33264544,       13, 46768325,    62691,    64188,    28114
35153781,       14, 48090330,    62697,    64223,    28612
35146370,       10, 40297030,    62472,    64138,    26554
28673146,       11, 39393688,    62483,    64150,    27072
29539798,       12, 40861800,    62494,    64162,    27594
29641136,       13, 46768089,    62505,    64174,    28114
30558727,       14, 48090068,    62514,    64186,    28612
31531189,       10, 40294614,    63708,    63778,    26554
32326463,       11, 39420746,    63741,    63813,    27072
34152368,       12, 40859389,    63774,    63847,    27594
34164286,       13, 46767046,    63808,    63882,    28114
34158075,       14, 48087673,    63840,    63915,    28612
34138491,       10, 40302439,    63508,    63604,    26554
35082669,       11, 39418256,    63554,    63626,    27072
35160640,       12, 40867045,    63601,    63648,    27594
36057056,       13, 46776993,    63646,    63670,    28114
28630031,       14, 48097528,    63691,    63689,    28612
28750519,       10, 40309997,    62941,    62852,    26554
30512025,       11, 39421970,    62943,    62856,    27072
33253643,       12, 40871976,    62945,    62861,    27594
33272762,       13, 45414487,    62948,    62865,    28114
34174338,       14, 48092557,    62950,    62869,    28612
35122930,       10, 40300583,    63742,    63217,    26554
28704314,       11, 39416311,    63769,    63241,    27072
29602381,       12, 40865294,    63797,    63266,    27594
30591498,       13, 46762282,    63824,    63290,    28114
30602323,       14, 48097725,    63851,    63314,    28612
31431826,       10, 40300358,    63527,    63160,    26554
31440648,       11, 39416321,    63572,    63184,    27072
31439755,       12, 40865247,    63617,    63208,    27594
32415286,       13, 45416309,    63662,    63233,    28114
33289588,       14, 48104145,    63705,    63256,    28612
34142572,       10, 40325040,    64320,    63950,    26554
34169336,       11, 39410072,    64337,    63957,    27072
35045422,       12, 40889692,    64353,    63963,    27594
35084976,       13, 46788714,    64370,    63969,    28114
34183110,       14, 48087278,    64386,    63976,    28612
35967241,       10, 40318838,    65974,    63922,    26554
36063194,       11, 39425323,    66001,    63949,    27072
28625282,       12, 40883437,    66027,    63975,    27594
30502974,       13, 46784852,    66054,    64001,    28114
30511634,       14, 48106300,    66078,    64025,    28612
30521993,       10, 41478101,    65514,    64689,    26554
30585016,       11, 40571436,    65532,    64729,    27072
30605242,       12, 42070770,    65551,    64770,    27594
31428716,       13, 46778897,    65569,    64810,    28114
33236397,       14, 49453974,    65587,    64849,    28612
32422843,       10, 41477813,    65249,    64812,    26554
34175288,       11, 40585110,    65255,    64858,    27072
34169085,       12, 42070800,    65262,    64906,    27594
34242553,       13, 46795617,    65268,    64953,    28114
35087376,       14, 49466039,    65274,    64998,    28612
36056080,       10, 40313784,    65247,    64540,    26554
28646394,       11, 40580490,    65249,    64563,    27072
29567471,       12, 40882916,    65251,    64584,    27594
30545411,       13, 46792322,    65252,    64607,    28114
30546802,       14, 49460093,    65254,    64628,    28612
30590295,       10, 40319829,    65998,    63049,    26554
31504307,       11, 39428391,    66013,    63062,    27072
32320443,       12, 40884371,    66029,    63075,    27594
32365649,       13, 45433357,    66045,    63088,    28114
32383665,       14, 48110426,    66060,    63100,    28612
33255934,       10, 40321007,    64095,    64207,    26554
33742737,       11, 39415317,    64111,    64279,    27072
34185545,       12, 40863164,    64128,    64351,    27594
36028927,       13, 46760517,    64144,    64423,    28114
28736661,       14, 48091683,    64160,    64492,    28612
32381792,       10, 40311697,    65201,    63679,    26554
33279489,       11, 39435726,    65232,    63694,    27072
34206477,       12, 40876245,    65263,    63708,    27594
34232089,       13, 46783052,    65293,    63723,    28114
35103738,       14, 48119852,    65322,    63737,    28612
35137770,       10, 40325069,    64535,    64029,    26554
36057880,       11, 39431993,    64545,    64056,    27072
28674243,       12, 40892592,    64554,    64084,    27594
30558058,       13, 46789825,    64564,    64111,    28114
30592434,       14, 48115806,    64574,    64138,    28612
33273734,       10, 40331391,    67087,    63968,    26554
34204666,       11, 39455057,    67092,    63973,    27072
34246521,       12, 40895950,    67097,    63978,    27594
34249391,       13, 46803721,    67102,    63982,    28114
35073808,       14, 48136968,    67107,    63988,    28612
35092803,       10, 40341775,    67798,    64018,    26554
36066659,       11, 39444178,    67841,    64106,    27072
28654645,       12, 40906638,    67884,    64194,    27594
28670726,       13, 46808020,    67926,    64282,    28114
31427996,       14, 48130269,    67967,    64367,    28612
30538613,       10, 40345788,    67762,    63253,    26554
31491203,       11, 39446601,    67770,    63256,    27072
33294310,       12, 40910566,    67778,    63260,    27594
32387265,       13, 45452583,    67786,    63264,    28114
32390519,       14, 48130861,    67793,    63267,    28612
33354312,       10, 40356090,    68523,    64640,    26554
35978681,       11, 40614080,    68609,    64677,    27072
35995775,       12, 42110341,    68695,    64715,    27594
35089469,       14, 49498579,    68864,    64789,    28612
28627934,       10, 41497855,    66801,    64713,    26554
30480051,       11, 40602112,    66826,    64736,    27072
30566738,       12, 42091331,    66851,    64759,    27594
31478582,       13, 46814220,    66875,    64782,    28114
32368372,       14, 49478310,    66899,    64804,    28612
34206116,       10, 40336529,    67491,    63512,    26554
34222705,       11, 39442028,    67556,    63552,    27072
34223960,       12, 40901530,    67621,    63592,    27594
35074024,       13, 46804004,    67687,    63632,    28114
35146757,       14, 48127532,    67750,    63669,    28612
36033283,       10, 40349065,    69115,    63747,    26554
35144594,       11, 39458455,    69132,    63763,    27072
29587852,       12, 40913140,    69151,    63780,    27594
29583543,       13, 46823345,    69168,    63797,    28114
30490919,       14, 48146254,    69186,    63814,    28612
30531291,       10, 41527762,    69773,    65076,    26554
31467236,       11, 40623547,    69807,    65185,    27072
32353314,       12, 42120317,    69842,    65296,    27594
31437600,       13, 48159676,    69876,    65405,    28114
31440861,       14, 49509399,    69909,    65510,    28612
31516511,       10, 40353523,    68950,    63057,    26554
32329106,       11, 39464802,    68971,    63078,    27072
33275482,       12, 40917438,    68992,    63100,    27594
33786697,       13, 45477982,    69012,    63121,    28114
32383557,       14, 48151208,    69032,    63141,    28612
32391017,       10, 40356595,    68350,    63694,    26554
32409340,       11, 39451613,    68383,    63712,    27072
33273795,       12, 40923961,    68416,    63730,    27594
33315767,       13, 46838249,    68450,    63749,    28114
34163459,       14, 48158042,    68481,    63766,    28612
34223223,       13, 48175178,    70645,    65825,    28114
34253900,       10, 40353822,    68632,    63317,    26554
36017414,       11, 39466026,    68663,    63347,    27072
35112742,       12, 40918044,    68694,    63377,    27594
28625758,       13, 46820323,    68724,    63407,    28114
28746696,       14, 48154402,    68754,    63435,    28612
29585924,       10, 40355632,    68847,    63421,    26554
29592233,       11, 39459283,    68887,    63464,    27072
29614010,       12, 40919694,    68927,    63508,    27594
30556965,       13, 46820447,    68967,    63552,    28114
31474773,       14, 48153194,    69005,    63594,    28612
32336721,       10, 40397818,    72531,    63911,    26554
31456314,       11, 39497504,    72568,    63922,    27072
32375027,       12, 40961436,    72606,    63933,    27594
35062368,       13, 46864106,    72643,    63944,    28114
35102100,       14, 48186297,    72679,    63954,    28612
35116816,       10, 40397352,    72723,    64192,    26554
29570008,       11, 39497486,    72747,    64197,    27072
30472760,       12, 40963369,    72770,    64202,    27594
30502926,       13, 46866303,    72794,    64207,    28114
30599265,       14, 48189737,    72817,    64211,    28612
32348436,       10, 41537682,    71990,    65484,    26554
32369154,       11, 40636304,    71994,    65593,    27072
34733429,       12, 42130300,    71998,    65703,    27594
35074799,       13, 48176126,    72001,    65814,    28114
35101903,       14, 49523528,    72007,    65920,    28612
36079063,       10, 41556682,    72334,    64933,    26554
28652928,       11, 40629672,    72342,    65027,    27072
28708391,       12, 42145159,    72350,    65121,    27594
30501245,       13, 46862078,    72358,    65216,    28114
31426160,       14, 49516413,    72366,    65307,    28612
32335517,       10, 40391665,    72373,    62965,    26554
32358879,       11, 39483825,    72378,    62970,    27072
31518753,       12, 40955187,    72383,    62976,    27594
32447912,       13, 45520693,    72388,    62981,    28114
33344270,       14, 48174504,    72393,    62986,    28612
34181562,       10, 40393767,    72338,    63451,    26554
34240588,       11, 39478294,    72359,    63459,    27072
34159147,       12, 40957196,    72381,    63467,    27594
35078602,       13, 46860230,    72403,    63475,    28114
35092190,       14, 48176281,    72423,    63482,    28612
35124222,       10, 40396146,    73110,    63700,    26554
35122291,       11, 39505956,    73112,    63746,    27072
35125889,       12, 40961049,    73114,    63791,    27594
35982139,       13, 46874717,    73116,    63837,    28114
35103269,       14, 48198696,    73118,    63880,    28612
35125724,       10, 40398989,    73423,    62908,    26554
35127043,       11, 39509171,    73437,    62926,    27072
29008564,       12, 40962456,    73450,    62944,    27594
29585778,       13, 45522841,    73463,    62963,    28114
29628671,       14, 48202894,    73477,    62980,    28612
30567350,       10, 41398072,    57280,    65196,    26554
31465947,       11, 40502754,    57287,    65197,    27072
32445801,       12, 41991274,    57293,    65199,    27594
34161428,       13, 48030001,    57299,    65201,    28114
34152948,       10, 41399648,    57113,    65634,    26554
35072282,       11, 40504782,    57120,    65643,    27072
29620253,       12, 41992977,    57127,    65653,    27594
28689069,       13, 48026159,    57134,    65663,    28114
30478503,       14, 49368945,    57141,    65673,    28612
30520799,       10, 41404339,    57738,    64806,    26554
31490196,       11, 40500689,    57750,    64813,    27072
31517977,       12, 41997407,    57763,    64821,    27594
31529442,       13, 46714991,    57776,    64829,    28114
32354577,       14, 49370484,    57789,    64835,    28612
32372478,       10, 41415956,    58866,    66177,    26554
32373935,       11, 40517447,    58869,    66179,    27072
33331250,       12, 42009313,    58873,    66181,    27594
32407064,       13, 48049453,    58876,    66183,    28114
33343434,       14, 49385743,    58880,    66184,    28612
34139144,       10, 41421062,    59010,    64818,    26554
33294461,       11, 40519369,    59012,    64825,    27072
34247410,       12, 42014064,    59015,    64831,    27594
34161970,       13, 46722979,    59018,    64838,    28114
35120010,       14, 49392359,    59021,    64844,    28612
35141620,       10, 42602193,    58968,    66818,    26554
35056218,       11, 41674080,    58999,    66914,    27072
35068133,       12, 43217497,    59030,    67011,    27594
36045273,       13, 48045671,    59061,    67106,    28114
36601869,       14, 50740662,    59091,    67197,    28612
36056967,       10, 41418076,    58556,    65148,    26554
29597895,       11, 40534482,    58567,    65207,    27072
30479927,       12, 42011181,    58579,    65268,    27594
31430910,       13, 48053463,    58590,    65328,    28114
31407775,       14, 49402363,    58601,    65385,    28612
31517663,       10, 41429210,    59841,    66376,    26554
31488507,       11, 41684084,    59849,    66431,    27072
32427302,       12, 42022197,    59857,    66487,    27594
33293397,       13, 48056723,    59865,    66544,    28114
34140597,       14, 49401152,    59872,    66597,    28612
34188806,       10, 41417601,    58814,    65204,    26554
34214741,       11, 40534497,    58848,    65209,    27072
34222604,       12, 42011185,    58882,    65214,    27594
28751591,       13, 48051159,    58916,    65220,    28114
28624159,       14, 49388015,    58949,    65225,    28612
28626607,       10, 41426433,    59636,    65693,    26554
29563980,       11, 40523463,    59654,    65747,    27072
29573331,       12, 42019343,    59672,    65801,    27594
29609035,       13, 48062634,    59690,    65857,    28114
29651249,       14, 49397477,    59707,    65908,    28612
31424270,       10, 41444910,    60897,    64650,    26554
31471404,       11, 40537719,    60900,    64652,    27072
31524766,       12, 42035493,    60902,    64653,    27594
32340664,       13, 46743602,    60905,    64655,    28114
32371096,       14, 49415065,    60907,    64657,    28612
32432272,       10, 41435640,    60818,    66541,    26554
34187173,       11, 41691755,    60832,    66596,    27072
32372685,       12, 43236420,    60847,    66652,    27594
32378676,       13, 48075896,    60861,    66706,    28114
32413929,       14, 50761950,    60875,    66760,    28612
34239290,       10, 41438244,    60286,    65079,    26554
32435610,       11, 40531790,    60295,    65106,    27072
28712359,       13, 46758467,    60313,    65159,    28114
28719019,       14, 49403408,    60322,    65185,    28612
29583635,       10, 41428599,    59979,    66154,    26554
29613356,       11, 40529118,    59978,    66163,    27072
30548610,       14, 49400258,    59978,    66188,    28612
29641141,       10, 41437183,    61741,    66247,    26554
30605327,       11, 40547077,    61793,    66277,    27072
30477554,       12, 42030099,    61845,    66307,    27594
31469566,       13, 48085070,    61897,    66338,    28114
31933405,       14, 49421950,    61947,    66366,    28612
31499376,       10, 41446563,    61628,    65803,    26554
32344575,       11, 40545681,    61643,    65857,    27072
33312033,       12, 42039713,    61658,    65911,    27594
33337810,       13, 48083769,    61673,    65964,    28114
33335480,       14, 49420131,    61687,    66016,    28612
34157342,       10, 41472283,    62816,    66557,    26554
34212019,       11, 41709162,    62844,    66575,    27072
34226186,       12, 42060546,    62871,    66593,    27594
34222429,       13, 48100472,    62897,    66611,    28114
33328109,       14, 50776950,    62924,    66629,    28612
35080771,       10, 42653703,    62667,    66821,    26554
35125070,       11, 41711098,    62705,    66891,    27072
35087536,       12, 43266574,    62743,    66963,    27594
28691334,       13, 48102667,    62782,    67034,    28114
30486167,       14, 50785026,    62820,    67103,    28612
30572085,       10, 41465557,    62697,    65883,    26554
31479273,       11, 40552019,    62746,    65916,    27072
31499777,       12, 42058382,    62798,    65948,    27594
32382190,       13, 48105979,    62849,    65981,    28114
32376445,       14, 49436920,    62898,    66012,    28612
33311967,       10, 41468141,    62592,    66381,    26554
32399044,       11, 41709169,    62645,    66480,    27072
33308195,       12, 42061001,    62699,    66579,    27594
33327502,       13, 48097190,    62753,    66678,    28114
28751426,       14, 50782682,    62805,    66772,    28612
29557916,       10, 41457825,    63897,    64974,    26554
30481069,       11, 40555931,    63972,    65015,    27072
30502925,       12, 42050741,    64051,    65057,    27594
30532019,       13, 46764402,    64128,    65099,    28114
29612846,       14, 49431483,    64202,    65138,    28612
30525139,       10, 41461954,    64028,    64950,    26554
31473378,       11, 40555370,    64089,    64960,    27072
30585485,       12, 42074908,    64149,    64970,    27594
32374044,       13, 46764576,    64210,    64980,    28114
31518699,       14, 49431354,    64267,    64989,    28612
32342981,       10, 42657856,    65835,    66842,    26554
32349805,       11, 41726123,    65860,    66880,    27072
32376739,       12, 43271186,    65884,    66917,    27594
32371618,       13, 48107805,    65908,    66956,    28114
33316040,       14, 50800683,    65929,    66993,    28612
34168551,       10, 42658567,    65355,    66627,    26554
33279135,       11, 41737731,    65369,    66655,    27072
33354375,       12, 43271318,    65384,    66681,    27594
35080680,       13, 48114716,    65398,    66708,    28114
34225507,       14, 50801237,    65412,    66733,    28612
34770946,       10, 41479044,    65747,    66114,    26554
35070386,       11, 40569620,    65755,    66117,    27072
35071372,       12, 42071761,    65763,    66119,    27594
35120339,       13, 48111680,    65768,    66122,    28114
28629306,       14, 49448689,    65775,    66124,    28612
28750231,       10, 41482571,    64156,    65664,    26554
29566629,       11, 40561325,    64172,    65670,    27072
29623033,       12, 42075489,    64189,    65676,    27594
29643549,       13, 48091997,    64207,    65682,    28114
30592075,       14, 49434215,    64226,    65688,    28612
30500081,       10, 41504644,    66374,    66268,    26554
30523620,       11, 40588366,    66439,    66340,    27072
30590598,       12, 42097997,    66500,    66408,    27594
31532681,       13, 48149065,    66563,    66477,    28114
34184338,       14, 49483148,    66623,    66543,    28612
34198238,       10, 41477936,    65208,    64874,    26554
34213054,       11, 40585280,    65220,    64883,    27072
34164834,       12, 42070739,    65232,    64893,    27594
34212056,       13, 46795312,    65244,    64902,    28114
35047064,       14, 49466544,    65255,    64911,    28612
35070345,       10, 41473155,    65234,    66498,    26554
35072014,       11, 41738018,    65311,    66546,    27072
36019338,       12, 42065908,    65386,    66593,    27594
35130623,       13, 48114682,    65462,    66640,    28114
29605441,       14, 50801322,    65534,    66685,    28612
30498344,       10, 41489201,    64828,    65024,    26554
30509585,       11, 40585546,    64831,    65027,    27072
30521887,       12, 42082061,    64834,    65028,    27594
30543292,       13, 46795756,    64836,    65031,    28114
30543119,       14, 49466171,    64839,    65033,    28612
31496137,       10, 41483747,    64576,    64884,    26554
33308124,       11, 40578882,    64581,    64890,    27072
35068621,       12, 42076587,    64586,    64896,    27594
35118541,       13, 46795497,    64592,    64903,    28114
28696076,       14, 49458397,    64597,    64908,    28612
28726445,       10, 41506075,    67778,    66587,    26554
28731439,       11, 41742796,    67824,    66620,    27072
29931641,       12, 42104125,    67869,    66651,    27594
29591044,       13, 48141635,    67913,    66683,    28114
29642320,       10, 42709907,    68132,    66734,    26554
30513597,       11, 41747793,    68178,    66764,    27072
30522847,       12, 43321398,    68223,    66793,    27594
30535527,       13, 48141551,    68269,    66822,    28114
31474805,       14, 50835328,    68313,    66851,    28612
31486799,       10, 41499413,    67480,    65929,    26554
31496142,       11, 40589510,    67502,    65935,    27072
30999462,       12, 42092244,    67525,    65941,    27594
32335212,       13, 48131605,    67548,    65947,    28114
32407808,       14, 49477291,    67570,    65952,    28612
33259311,       10, 41506403,    67865,    66498,    26554
33273678,       11, 41742883,    67879,    66542,    27072
32374002,       12, 42099299,    67891,    66585,    27594
33301883,       13, 48141750,    67904,    66629,    28114
33323610,       14, 50835424,    67917,    66672,    28612
34222227,       10, 41511344,    66490,    66601,    26554
33269779,       11, 41755692,    66527,    66680,    27072
34230187,       12, 43302848,    66564,    66757,    27594
34757780,       13, 48139958,    66600,    66835,    28114
34245741,       14, 50836623,    66634,    66910,    28612
34254055,       10, 41502165,    66744,    66003,    26554
34256599,       11, 40600316,    66775,    66033,    27072
35607772,       12, 42095340,    66807,    66063,    27594
34151694,       13, 48149067,    66837,    66093,    28114
35154864,       14, 49480424,    66867,    66121,    28612
35964032,       10, 41518119,    68775,    66166,    26554
28633912,       11, 40618013,    68775,    66172,    27072
28649887,       13, 48154772,    68775,    66184,    28114
28662937,       14, 49503560,    68775,    66190,    28612
28669948,       12, 42105265,    68804,    66638,    27594
31411244,       13, 48157169,    68804,    66661,    28114
34233119,       14, 50842348,    68805,    66683,    28612
28640317,       10, 41511889,    68849,    66467,    26554
28649811,       11, 41760041,    68855,    66477,    27072
28711062,       12, 42105275,    68860,    66486,    27594
29591222,       13, 48154830,    68865,    66496,    28114
30488352,       14, 49491306,    68870,    66505,    28612
30498691,       10, 41517563,    69024,    64994,    26554
30545636,       11, 40608965,    69025,    65003,    27072
33279192,       12, 42106746,    69026,    65010,    27594
33312740,       13, 46821753,    69027,    65018,    28114
36014037,       14, 49492828,    69029,    65026,    28612
28693335,       10, 41522382,    69565,    66195,    26554
29613573,       11, 40607736,    69585,    66250,    27072
30493545,       12, 42117823,    69604,    66306,    27594
30549541,       13, 48169549,    69624,    66361,    28114
33268664,       14, 49504588,    69643,    66413,    28612
32377442,       10, 41519139,    68293,    64704,    26554
29564486,       11, 40603579,    68329,    64721,    27072
32821444,       12, 42111989,    68367,    64738,    27594
28703359,       13, 46829869,    68404,    64755,    28114
28727745,       14, 49479252,    68440,    64771,    28612
32405364,       10, 41518043,    68478,    66156,    26554
34209950,       11, 40601086,    68488,    66188,    27072
28641446,       12, 42113937,    68499,    66220,    27594
32432234,       13, 48170828,    68508,    66252,    28114
31519961,       14, 49503298,    68517,    66283,    28612
29567566,       10, 41515415,    68813,    65700,    26554
33273550,       11, 40615681,    68871,    65766,    27072
35084213,       12, 42108113,    68928,    65832,    27594
35626029,       13, 48152671,    68987,    65898,    28114
30571592,       14, 49497396,    69042,    65959,    28612
32420028,       10, 41530475,    68191,    65556,    26554
32420028,       11, 40598791,    68201,    65568,    27072
32420028,       12, 42123544,    68211,    65579,    27594
32420028,       13, 48138970,    68220,    65592,    28114
32422569,       10, 41533884,    70848,    65209,    26554
32422569,       11, 40630226,    70854,    65215,    27072
32422569,       12, 42126549,    70861,    65221,    27594
32422569,       13, 46842632,    70867,    65228,    28114
32422569,       14, 49514836,    70874,    65234,    28612
32425360,       10, 41541565,    71579,    64944,    26554
32425360,       11, 40639413,    71645,    64970,    27072
32425360,       13, 46854711,    71779,    65021,    28114
32425360,       14, 49527458,    71843,    65046,    28612
32428199,       10, 41539746,    70559,    66063,    26554
32428199,       11, 40626047,    70598,    66073,    27072
32428199,       12, 42132829,    70637,    66082,    27594
32428199,       13, 48174418,    70677,    66092,    28114
32428199,       14, 49512329,    70715,    66101,    28612
32428608,       10, 41542720,    71535,    66049,    26554
32428608,       11, 40637544,    71551,    66091,    27072
32428608,       12, 42135103,    71569,    66133,    27594
32428608,       13, 48187395,    71585,    66175,    28114
32428608,       14, 49525860,    71601,    66215,    28612
32430108,       10, 41522211,    70035,    66253,    26554
32430108,       11, 40619290,    70037,    66257,    27072
32430108,       12, 42114558,    70040,    66260,    27594
32430108,       13, 48169793,    70042,    66264,    28114
32430108,       14, 49504633,    70045,    66269,    28612
32430905,       11, 41783989,    71600,    66744,    27072
32430905,       12, 43337645,    71634,    66781,    27594
32430905,       13, 48184026,    71669,    66816,    28114
32430905,       14, 50876091,    71702,    66852,    28612
32431006,       10, 41549756,    71313,    66667,    26554
32431006,       11, 41789634,    71323,    66716,    27072
32431006,       12, 43337294,    71333,    66766,    27594
32431006,       13, 48184034,    71342,    66814,    28114
32431006,       14, 50876313,    71351,    66861,    28612
32432172,       10, 41537390,    71826,    65527,    26554
32432172,       11, 40636639,    71837,    65570,    27072
32432172,       12, 42130293,    71848,    65614,    27594
32432172,       13, 48181997,    71860,    65658,    28114
32432172,       14, 49524089,    71871,    65700,    28612
32435312,       10, 41561027,    72755,    66224,    26554
32435312,       11, 40643216,    72799,    66224,    27072
32435312,       13, 48208307,    72888,    66225,    28114
32435312,       14, 49530971,    72931,    66226,    28612
32435315,       10, 41550075,    72336,    66276,    26554
32435315,       11, 40642583,    72343,    66303,    27072
32435315,       12, 42142748,    72351,    66330,    27594
32435315,       13, 48196537,    72358,    66357,    28114
32435315,       14, 49513800,    72364,    66383,    28612
32435519,       10, 41558777,    73472,    66180,    26554
32437129,       10, 41559603,    72944,    64981,    26554
32437129,       11, 40655634,    72984,    64989,    27072
32437129,       12, 42152151,    73024,    64998,    27594
32438996,       10, 41561013,    73050,    65947,    26554
32438996,       11, 40654678,    73093,    65986,    27072
32438996,       13, 48206702,    73179,    66066,    28114
32440266,       10, 41564348,    72935,    65268,    26554
32440266,       11, 40657058,    72966,    65338,    27072
32440266,       12, 42158121,    72997,    65408,    27594
32440266,       13, 48202035,    73027,    65479,    28114
32440266,       14, 49547719,    73058,    65547,    28612
32440311,       10, 41559124,    72689,    64828,    26554
32440311,       11, 40645330,    72693,    64852,    27072
32440311,       12, 42152173,    72698,    64877,    27594
32440311,       13, 46858178,    72702,    64902,    28114
32440311,       14, 49534075,    72706,    64925,    28612
32441068,       10, 41560460,    72673,    65923,    26554
32441068,       11, 40643058,    72679,    65930,    27072
32441068,       12, 42153356,    72685,    65936,    27594
32441068,       13, 48193876,    72691,    65942,    28114
32441068,       14, 49539442,    72696,    65948,    28612
32441370,       10, 41561171,    73177,    66223,    26554
32441370,       11, 40654695,    73243,    66265,    27072
32441370,       12, 42153861,    73310,    66306,    27594
32441370,       13, 48208433,    73377,    66347,    28114
32441370,       14, 49544722,    73441,    66387,    28612
32442052,       10, 40400169,    73136,    64570,    26554
32442052,       11, 40651538,    73143,    64576,    27072
32442052,       12, 40963596,    73151,    64583,    27594
32442052,       13, 46870019,    73158,    64588,    28114
32442052,       14, 49541127,    73165,    64594,    28612
32446604,       10, 41553258,    73438,    65475,    26554
32446604,       11, 40652593,    73455,    65495,    27072
32446604,       12, 42148049,    73473,    65515,    27594
32446604,       13, 48201851,    73491,    65535,    28114
32446827,       10, 41560898,    73191,    65874,    26554
32446827,       11, 40654692,    73194,    65904,    27072
32446827,       12, 42153349,    73198,    65935,    27594
32446827,       13, 48206844,    73200,    65966,    28114
32446827,       14, 49542199,    73203,    65995,    28612
33235256,       10, 42589853,    57917,    68266,    26554
