Vector Track Size:     1026

17949557,       10, 21488651,    64485,    65406,    10392
17949748,       11, 21991105,    64511,    65429,    10922
18475390,       12, 22519294,    64537,    65452,    11463
18466313,       13, 24073616,    64562,    65474,    11979
17959617,       10, 21482647,    65632,    65792,    10392
19932468,       11, 21984352,    65643,    65819,    10922
15412299,       12, 23170939,    65654,    65846,    11463
15467072,       13, 24087256,    65665,    65872,    11979
15916162,       10, 22125586,    68395,    66950,    10392
15919678,       11, 22626809,    68397,    66964,    10922
15924159,       12, 23176532,    68398,    66978,    11463
15924353,       13, 24779317,    68399,    66991,    11979
15924775,       10, 22740716,    66560,    69104,    10392
15924858,       11, 23237262,    66586,    69164,    10922
15925083,       12, 23811863,    66611,    69224,    11463
15925452,       13, 25448883,    66636,    69282,    11979
15926963,       10, 21501235,    67857,    65170,    10392
15927445,       11, 22013667,    67868,    65179,    10922
15927478,       12, 22536975,    67879,    65190,    11463
15927480,       13, 24093242,    67889,    65199,    11979
15927894,       10, 23937977,    58516,    73121,    10392
15930341,       11, 24430388,    58528,    73128,    10922
15930938,       12, 25074578,    58539,    73136,    11463
15932274,       13, 26763347,    58549,    73144,    11979
15934201,       10, 18967247,    57435,    56757,    10392
15935002,       11, 19450746,    57439,    56764,    10922
15935426,       12, 19884601,    57445,    56772,    11463
15936978,       13, 21334563,    57450,    56779,    11979
15938203,       10, 19031770,    70172,    56706,    10392
15940323,       11, 19517046,    70178,    56711,    10922
15940456,       12, 19952032,    70183,    56716,    11463
15941464,       13, 21389256,    70189,    56720,    11979
15943298,       12, 20526410,    57305,    57855,    11463
15943584,       10, 18979834,    58188,    57453,    10392
15943677,       11, 19461783,    58237,    57467,    10922
15943680,       12, 19891683,    58288,    57481,    11463
15943773,       13, 21324537,    58336,    57495,    11979
15944945,       10, 18975379,    58741,    58140,    10392
15945346,       11, 19459235,    58742,    58141,    10922
15947258,       12, 20537040,    58743,    58142,    11463
15947759,       13, 21328915,    58744,    58142,    11979
15948742,       10, 18975647,    58883,    58193,    10392
15949124,       11, 20082590,    58912,    58228,    10922
15949816,       12, 20538559,    58943,    58266,    11463
15950907,       13, 21340499,    58971,    58302,    11979
15951913,       10, 19584811,    58747,    58306,    10392
15952250,       11, 20080455,    58748,    58315,    10922
15956639,       12, 20536517,    58749,    58324,    11463
15961858,       13, 21328674,    58750,    58333,    11979
15963915,       10, 19586363,    59001,    58713,    10392
15963926,       11, 20082187,    59030,    58764,    10922
15963984,       13, 22015003,    59087,    58866,    11979
15966584,       10, 19584870,    58735,    58760,    10392
15967208,       11, 20082230,    58749,    58802,    10922
15967348,       12, 20539547,    58764,    58846,    11463
15967922,       13, 22001743,    58777,    58887,    11979
15971674,       10, 18978687,    59437,    57466,    10392
15972860,       11, 19463248,    59466,    57486,    10922
15974308,       12, 19897048,    59496,    57507,    11463
15974523,       13, 21335815,    59524,    57528,    11979
15974982,       10, 19586377,    58762,    59116,    10392
15975901,       11, 20083044,    58772,    59153,    10922
15977636,       12, 20536289,    58781,    59192,    11463
15979490,       13, 22002019,    58790,    59229,    11979
15980800,       10, 18975452,    58424,    57965,    10392
15983341,       11, 19459336,    58436,    57991,    10922
15983416,       12, 20536970,    58449,    58018,    11463
16417969,       13, 21325279,    58462,    58045,    11979
16418637,       10, 18975699,    58315,    58040,    10392
16424561,       11, 19459475,    58322,    58071,    10922
16425215,       12, 20537143,    58329,    58105,    11463
16425264,       13, 21325505,    58337,    58137,    11979
16427589,       10, 18975750,    58451,    58133,    10392
16429933,       11, 19459447,    58514,    58181,    10922
16431257,       12, 20537076,    58580,    58232,    11463
16432509,       13, 21328658,    58643,    58280,    11979
16434534,       10, 18979203,    59439,    57794,    10392
16435452,       11, 19463184,    59442,    57805,    10922
16435808,       12, 20539904,    59445,    57818,    11463
16435845,       13, 21343483,    59448,    57828,    11979
16436294,       11, 20080761,    58552,    58559,    10922
16436734,       12, 20538502,    58618,    58559,    11463
16439861,       10, 18990418,    59910,    57482,    10392
16442454,       11, 19466680,    59937,    57509,    10922
16443072,       12, 19904589,    59966,    57538,    11463
16443257,       13, 21335877,    59992,    57564,    11979
16443386,       10, 19594732,    60457,    58544,    10392
16444127,       11, 20090629,    60487,    58598,    10922
16446065,       12, 20548567,    60519,    58656,    11463
16446823,       13, 22015442,    60549,    58709,    11979
16450233,       10, 18988595,    60799,    57844,    10392
16450257,       11, 19471567,    60846,    57864,    10922
16450912,       12, 20549837,    60896,    57886,    11463
16452752,       13, 21354588,    60943,    57906,    11979
16453258,       10, 18985885,    60429,    58109,    10392
16454529,       11, 19469829,    60481,    58137,    10922
16457726,       12, 20546993,    60536,    58168,    11463
16462130,       13, 21341426,    60588,    58196,    11979
16463285,       10, 18987828,    61504,    57531,    10392
16465757,       11, 19467140,    61519,    57535,    10922
16468832,       12, 19921591,    61535,    57540,    11463
16470643,       13, 21345968,    61550,    57544,    11979
16470721,       10, 19598475,    61433,    58363,    10392
16471326,       11, 20096775,    61446,    58410,    10922
16471739,       12, 20554700,    61458,    58460,    11463
16471792,       13, 21349523,    61471,    58506,    11979
16472150,       10, 18988043,    61147,    57170,    10392
16472917,       11, 19472062,    61150,    57181,    10922
16473098,       12, 19908634,    61153,    57192,    11463
16473979,       13, 21349750,    61157,    57203,    11979
16474290,       10, 19604113,    62146,    58636,    10392
16475992,       11, 20100271,    62148,    58674,    10922
16476312,       12, 20559327,    62150,    58714,    11463
16479858,       13, 22026056,    62151,    58752,    11979
16480908,       10, 19610503,    62813,    58398,    10392
16481095,       11, 20106187,    62850,    58423,    10922
16482439,       12, 20564991,    62889,    58449,    11463
16917009,       13, 21366529,    62925,    58475,    11979
16917655,       10, 18999503,    62457,    57728,    10392
16921338,       11, 19483369,    62518,    57783,    10922
16921446,       12, 20561188,    62582,    57840,    11463
16922235,       13, 21354102,    62641,    57894,    11979
16922390,       10, 19606613,    63671,    58773,    10392
16922813,       12, 20570306,    63697,    58794,    11463
16926389,       13, 22036835,    63709,    58805,    11979
16927789,       11, 19483408,    63104,    57725,    10922
16928130,       10, 18998298,    62693,    57454,    10392
16928313,       11, 19483044,    62697,    57470,    10922
16928755,       12, 19917956,    62700,    57486,    11463
16930458,       13, 21353226,    62704,    57503,    11979
16933785,       10, 18998218,    62751,    57334,    10392
16934678,       11, 19482331,    62757,    57335,    10922
16936293,       12, 19919866,    62763,    57336,    11463
16936924,       13, 21345409,    62768,    57338,    11979
16937843,       10, 18999435,    62892,    57879,    10392
16939195,       11, 19481657,    62920,    57914,    10922
16939218,       12, 20563618,    62949,    57952,    11463
16939268,       13, 21358007,    62976,    57987,    11979
16940157,       10, 18997740,    63098,    58200,    10392
16944090,       11, 20104132,    63133,    58231,    10922
16946357,       12, 20559874,    63170,    58263,    11463
16948828,       13, 21361656,    63206,    58294,    11979
16949153,       10, 19604764,    63822,    58482,    10392
16949316,       11, 20100897,    63873,    58487,    10922
16951826,       12, 20568919,    63925,    58492,    11463
16951941,       13, 21363327,    63974,    58497,    11979
16951969,       10, 19003915,    65290,    57999,    10392
16952417,       11, 19487898,    65296,    58019,    10922
16953157,       12, 20567236,    65302,    58039,    11463
16953183,       13, 21374961,    65308,    58060,    11979
16954941,       10, 19617804,    64284,    58256,    10392
16955630,       11, 20113719,    64307,    58258,    10922
16956217,       12, 20574573,    64330,    58259,    11463
16956228,       13, 21363252,    64353,    58261,    11979
16958122,       10, 19008952,    64385,    57699,    10392
16961262,       11, 19492655,    64426,    57757,    10922
16961326,       12, 20571074,    64471,    57817,    11463
16966819,       13, 21358919,    64512,    57875,    11979
16967957,       10, 19004281,    65726,    57072,    10392
16968910,       11, 19488455,    65732,    57075,    10922
16971484,       12, 19939925,    65738,    57078,    11463
16972407,       13, 21372834,    65745,    57082,    11979
16973961,       10, 19003972,    65543,    58099,    10392
16978728,       11, 19487961,    65561,    58145,    10922
16980222,       12, 20580220,    65579,    58193,    11463
16980231,       13, 21373741,    65597,    58239,    11979
16980748,       10, 19008549,    64376,    57822,    10392
16982588,       11, 19490942,    64380,    57839,    10922
16986031,       12, 20570967,    64385,    57857,    11463
16987151,       13, 21364978,    64389,    57874,    11979
17425520,       10, 19614796,    65213,    58791,    10392
17426181,       11, 20110712,    65266,    58805,    10922
17426229,       12, 20570540,    65322,    58819,    11463
17426673,       13, 22040930,    65375,    58832,    11979
17427403,       10, 19007125,    64436,    58010,    10392
17427868,       11, 19491105,    64440,    58016,    10922
17428014,       12, 20573294,    64444,    58021,    11463
17430025,       13, 21365016,    64448,    58027,    11979
17435612,       10, 19624739,    67104,    58820,    10392
17436144,       11, 20120463,    67110,    58829,    10922
17440715,       12, 20578818,    67117,    58837,    11463
17441243,       13, 22057375,    67122,    58846,    11979
17441299,       10, 19020656,    68832,    57723,    10392
17441354,       11, 19504661,    68834,    57725,    10922
17441746,       12, 20588258,    68835,    57727,    11463
17442681,       13, 21394114,    68837,    57729,    11979
17444984,       10, 19026040,    69221,    57395,    10392
17447281,       11, 19510279,    69236,    57399,    10922
17447501,       12, 19947459,    69254,    57403,    11463
17448206,       13, 21393997,    69271,    57405,    11979
17450562,       10, 19020543,    68445,    57682,    10392
17450567,       11, 19504851,    68457,    57697,    10922
17452224,       12, 19945078,    68468,    57711,    11463
17452671,       13, 21377159,    68479,    57726,    11979
17453128,       10, 19027268,    69513,    57726,    10392
17453267,       11, 19511149,    69547,    57762,    10922
17455381,       12, 20601633,    69581,    57798,    11463
17456342,       13, 21388805,    69614,    57833,    11979
17456457,       10, 19637500,    68104,    58526,    10392
17456817,       11, 20133776,    68130,    58571,    10922
17458656,       12, 20589412,    68157,    58616,    11463
17459250,       13, 22050524,    68183,    58660,    11979
17460140,       10, 19634878,    69371,    58398,    10392
17460151,       11, 20134517,    69377,    58402,    10922
17460303,       12, 20593540,    69382,    58405,    11463
17464196,       13, 21393120,    69388,    58408,    11979
17464216,       10, 19038450,    69936,    58005,    10392
17464291,       11, 19522876,    69970,    58010,    10922
17467131,       12, 20595977,    70005,    58014,    11463
17469875,       12, 20589272,    68187,    58728,    11463
17470131,       10, 19035700,    70850,    57981,    10392
17471444,       11, 19519722,    70855,    58044,    10922
17472245,       12, 20602243,    70860,    58109,    11463
17472857,       13, 21406289,    70865,    58170,    11979
17474247,       10, 19037207,    71376,    57838,    10392
17474325,       11, 19519791,    71421,    57873,    10922
17474470,       12, 20602185,    71468,    57908,    11463
17475958,       13, 21399098,    71511,    57942,    11979
17477124,       10, 19037208,    71325,    57809,    10392
17477916,       11, 19519598,    71332,    57816,    10922
17477935,       12, 20598785,    71340,    57823,    11463
17478008,       13, 21399037,    71347,    57829,    11979
17478132,       10, 19647656,    71258,    58454,    10392
17478838,       11, 20144048,    71280,    58518,    10922
17481231,       12, 20603756,    71301,    58584,    11463
17481422,       10, 19647405,    70973,    58503,    10392
17481532,       11, 20144167,    70979,    58542,    10922
17484264,       12, 20603625,    70985,    58581,    11463
17485778,       13, 22076514,    70991,    58619,    11979
17488501,       10, 19035057,    71522,    56846,    10392
17488716,       11, 19519235,    71583,    56859,    10922
17489592,       12, 19962238,    71646,    56872,    11463
17490083,       13, 21399848,    71704,    56883,    11979
17920261,       10, 19039822,    72150,    57930,    10392
17920773,       11, 19527291,    72157,    57931,    10922
17921474,       12, 20605687,    72164,    57932,    11463
17923675,       13, 21405416,    72170,    57933,    11979
17924511,       10, 19039993,    72101,    57576,    10392
17926436,       11, 19524417,    72109,    57605,    10922
17927152,       12, 19966453,    72118,    57634,    11463
17928580,       13, 21404841,    72127,    57662,    11979
17929101,       10, 19045320,    72835,    57364,    10392
17930031,       12, 19969719,    72838,    57365,    11463
17930561,       10, 19046888,    72959,    56728,    10392
17931359,       11, 19528006,    72963,    56733,    10922
17931783,       12, 19968747,    72968,    56737,    11463
17931840,       13, 21410398,    72972,    56741,    11979
17932719,       10, 19045683,    73148,    57182,    10392
17933010,       11, 19529594,    73159,    57219,    10922
17933136,       12, 19963900,    73170,    57255,    11463
17935566,       10, 20200601,    57162,    60304,    10392
17935733,       11, 20701424,    57180,    60331,    10922
17937868,       12, 21177129,    57199,    60360,    11463
17938294,       13, 22006398,    57218,    60387,    11979
17938759,       10, 19588090,    57961,    59451,    10392
17939093,       11, 20083746,    57992,    59479,    10922
17940635,       12, 20541715,    58025,    59508,    11463
17941142,       13, 22001066,    58056,    59536,    11979
17941210,       10, 20209926,    58946,    60921,    10392
17943052,       11, 20710364,    58984,    60921,    10922
17945192,       13, 22695436,    59060,    60923,    11979
17945927,       10, 19584001,    59011,    59834,    10392
17946118,       11, 20079432,    59033,    59837,    10922
17947115,       12, 21187755,    59056,    59841,    11463
17947292,       13, 22013789,    59078,    59844,    11979
17948134,       10, 19584003,    58497,    59919,    10392
17949470,       11, 20081251,    58503,    59936,    10922
17949968,       12, 21187807,    58510,    59955,    11463
17950397,       13, 21998102,    58517,    59972,    11979
17950508,       10, 20211108,    58317,    60739,    10392
17951017,       11, 20710561,    58334,    60751,    10922
17952144,       12, 21187018,    58352,    60765,    11463
17952376,       13, 22682697,    58369,    60777,    11979
17954931,       10, 20214088,    59529,    60263,    10392
17955434,       11, 20714930,    59559,    60306,    10922
17956786,       12, 21199273,    59591,    60353,    11463
17957107,       13, 22009965,    59620,    60397,    11979
17960165,       12, 21197509,    60597,    60578,    11463
17963052,       13, 22697707,    60600,    60578,    11979
17963581,       10, 20219620,    60374,    60852,    10392
17966032,       11, 20720260,    60376,    60855,    10922
17966306,       12, 21203439,    60379,    60860,    11463
17966750,       13, 22695882,    60381,    60863,    11979
17967312,       10, 19595519,    60352,    60158,    10392
17967579,       11, 20091633,    60392,    60161,    10922
17968218,       12, 21198887,    60435,    60164,    11463
17970537,       13, 22014448,    60475,    60167,    11979
17972451,       10, 20221242,    60363,    60711,    10392
17974973,       11, 20720746,    60405,    60743,    10922
17981972,       12, 21197750,    60450,    60775,    11463
17982014,       13, 22695960,    60492,    60805,    11979
17983590,       10, 20221727,    61511,    60724,    10392
17985261,       11, 20722980,    61521,    60728,    10922
17985277,       12, 21201233,    61531,    60733,    11463
17985978,       13, 22705266,    61541,    60737,    11979
18423097,       10, 20221579,    61850,    60451,    10392
18423967,       11, 20732538,    61866,    60454,    10922
18424564,       13, 22020222,    61897,    60464,    11979
18425101,       10, 19588452,    59796,    59461,    10392
18426488,       12, 20551460,    59802,    59472,    11463
18426749,       13, 22011714,    59804,    59477,    11979
18429355,       10, 19599162,    61185,    59465,    10392
18430129,       11, 20095668,    61185,    59468,    10922
18430511,       12, 20553793,    61185,    59473,    11463
18430872,       13, 22022718,    61186,    59475,    11979
18431457,       10, 19607167,    62022,    59420,    10392
18432511,       11, 20103276,    62035,    59458,    10922
18434024,       12, 20555809,    62049,    59497,    11463
18434080,       13, 22023389,    62063,    59534,    11979
18434324,       10, 19609718,    62880,    59922,    10392
18434612,       11, 20106961,    62924,    59928,    10922
18434619,       12, 21212958,    62969,    59934,    11463
18435325,       13, 22029358,    63012,    59941,    11979
18436069,       12, 21211114,    63041,    59902,    11463
18436551,       10, 19611070,    63216,    60133,    10392
18439998,       11, 20106928,    63216,    60136,    10922
18441176,       12, 21210995,    63217,    60139,    11463
18441325,       10, 19610914,    62529,    60134,    10392
18442785,       12, 21210787,    62531,    60151,    11463
18446156,       13, 22024551,    62531,    60160,    11979
18446419,       10, 20232174,    63605,    60730,    10392
18448220,       11, 20731317,    63632,    60783,    10922
18448403,       12, 21224334,    63660,    60837,    11463
18448469,       13, 22717993,    63686,    60888,    11979
18449105,       10, 19609357,    62737,    59624,    10392
18450469,       11, 20105812,    62749,    59626,    10922
18451678,       12, 20564161,    62759,    59629,    11463
18453384,       13, 22023105,    62770,    59631,    11979
18454375,       11, 20742574,    64028,    60803,    10922
18454717,       12, 21224518,    64028,    60838,    11463
18455348,       10, 19620790,    64209,    60092,    10392
18455774,       11, 20116918,    64256,    60105,    10922
18456043,       12, 21221855,    64305,    60118,    11463
18456374,       13, 22035976,    64351,    60130,    11979
18457606,       10, 19617170,    64017,    60191,    10392
18457890,       11, 20745422,    64040,    60202,    10922
18458604,       12, 21221907,    64065,    60213,    11463
18459085,       13, 22036135,    64088,    60223,    11979
18459458,       11, 20114329,    64810,    59329,    10922
18460541,       12, 20572148,    64819,    59367,    11463
18463172,       13, 22033412,    64826,    59403,    11979
18466031,       10, 19615442,    65070,    59265,    10392
18468799,       11, 20111458,    65098,    59275,    10922
18471665,       12, 20566189,    65126,    59285,    11463
18471690,       13, 22042869,    65153,    59296,    11979
18472037,       10, 20243707,    64633,    61048,    10392
18472224,       11, 20744682,    64649,    61097,    10922
18473027,       12, 21228343,    64666,    61148,    11463
18474492,       13, 22715749,    64683,    61194,    11979
18477028,       10, 20251639,    67333,    60618,    10392
18478790,       11, 20753790,    67343,    60659,    10922
18479254,       12, 21228953,    67354,    60701,    11463
18480863,       13, 22739621,    67364,    60741,    11979
18481221,       10, 19636377,    67951,    59885,    10392
18482725,       11, 20132731,    67983,    59908,    10922
18486980,       12, 21241203,    68018,    59932,    11463
18487004,       13, 22049364,    68050,    59955,    11979
18488209,       10, 20263069,    69292,    61010,    10392
18489892,       11, 20764424,    69335,    61061,    10922
18920116,       12, 21247550,    69378,    61113,    11463
18920317,       13, 22750970,    69420,    61162,    11979
18921319,       10, 20260766,    68819,    60697,    10392
18921514,       11, 20760559,    68848,    60715,    10922
18921553,       12, 21244521,    68879,    60733,    11463
18922117,       13, 22749449,    68908,    60750,    11979
18922574,       10, 19638538,    69800,    60107,    10392
18924281,       11, 20135028,    69811,    60116,    10922
18927135,       12, 21250544,    69824,    60124,    11463
18927247,       13, 22059743,    69836,    60133,    11979
18928074,       10, 19635225,    68120,    59648,    10392
18929386,       11, 20132703,    68139,    59675,    10922
18930870,       12, 20587114,    68157,    59702,    11463
18931835,       10, 20271559,    70902,    60718,    10392
18934334,       11, 20773100,    70950,    60741,    10922
18934578,       12, 21257318,    70999,    60764,    11463
18934952,       13, 22759744,    71046,    60785,    11979
18935403,       10, 20271670,    71009,    60770,    10392
18935797,       11, 20773974,    71072,    60796,    10922
18935865,       12, 21257420,    71137,    60824,    11463
18935892,       13, 22759030,    71199,    60850,    11979
18937197,       10, 19646925,    70775,    59983,    10392
18937763,       12, 21251235,    70903,    60111,    11463
18938943,       13, 22075404,    70965,    60173,    11979
18939128,       10, 19642567,    70266,    60080,    10392
18940077,       11, 20139013,    70270,    60090,    10922
18940277,       12, 21250178,    70272,    60099,    11463
18940279,       13, 22059670,    70275,    60107,    11979
18940759,       10, 19640537,    70216,    59964,    10392
18941498,       11, 20138734,    70222,    59976,    10922
18944337,       12, 21250022,    70227,    59989,    11463
18945041,       13, 22060133,    70232,    60001,    11979
18955254,       10, 19643573,    69972,    58808,    10392
18955360,       11, 20139878,    69979,    58816,    10922
18956450,       12, 20598111,    69987,    58823,    11463
18956515,       13, 22060983,    69994,    58830,    11979
18958242,       10, 19640914,    71711,    59853,    10392
18958303,       11, 20139222,    71728,    59865,    10922
18959611,       12, 21260125,    71745,    59875,    11463
18960055,       13, 22069638,    71759,    59884,    11979
18960331,       10, 19643004,    71686,    60078,    10392
18963501,       11, 20139227,    71718,    60090,    10922
18964929,       12, 21259989,    71750,    60102,    11463
18965674,       13, 22069486,    71781,    60113,    11979
18965748,       10, 20271710,    71361,    60762,    10392
18965763,       11, 20773934,    71375,    60827,    10922
18966210,       12, 21257400,    71390,    60892,    11463
18966731,       13, 22759088,    71404,    60954,    11979
18967459,       10, 19643569,    70034,    58913,    10392
18968827,       11, 20139714,    70043,    58926,    10922
18969593,       12, 20598174,    70052,    58939,    11463
18972394,       13, 22060813,    70061,    58952,    11979
18972700,       10, 19645202,    71793,    59452,    10392
18973755,       11, 20137211,    71806,    59473,    10922
18974066,       12, 20606846,    71818,    59494,    11463
18974643,       13, 22073205,    71830,    59515,    11979
18974665,       10, 19640528,    70034,    59870,    10392
18974967,       12, 21250042,    70035,    59928,    11463
18975583,       13, 22060176,    70035,    59956,    11979
18976359,       10, 19654504,    72662,    59280,    10392
18981419,       11, 20151201,    72700,    59340,    10922
18982119,       12, 20612616,    72741,    59399,    11463
18983061,       13, 22074315,    72779,    59455,    11979
18984452,       10, 19655832,    73244,    59860,    10392
19420155,       11, 20146583,    73249,    59864,    10922
19420669,       12, 21260460,    73255,    59866,    11463
19421128,       10, 20279507,    73444,    60404,    10392
19422583,       13, 22769820,    73443,    60589,    11979
19427920,       10, 19655093,    73016,    59263,    10392
19428086,       11, 20151718,    73023,    59300,    10922
19428815,       12, 20611268,    73030,    59339,    11463
19429099,       13, 22083179,    73036,    59379,    11979
19430658,       11, 21337310,    57283,    62492,    10922
19431808,       10, 20205301,    57176,    61606,    10392
19432594,       11, 20705809,    57184,    61620,    10922
19433071,       12, 21181397,    57192,    61636,    11463
19433931,       13, 22692289,    57200,    61651,    11979
19435125,       10, 20833516,    57128,    62480,    10392
19435207,       11, 21337502,    57130,    62491,    10922
19435263,       12, 21831047,    57133,    62503,    11463
19435270,       13, 22691493,    57136,    62514,    11979
19437151,       10, 20833403,    57051,    62547,    10392
19438682,       11, 21336948,    57056,    62559,    10922
19439974,       12, 21832114,    57062,    62572,    11463
19439984,       13, 23375283,    57067,    62584,    11979
19440545,       10, 20833384,    57102,    62897,    10392
19440603,       11, 21338077,    57103,    62908,    10922
19441574,       12, 21828681,    57104,    62918,    11463
19442502,       13, 23379611,    57104,    62929,    11979
19442956,       10, 20831221,    57167,    63282,    10392
19443788,       11, 21335249,    57172,    63332,    10922
19444044,       12, 21830192,    57177,    63384,    11463
19444192,       13, 23376439,    57182,    63434,    11979
19444792,       10, 20841250,    58379,    62302,    10392
19444913,       11, 21345252,    58442,    62305,    10922
19445913,       13, 22688825,    58571,    62312,    11979
19446314,       10, 20218618,    59256,    61377,    10392
19446929,       11, 20719279,    59283,    61378,    10922
19450785,       13, 22696368,    59337,    61381,    11979
19450944,       10, 20216613,    58222,    61873,    10392
19451635,       11, 20717459,    58221,    61874,    10922
19453624,       13, 22687712,    58220,    61877,    11979
19454668,       10, 20841248,    58411,    62416,    10392
19454843,       11, 21345190,    58419,    62470,    10922
19455193,       12, 21842360,    58429,    62527,    11463
19456089,       13, 23371171,    58438,    62580,    11979
19457364,       10, 20229319,    59902,    62169,    10392
19457605,       11, 21354657,    59934,    62195,    10922
19458031,       12, 21850999,    59968,    62222,    11463
19460414,       13, 22699786,    60001,    62249,    11979
19462055,       10, 20218286,    59430,    61291,    10392
19462511,       11, 20719404,    59439,    61320,    10922
19463251,       12, 21195150,    59448,    61351,    11463
19466642,       13, 22696384,    59457,    61379,    11979
19468892,       10, 20843798,    58687,    63156,    10392
19470710,       11, 21347781,    58693,    63201,    10922
19470892,       12, 21838997,    58700,    63247,    11463
19471250,       13, 23373987,    58706,    63290,    11979
19471377,       10, 20219822,    60415,    61102,    10392
19472210,       11, 20720550,    60443,    61113,    10922
19472565,       12, 21202997,    60472,    61124,    11463
19473629,       13, 22697237,    60499,    61134,    11979
19474422,       10, 20224998,    60146,    61554,    10392
19475177,       11, 20725850,    60154,    61564,    10922
19475685,       12, 21204226,    60163,    61576,    11463
19477945,       13, 22698988,    60172,    61586,    11979
19479015,       12, 21855813,    61436,    62061,    11463
19480676,       13, 22711233,    61436,    62101,    11979
19481497,       10, 20228694,    61199,    61213,    10392
19487931,       11, 20729322,    61215,    61226,    10922
19920165,       12, 21206589,    61232,    61242,    11463
19920195,       13, 22703934,    61248,    61255,    11979
19921251,       10, 20224244,    60473,    62037,    10392
19929333,       11, 20725253,    60478,    62043,    10922
19940841,       12, 21849536,    60484,    62050,    11463
19945404,       13, 22700862,    60490,    62055,    11979
19950137,       10, 20857093,    61258,    62395,    10392
19954069,       12, 21857656,    61277,    62396,    11463
19959537,       13, 22709562,    61286,    62397,    11979
19960742,       10, 20853903,    61702,    62742,    10392
19962047,       11, 21357751,    61716,    62776,    10922
19968458,       12, 21863114,    61729,    62811,    11463
19968653,       13, 23393859,    61742,    62843,    11979
19968871,       10, 20862644,    61998,    62863,    10392
19968889,       11, 21367433,    62047,    62890,    10922
19973165,       12, 21858562,    62097,    62918,    11463
19979317,       13, 23400041,    62144,    62944,    11979
19981131,       10, 20224455,    61616,    62136,    10392
19981510,       11, 20725497,    61628,    62154,    10922
19981611,       12, 21861928,    61640,    62172,    11463
19982750,       13, 22710865,    61651,    62189,    11979
19986001,       10, 20237151,    63618,    61734,    10392
16046273,       11, 20738057,    63682,    61744,    10922
16544156,       12, 21223762,    63748,    61756,    11463
17047130,       13, 22725075,    63810,    61767,    11979
17049737,       10, 20864928,    62434,    62974,    10392
17577446,       11, 21368801,    62440,    63008,    10922
18064921,       12, 21865069,    62448,    63041,    11463
18599540,       13, 23400168,    62454,    63074,    11979
19073342,       10, 20248131,    64419,    61904,    10392
16956723,       11, 20748999,    64467,    61917,    10922
18957937,       12, 21875850,    64518,    61930,    11463
19440598,       13, 22721881,    64567,    61942,    11979
15970913,       10, 20258666,    65977,    61582,    10392
16415592,       11, 20760035,    66020,    61591,    10922
18485450,       13, 22735398,    66107,    61608,    11979
19454643,       11, 20757841,    66089,    61955,    10922
19943886,       12, 21887803,    66137,    61981,    11463
19960796,       13, 22733992,    66182,    62006,    11979
19976077,       10, 20245305,    65169,    61667,    10392
15943082,       11, 20747132,    65179,    61671,    10922
17433309,       12, 21223963,    65189,    61674,    11463
17445870,       13, 22731698,    65199,    61677,    11979
17451936,       13, 22731435,    65003,    61541,    11979
17462996,       10, 20244757,    65457,    62261,    10392
17935531,       11, 21373115,    65520,    62300,    10922
19468378,       12, 21883754,    65586,    62340,    11463
15955031,       10, 20245230,    65231,    61413,    10392
17466159,       11, 20746593,    65278,    61458,    10922
17928205,       12, 21226187,    65327,    61506,    11463
16952405,       13, 22730037,    65373,    61550,    11979
19972992,       10, 20237003,    63826,    61933,    10392
18964929,       11, 20737699,    63827,    61935,    10922
15971704,       12, 21869349,    63827,    61936,    11463
16470198,       10, 20234801,    63843,    62215,    10392
17435384,       11, 21364620,    63847,    62223,    10922
17564600,       12, 21871468,    63851,    62232,    11463
16961976,       13, 22723379,    63854,    62240,    11979
15978466,       10, 20869558,    65089,    62471,    10392
16961859,       11, 21374443,    65100,    62477,    10922
17433619,       12, 21873166,    65110,    62483,    11463
17480215,       13, 22730858,    65120,    62489,    11979
17952458,       10, 20871767,    65033,    63289,    10392
17490000,       11, 21372076,    65039,    63337,    10922
18437731,       12, 21870954,    65045,    63386,    11463
18945773,       13, 23415570,    65051,    63432,    11979
19457410,       11, 21374755,    65361,    62531,    10922
18958047,       12, 21873101,    65426,    62571,    11463
16434943,       13, 23418629,    65488,    62608,    11979
17940591,       10, 20248056,    64408,    61972,    10392
18454791,       12, 21875924,    64444,    61995,    11463
18474671,       13, 22723420,    64461,    62005,    11979
19428030,       10, 20253825,    67672,    61243,    10392
16921194,       11, 20759615,    67677,    61255,    10922
16936104,       12, 21246027,    67683,    61267,    11463
16942613,       13, 22740791,    67689,    61277,    11979
16944227,       10, 20885037,    67547,    62299,    10392
16439433,       11, 21388522,    67585,    62332,    10922
17474187,       12, 21897579,    67624,    62365,    11463
17474124,       13, 22745161,    67662,    62396,    11979
17480437,       10, 20880818,    67320,    62515,    10392
17478074,       11, 21384487,    67348,    62557,    10922
17453156,       12, 21882154,    67377,    62600,    11463
17961419,       13, 23429122,    67404,    62641,    11979
17965396,       10, 20273259,    69895,    60980,    10392
17470904,       12, 21254286,    69940,    60982,    11463
17966151,       10, 20267946,    69774,    61621,    10392
17480818,       11, 20765286,    69785,    61623,    10922
18461292,       12, 21256576,    69796,    61625,    11463
18968111,       13, 22752985,    69807,    61627,    11979
19484209,       10, 20888287,    68879,    62501,    10392
16917937,       11, 21393427,    68886,    62534,    10922
16439390,       12, 21891886,    68894,    62567,    11463
16444293,       13, 23438079,    68901,    62599,    11979
16945098,       10, 20266192,    69853,    61827,    10392
17941195,       11, 20767792,    69859,    61832,    10922
17967185,       12, 21904667,    69865,    61836,    11463
19481767,       13, 22752846,    69870,    61840,    11979
16480437,       12, 21265115,    71685,    61340,    11463
18473363,       10, 20269123,    70048,    61278,    10392
17928196,       11, 20775522,    70062,    61305,    10922
17444075,       12, 21255029,    70076,    61331,    11463
17927705,       13, 22747659,    70090,    61357,    11979
19956945,       10, 20904031,    71215,    62394,    10392
16443058,       11, 21407652,    71226,    62407,    10922
18049514,       12, 21902650,    71238,    62422,    11463
18966499,       13, 22763082,    71250,    62437,    11979
19973220,       10, 20273402,    69992,    62119,    10392
16964245,       11, 20774794,    69999,    62145,    10922
17467711,       12, 21900537,    70005,    62172,    11463
18453331,       13, 22753881,    70011,    62198,    11979
18455750,       10, 20275499,    70060,    62023,    10392
18921297,       11, 20776496,    70071,    62045,    10922
15958129,       12, 21900510,    70082,    62068,    11463
16926785,       13, 22753916,    70092,    62088,    11979
18940204,       10, 20286979,    72718,    61551,    10392
18974130,       11, 20787855,    72750,    61563,    10922
19458624,       12, 21266757,    72781,    61574,    11463
19441470,       13, 22762782,    72812,    61585,    11979
17928764,       10, 20281637,    72925,    61277,    10392
17434418,       11, 20787940,    72929,    61287,    10922
17456275,       12, 21266044,    72933,    61298,    11463
15967931,       13, 22768720,    72937,    61307,    11979
16967399,       10, 20282639,    72403,    62234,    10392
16976128,       11, 21411399,    72407,    62244,    10922
18464806,       12, 21916415,    72412,    62254,    11463
16438387,       13, 22765490,    72417,    62263,    11979
16984927,       10, 20914819,    72890,    62620,    10392
17976203,       11, 21418617,    72892,    62629,    10922
18439093,       12, 21913240,    72894,    62638,    11463
18589621,       13, 23453242,    72896,    62645,    11979
18422747,       12, 21828488,    57364,    63256,    11463
18441686,       13, 23376151,    57387,    63255,    11979
18450226,       10, 21461632,    57873,    64836,    10392
19105057,       11, 21963600,    57906,    64846,    10922
19430635,       12, 22491261,    57940,    64857,    11463
19925453,       13, 24040463,    57972,    64866,    11979
15412458,       10, 21452603,    57392,    64659,    10392
16417104,       11, 21947868,    57402,    64664,    10922
16446089,       12, 22473145,    57413,    64669,    11463
16925330,       13, 24045713,    57422,    64673,    11979
16935447,       10, 20836945,    57537,    63516,    10392
16948807,       11, 21340881,    57560,    63535,    10922
17440076,       12, 21846914,    57586,    63555,    11463
17450295,       13, 23376148,    57610,    63573,    11979
16957118,       10, 20838002,    57404,    63847,    10392
17928751,       11, 21341799,    57404,    63852,    10922
17953121,       12, 22475010,    57405,    63856,    11463
17978242,       13, 23377559,    57405,    63860,    11979
17978299,       10, 21458043,    57957,    64355,    10392
17488978,       11, 21960019,    57972,    64381,    10922
18441307,       12, 22489767,    57988,    64408,    11463
18485546,       13, 23371557,    58002,    64434,    11979
18452928,       12, 21846946,    58221,    63541,    11463
18979860,       13, 23370414,    58259,    63564,    11979
19481974,       12, 22474644,    56895,    65111,    11463
19448341,       13, 24044656,    56895,    65125,    11979
15970692,       10, 20841716,    58714,    63837,    10392
16568770,       11, 21345983,    58749,    63846,    10922
17455308,       12, 22484840,    58785,    63856,    11463
18445591,       13, 23374195,    58819,    63865,    11979
19427929,       10, 21462411,    59594,    64639,    10392
15920834,       11, 21964392,    59601,    64693,    10922
15945826,       12, 22502055,    59608,    64749,    11463
16454889,       13, 24053508,    59615,    64801,    11979
17430508,       10, 20855648,    61035,    63197,    10392
18444714,       11, 21359112,    61063,    63210,    10922
17939053,       12, 21856144,    61092,    63224,    11463
17069417,       13, 23395300,    61120,    63236,    11979
17471405,       10, 21465132,    60485,    64839,    10392
19561337,       11, 21967431,    60495,    64842,    10922
19591130,       12, 22494163,    60504,    64846,    11463
19984361,       13, 24054916,    60513,    64851,    11979
17482175,       10, 21471488,    61065,    64986,    10392
18579984,       11, 21974296,    61109,    65009,    10922
18483771,       12, 22497490,    61154,    65033,    11463
19967386,       13, 24061332,    61199,    65055,    11979
16446806,       10, 21471599,    60801,    64594,    10392
17483318,       11, 21973720,    60804,    64595,    10922
17963127,       12, 22493834,    60806,    64596,    11463
17967216,       13, 24054859,    60809,    64597,    11979
18426584,       10, 20849965,    60574,    63601,    10392
20159814,       11, 21353656,    60593,    63609,    10922
15917457,       12, 21850317,    60613,    63616,    11463
15981930,       13, 23385820,    60632,    63624,    11979
16429078,       10, 20856057,    61061,    64197,    10392
16958147,       11, 21971584,    61078,    64246,    10922
17463550,       12, 22500470,    61096,    64297,    11463
18461269,       13, 23399677,    61113,    64345,    11979
19432268,       10, 20854399,    60037,    62998,    10392
19970419,       11, 21358426,    60045,    63004,    10922
15926392,       12, 21848972,    60053,    63010,    11463
16456682,       13, 23383564,    60062,    63016,    11979
16469106,       11, 21979008,    62256,    64449,    10922
16953053,       10, 21481200,    63115,    64812,    10392
16965025,       11, 21983102,    63174,    64875,    10922
17435679,       12, 22508641,    63236,    64942,    11463
17478102,       13, 24072109,    63294,    65004,    11979
18447328,       10, 20863574,    62151,    63152,    10392
18924320,       11, 21367453,    62163,    63160,    10922
18449075,       12, 21858663,    62177,    63168,    11463
15956199,       13, 23396030,    62189,    63175,    11979
15451584,       10, 20859645,    62104,    63755,    10392
15944239,       11, 21365048,    62115,    63767,    10922
16461366,       12, 22506066,    62127,    63779,    11463
16954788,       13, 23397512,    62138,    63790,    11979
16972108,       10, 21478804,    62601,    64322,    10392
17426796,       11, 21980925,    62637,    64362,    10922
16954329,       13, 23396722,    62711,    64441,    11979
16952677,       10, 20864456,    63497,    64206,    10392
17455890,       11, 21979226,    63502,    64225,    10922
18438373,       12, 22504577,    63507,    64245,    11463
18456104,       13, 23403191,    63512,    64263,    11979
17969471,       10, 20864039,    63333,    63125,    10392
18457754,       11, 21367788,    63337,    63132,    10922
19466575,       12, 21859437,    63341,    63140,    11463
19935714,       13, 23404663,    63345,    63147,    11979
15917541,       10, 21477300,    63572,    64502,    10392
16463543,       11, 21977124,    63585,    64514,    10922
16471758,       12, 22514393,    63598,    64527,    11463
16475531,       13, 24075781,    63611,    64540,    11979
16932612,       10, 21481124,    62959,    64926,    10392
16956208,       11, 21983734,    62971,    64942,    10922
17929845,       12, 22508493,    62983,    64959,    11463
18462108,       13, 24071854,    62995,    64975,    11979
18438000,       10, 20874520,    64202,    63188,    10392
18439968,       11, 21378157,    64213,    63212,    10922
18572757,       12, 21875231,    64224,    63236,    11463
18478698,       13, 23406870,    64235,    63260,    11979
19483788,       10, 21486165,    65716,    64380,    10392
19426065,       11, 21987938,    65721,    64385,    10922
19937004,       12, 22526270,    65726,    64390,    11463
15924338,       13, 23419079,    65730,    64395,    11979
16545068,       10, 21486821,    65722,    65060,    10392
16451330,       11, 21988749,    65755,    65090,    10922
15951701,       12, 22528072,    65788,    65119,    11463
16926902,       11, 21378971,    64358,    63619,    10922
16440642,       12, 21876400,    64385,    63629,    11463
17922936,       13, 23406722,    64411,    63638,    11979
17438367,       10, 20870372,    65170,    63857,    10392
17982079,       11, 21373549,    65172,    63878,    10922
17931644,       12, 22516035,    65174,    63900,    11463
18949338,       13, 23411422,    65176,    63920,    11979
19447036,       12, 22520818,    64472,    64773,    11463
19478746,       13, 24075560,    64472,    64775,    11979
19925345,       10, 20871794,    65339,    63084,    10392
16468555,       11, 21375376,    65367,    63101,    10922
15967838,       12, 21868563,    65396,    63118,    11463
15962568,       10, 20868770,    64942,    63425,    10392
16460730,       11, 21372634,    64959,    63464,    10922
16927669,       12, 21870682,    64976,    63504,    11463
17489344,       13, 23415542,    64993,    63542,    11979
17918971,       10, 20871611,    65115,    63166,    10392
17920952,       11, 21375147,    65142,    63189,    10922
17939647,       12, 21870730,    65171,    63213,    11463
17926648,       13, 23415672,    65198,    63235,    11979
18937459,       11, 21383447,    66994,    63654,    10922
18919674,       12, 21879895,    66994,    63654,    11463
19942147,       10, 20880075,    67299,    63862,    10392
19472897,       11, 21388986,    67323,    63868,    10922
16437961,       12, 22524219,    67349,    63874,    11463
16438519,       13, 23428152,    67373,    63879,    11979
17054156,       10, 20878747,    67270,    63647,    10392
17934128,       11, 21382411,    67282,    63658,    10922
18439357,       12, 21882043,    67295,    63670,    11463
18475441,       13, 23428346,    67308,    63680,    11979
18925739,       10, 20882117,    67115,    64204,    10392
18981595,       11, 21997441,    67152,    64218,    10922
18930227,       13, 23429874,    67226,    64245,    11979
19426296,       10, 21507070,    69304,    64455,    10392
19455216,       11, 22012081,    69357,    64485,    10922
19967478,       12, 22540176,    69411,    64515,    11463
15917616,       13, 24106301,    69463,    64544,    11979
16935249,       10, 20891815,    69221,    62923,    10392
16975449,       11, 21395841,    69240,    62932,    10922
16478627,       12, 21894569,    69257,    62942,    11463
16946657,       13, 23440517,    69275,    62951,    11979
17458130,       10, 20890586,    68603,    63376,    10392
16954501,       12, 21890043,    68609,    63378,    11463
17473185,       13, 23424649,    68612,    63379,    11979
16986899,       11, 22007414,    68937,    64469,    10922
17940733,       13, 24106205,    68976,    64582,    11979
17478092,       10, 20887717,    68251,    63813,    10392
18557325,       11, 21392692,    68279,    63823,    10922
17969405,       12, 22534650,    68308,    63834,    11463
18955350,       13, 23420786,    68335,    63844,    11979
18969498,       10, 21506980,    69598,    64293,    10392
18969751,       11, 22008784,    69609,    64306,    10922
19438206,       12, 22548779,    69619,    64320,    11463
19469322,       10, 21515583,    70183,    64313,    10392
19484600,       11, 22017706,    70229,    64355,    10922
15425175,       12, 22542939,    70277,    64399,    11463
15937510,       13, 23436600,    70322,    64440,    11979
16426990,       10, 20890777,    68537,    63183,    10392
16963823,       11, 21394617,    68554,    63201,    10922
16925385,       12, 21888866,    68571,    63220,    11463
16929985,       13, 23424067,    68587,    63236,    11979
16986738,       10, 20891719,    69859,    63307,    10392
16987558,       11, 21410075,    69864,    63315,    10922
17981281,       12, 21906171,    69868,    63323,    11463
18430881,       13, 23434637,    69873,    63330,    11979
18920859,       10, 20902775,    71055,    64260,    10392
18939290,       11, 22019303,    71075,    64280,    10922
18985129,       12, 22549325,    71096,    64300,    11463
19454893,       13, 23450551,    71116,    64319,    11979
15941356,       13, 23438964,    70773,    64194,    11979
15941259,       10, 21519311,    70999,    64714,    10392
15441267,       11, 22021699,    71015,    64755,    10922
15963240,       12, 22550326,    71033,    64800,    11463
16461196,       13, 24116454,    71049,    64840,    11979
16949603,       10, 21516851,    71068,    64400,    10392
16921430,       11, 22019295,    71083,    64411,    10922
17967626,       12, 22549084,    71097,    64423,    11463
17968270,       13, 23447242,    71112,    64434,    11979
18432870,       10, 21520334,    70982,    65120,    10392
18446933,       11, 22022232,    70992,    65169,    10922
18965788,       12, 22547042,    71003,    65219,    11463
15923823,       10, 20903185,    70721,    63642,    10392
16441911,       11, 21408578,    70740,    63687,    10922
15950237,       12, 22544194,    70760,    63733,    11463
16464836,       13, 23437535,    70779,    63776,    11979
16966344,       10, 21515815,    71669,    64310,    10392
16947139,       11, 22017902,    71676,    64337,    10922
17458148,       12, 22552402,    71683,    64364,    11463
17944154,       13, 23443429,    71690,    64390,    11979
17975386,       10, 21514214,    71741,    64648,    10392
17987042,       11, 22016098,    71782,    64689,    10922
18437817,       13, 24115438,    71863,    64771,    11979
17946070,       10, 20908290,    71960,    64054,    10392
18941761,       11, 21412262,    71983,    64057,    10922
18937453,       12, 22552608,    72007,    64061,    11463
18463272,       13, 23448250,    72030,    64065,    11979
18966696,       10, 20913935,    72595,    64042,    10392
19435223,       11, 21417751,    72596,    64067,    10922
19427886,       12, 22558671,    72598,    64092,    11463
19443284,       13, 23449825,    72599,    64115,    11979
19469522,       11, 22028592,    72344,    64272,    10922
19925348,       12, 22552785,    72354,    64277,    11463
16423940,       13, 23449886,    72364,    64283,    11979
17488576,       10, 20908774,    73289,    64218,    10392
16985822,       11, 22027260,    73301,    64262,    10922
16986653,       12, 22553486,    73314,    64308,    11463
17437178,       13, 23454104,    73326,    64351,    11979
18486271,       10, 20908852,    73469,    64151,    10392
18964736,       11, 22027205,    73477,    64206,    10922
19470308,       12, 22553430,    73486,    64260,    11463
19480878,       13, 23453994,    73494,    64312,    11979
15939072,       12, 21914051,    72832,    62988,    11463
15941460,       13, 23450949,    72832,    62994,    11979
16434439,       10, 21526308,    72899,    64379,    10392
16441016,       11, 22028559,    72905,    64383,    10922
16476431,       12, 22559798,    72913,    64388,    11463
16935956,       13, 23454265,    72919,    64392,    11979
17972771,       10, 21451444,    57838,    66128,    10392
17973270,       11, 21956103,    57865,    66142,    10922
18473880,       12, 23135719,    57892,    66156,    11463
18978256,       13, 24039744,    57916,    66169,    11979
19441064,       10, 21453196,    57744,    65049,    10392
15962641,       11, 21955110,    57779,    65055,    10922
15969312,       12, 22486860,    57816,    65061,    11463
15976880,       13, 24040647,    57850,    65067,    11979
15937919,       10, 21463662,    57861,    65321,    10392
16426574,       11, 21961108,    57864,    65329,    10922
17428323,       12, 22486802,    57867,    65338,    11463
17469452,       13, 24049574,    57869,    65346,    11979
17957834,       10, 22067725,    56761,    66271,    10392
17979646,       11, 22568749,    56762,    66271,    10922
18473543,       12, 23118796,    56764,    66272,    11463
18422259,       13, 24029727,    56766,    66272,    11979
18435624,       10, 22068638,    57167,    67008,    10392
19421171,       11, 22567042,    57189,    67048,    10922
18934489,       12, 23115834,    57213,    67089,    11463
19444062,       13, 24730086,    57234,    67128,    11979
19480886,       10, 22082882,    58164,    67602,    10392
19935672,       11, 22577642,    58197,    67664,    10922
16059919,       12, 23131719,    58231,    67726,    11463
15928324,       10, 22081527,    59254,    67473,    10392
16415610,       11, 22583361,    59282,    67533,    10922
16917792,       12, 23132282,    59311,    67593,    11463
16452120,       13, 24741274,    59340,    67651,    11979
17450872,       10, 21456239,    58701,    65256,    10392
17955437,       11, 21958211,    58723,    65256,    10922
18066243,       13, 24044215,    58766,    65255,    11979
18956490,       10, 22079072,    59031,    66650,    10392
18964748,       11, 22580549,    59056,    66668,    10922
19435837,       12, 23127074,    59082,    66686,    11463
19483256,       13, 24744207,    59107,    66704,    11979
16946187,       10, 21466732,    60097,    65354,    10392
17488668,       11, 21970466,    60149,    65382,    10922
17476702,       12, 22492465,    60202,    65412,    11463
17947028,       13, 24052653,    60252,    65440,    11979
18922978,       10, 22076660,    58394,    66601,    10392
19419959,       11, 22577910,    58398,    66617,    10922
19463843,       12, 23126841,    58398,    66636,    11463
19486711,       10, 22075543,    58409,    67143,    10392
15917583,       11, 22576787,    58448,    67171,    10922
16423803,       12, 23127876,    58488,    67201,    11463
16427125,       13, 24726492,    58525,    67229,    11979
16441356,       10, 22088107,    60484,    67020,    10392
16439810,       11, 22585745,    60547,    67047,    10922
16932583,       12, 23136443,    60610,    67075,    11463
17454766,       13, 24739636,    60671,    67102,    11979
17480251,       10, 22093596,    59873,    66626,    10392
17488648,       11, 22594475,    59900,    66632,    10922
17951965,       12, 23140264,    59928,    66639,    11463
18483745,       13, 24736671,    59955,    66645,    11979
18965619,       10, 21459720,    59814,    65448,    10392
18968528,       11, 21956430,    59826,    65457,    10922
15970935,       12, 22498635,    59838,    65466,    11463
16927947,       13, 24052679,    59849,    65475,    11979
16933298,       10, 22086945,    60056,    66443,    10392
16982633,       11, 22588197,    60075,    66476,    10922
16968671,       12, 23139371,    60094,    66510,    11463
17928710,       13, 24736823,    60113,    66543,    11979
18441281,       10, 22084140,    60000,    66228,    10392
18932687,       11, 22587640,    60038,    66266,    10922
19439981,       12, 23139224,    60077,    66304,    11463
19445184,       13, 24050784,    60114,    66341,    11979
19458439,       10, 21468240,    60601,    65808,    10392
19468010,       11, 21973121,    60632,    65817,    10922
19448107,       12, 23138146,    60663,    65826,    11463
19965098,       13, 24055991,    60693,    65835,    11979
19478762,       10, 22093180,    61050,    66365,    10392
15412376,       11, 22593789,    61057,    66398,    10922
15421037,       12, 23140724,    61063,    66433,    11463
15459515,       13, 24066760,    61069,    66465,    11979
15918833,       10, 22088197,    60087,    66977,    10392
17439079,       11, 22585675,    60099,    67027,    10922
17476968,       12, 23137200,    60111,    67079,    11463
17485072,       13, 24737739,    60123,    67128,    11979
16985972,       10, 22096471,    61905,    66527,    10392
17936515,       11, 22597229,    61910,    66540,    10922
17921158,       12, 23149771,    61916,    66553,    11463
18434903,       13, 24747141,    61923,    66565,    11979
18443520,       10, 22084367,    60504,    67077,    10392
19458747,       11, 22585698,    60540,    67094,    10922
19426176,       12, 23137364,    60576,    67112,    11463
16432163,       13, 24739613,    60611,    67129,    11979
15947800,       10, 22089959,    61294,    67093,    10392
16980670,       11, 22592595,    61297,    67132,    10922
17940550,       12, 23143715,    61298,    67171,    11463
17949094,       13, 24747854,    61301,    67209,    11979
18953464,       10, 21470757,    61463,    66049,    10392
18922155,       11, 21966936,    61492,    66058,    10922
15963311,       12, 23144831,    61521,    66068,    11463
15983297,       13, 24063726,    61550,    66077,    11979
16425886,       10, 21464014,    60358,    65807,    10392
15929636,       11, 21966363,    60376,    65808,    10922
15936240,       12, 23138190,    60394,    65811,    11463
15940452,       10, 22086828,    60082,    66248,    10392
16453820,       11, 22587817,    60087,    66278,    10922
16466923,       12, 23139051,    60092,    66307,    11463
15966491,       13, 24050704,    60097,    66336,    11979
16937100,       10, 21487779,    63996,    65768,    10392
17426703,       11, 21991903,    64014,    65809,    10922
17461264,       12, 23164819,    64033,    65851,    11463
16964025,       13, 24076509,    64051,    65891,    11979
17476663,       10, 21479614,    62871,    65448,    10392
17921234,       11, 21981449,    62875,    65485,    10922
17444249,       12, 22509258,    62880,    65525,    11463
17934272,       13, 24073120,    62885,    65562,    11979
18427136,       10, 22097165,    63369,    66381,    10392
18941447,       11, 22597577,    63370,    66387,    10922
18920895,       12, 23150060,    63371,    66394,    11463
19428180,       13, 24070676,    63372,    66400,    11979
15975952,       10, 22097083,    63513,    66646,    10392
17450838,       11, 22598969,    63535,    66707,    10922
18060037,       12, 23146775,    63557,    66767,    11463
17975112,       13, 24765015,    63579,    66825,    11979
17933997,       10, 21479371,    63150,    65587,    10392
17962205,       11, 21981435,    63153,    65592,    10922
18475521,       12, 22509043,    63156,    65597,    11463
18924360,       13, 24073037,    63159,    65603,    11979
18943670,       10, 21479616,    62999,    65771,    10392
19482675,       11, 21982272,    63023,    65804,    10922
15420635,       12, 23154538,    63048,    65838,    11463
15936130,       13, 24074889,    63072,    65871,    11979
15940441,       10, 22096565,    61979,    66325,    10392
16932736,       11, 22597088,    61987,    66343,    10922
16945381,       12, 23149658,    61995,    66362,    11463
16448539,       13, 24067313,    62002,    66380,    11979
16973678,       10, 21487494,    64083,    65302,    10392
16939126,       11, 21993470,    64091,    65310,    10922
17945716,       12, 22512138,    64101,    65317,    11463
17953135,       13, 24079573,    64110,    65324,    11979
18432133,       10, 21485851,    65457,    65581,    10392
18473507,       11, 21987342,    65457,    65597,    10922
18490104,       12, 22512770,    65458,    65614,    11463
19419996,       13, 24087278,    65458,    65630,    11979
18947984,       10, 21489837,    64093,    65909,    10392
18966218,       11, 21992243,    64103,    65923,    10922
19456340,       12, 23158352,    64113,    65938,    11463
15937431,       13, 24076627,    64122,    65952,    11979
15944132,       10, 22112614,    64606,    66396,    10392
15966749,       11, 22613384,    64638,    66435,    10922
15970212,       12, 23161331,    64672,    66474,    11463
16932645,       13, 24071314,    64704,    66511,    11979
16967432,       10, 21498986,    65860,    65984,    10392
16967834,       11, 22000544,    65894,    66019,    10922
16476762,       12, 23175496,    65927,    66055,    11463
17460649,       10, 22109275,    64123,    66943,    10392
18450876,       11, 22610431,    64134,    67007,    10922
18466096,       12, 23163702,    64145,    67071,    11463
18453301,       13, 24761531,    64156,    67132,    11979
18929689,       10, 21499003,    66049,    66186,    10392
18938873,       11, 22614227,    66091,    66191,    10922
18944012,       12, 23171769,    66134,    66197,    11463
19444690,       10, 21484716,    64953,    65307,    10392
18949621,       11, 21986552,    64983,    65317,    10922
15433540,       12, 22512519,    65013,    65328,    11463
15970260,       13, 24083387,    65041,    65340,    11979
16917073,       10, 21485777,    65199,    65720,    10392
16435451,       11, 21984696,    65200,    65729,    10922
16452178,       12, 22512524,    65200,    65738,    11463
16939042,       13, 24085390,    65201,    65747,    11979
17431444,       10, 21499248,    67661,    65886,    10392
17958830,       11, 22001185,    67705,    65922,    10922
18584227,       12, 23184797,    67752,    65957,    11463
18951420,       13, 24097601,    67796,    65991,    11979
19962423,       10, 21507559,    67878,    65459,    10392
15983450,       11, 22009417,    67918,    65466,    10922
15971899,       12, 22538130,    67958,    65474,    11463
16956720,       13, 24092983,    67995,    65480,    11979
17426882,       10, 21497620,    66367,    65556,    10392
18461799,       11, 21999616,    66411,    65590,    10922
18431963,       12, 22528745,    66457,    65624,    11463
18462696,       13, 24083873,    66499,    65657,    11979
18980075,       10, 21496239,    66585,    65767,    10392
16460690,       11, 21995110,    66636,    65797,    10922
16986754,       12, 23167652,    66688,    65827,    11463
19077684,       13, 24085853,    66737,    65855,    11979
15973571,       10, 21495807,    66744,    65733,    10392
18969781,       11, 21995072,    66767,    65739,    10922
16930949,       12, 23167639,    66790,    65746,    11463
17963041,       13, 24085765,    66813,    65752,    11979
19601699,       10, 21508189,    69088,    65685,    10392
16443834,       11, 22010096,    69121,    65688,    10922
