Vector Track Size:      954

55878214,        0, 55878214,    58634,    57844,    36858
55938066,        1, 57498325,    58663,    57845,    37392
55951155,        2, 59494034,    58691,    57847,    37912
55991808,        3, 60340569,    58720,    57847,    38433
56023505,        4, 63516536,    58749,    57850,    38957
56027019,        0, 55938066,    61809,    56855,    36858
56042092,        1, 57563323,    61816,    56858,    37392
56044859,        2, 59558247,    61823,    56860,    37912
56088706,        3, 58410622,    61832,    56862,    38433
57741557,        0, 55951155,    63073,    57433,    36858
57767657,        1, 57557563,    63080,    57436,    37392
57770223,        2, 59572094,    63087,    57438,    37912
57788639,        3, 60416565,    63093,    57440,    38433
57793056,        4, 63591865,    63100,    57442,    38957
57807972,        0, 55991808,    67164,    57784,    36858
57815787,        1, 57636611,    67169,    57795,    37392
57818043,        2, 59635016,    67175,    57805,    37912
57845681,        3, 60486353,    67181,    57815,    38433
57847601,        4, 63680012,    67188,    57826,    38957
57868691,        1, 57661636,    68920,    57863,    37392
57899881,        2, 59668434,    68922,    57867,    37912
57908939,        3, 60517881,    68924,    57871,    38433
57909295,        4, 63712765,    68927,    57873,    38957
57941191,        0, 56027019,    69238,    56843,    36858
57945745,        0, 56042092,    70499,    56967,    36858
57953984,        1, 57695693,    70506,    56972,    37392
57958943,        2, 59669607,    70514,    56977,    37912
59653608,        3, 60555056,    70521,    56982,    38433
59658689,        4, 63700877,    70529,    56988,    38957
59669282,        0, 56044859,    70417,    57460,    36858
59669332,        1, 57697427,    70428,    57470,    37392
59675252,        2, 59664356,    70438,    57481,    37912
59676073,        3, 60545141,    70448,    57492,    38433
59684210,        4, 63707826,    70459,    57502,    38957
59690744,        0, 56088706,    73115,    57911,    36858
59693891,        1, 57717588,    73119,    57932,    37392
59712694,        2, 59705517,    73121,    57953,    37912
59715018,        3, 60561547,    73126,    57975,    38433
59728656,        0, 57741557,    58813,    58202,    36858
59732766,        1, 59443970,    58815,    58203,    37392
59743029,        2, 59527423,    58817,    58205,    37912
59746038,        3, 60364275,    58820,    58206,    38433
59762580,        4, 63542276,    58822,    58207,    38957
59765353,        2, 61379080,    60638,    59702,    37912
59776912,        0, 57770223,    60722,    58279,    36858
59796744,        1, 59485572,    60772,    58294,    37392
59803816,        2, 59536731,    60821,    58309,    37912
59821424,        3, 60397130,    60870,    58324,    38433
59825973,        4, 63590308,    60920,    58339,    38957
59828426,        0, 57788639,    61031,    58403,    36858
59831272,        1, 59485069,    61036,    58423,    37392
59831624,        2, 59546222,    61040,    58443,    37912
59841684,        3, 60397011,    61044,    58463,    38433
59848014,        4, 65483220,    61049,    58484,    38957
59867673,        0, 57793056,    61290,    58936,    36858
59867960,        1, 59475061,    61318,    58965,    37392
59868129,        2, 61398835,    61345,    58994,    37912
59868631,        3, 62346237,    61372,    59023,    38433
61531311,        4, 65490809,    61399,    59052,    38957
61534302,        0, 57807972,    63239,    58984,    36858
61537351,        1, 59503432,    63287,    59006,    37392
61611169,        2, 61445720,    63333,    59028,    37912
61615824,        3, 62375488,    63380,    59050,    38433
61620208,        4, 65540710,    63427,    59073,    38957
61625886,        0, 57815787,    62932,    59577,    36858
61637394,        1, 59494072,    62947,    59582,    37392
61651369,        2, 61432603,    62961,    59589,    37912
61653761,        3, 62381419,    62976,    59594,    38433
61653855,        4, 65526477,    62992,    59599,    38957
61658561,        0, 57818043,    62552,    58493,    36858
61660482,        1, 59514266,    62562,    58502,    37392
61665699,        2, 59547336,    62572,    58511,    37912
61668935,        3, 60427746,    62582,    58520,    38433
61675374,        4, 65486058,    62591,    58528,    38957
61683509,        0, 57845681,    64667,    58384,    36858
61690753,        1, 59524544,    64672,    58392,    37392
61692718,        2, 59575290,    64677,    58401,    37912
61695624,        3, 60436198,    64682,    58409,    38433
61697401,        4, 63606418,    64687,    58417,    38957
61711688,        0, 57847601,    64730,    60015,    36858
61713134,        1, 59526443,    64757,    60053,    37392
61715773,        2, 61464618,    64784,    60089,    37912
61717647,        3, 62410492,    64812,    60126,    38433
61743398,        4, 65558152,    64839,    60163,    38957
61745145,        0, 57868691,    65763,    59057,    36858
61765203,        1, 59565214,    65776,    59078,    37392
61771422,        2, 61453693,    65790,    59098,    37912
61773973,        3, 62452144,    65802,    59118,    38433
63420608,        4, 65573212,    65814,    59138,    38957
63420776,        0, 57899881,    67684,    58311,    36858
63422248,        1, 59601025,    67715,    58335,    37392
63428541,        2, 59621931,    67745,    58357,    37912
63442849,        3, 60522483,    67776,    58380,    38433
63449215,        4, 63666134,    67806,    58403,    38957
63450879,        0, 57908939,    70518,    59642,    36858
63465212,        1, 59628385,    70528,    59657,    37392
63498790,        2, 61519265,    70537,    59672,    37912
63502262,        3, 62519524,    70547,    59686,    38433
63519318,        4, 65620356,    70557,    59701,    38957
63524056,        0, 57909295,    70486,    59729,    36858
63564793,        1, 59628869,    70523,    59742,    37392
63577028,        2, 61519875,    70559,    59756,    37912
63587673,        3, 62519909,    70595,    59769,    38433
63590528,        4, 65620174,    70632,    59783,    38957
63595815,        3, 60559826,    71739,    58091,    38433
63600116,        4, 63742014,    71773,    58091,    38957
63601163,        0, 57945745,    73455,    59711,    36858
63602296,        1, 59639172,    73486,    59733,    37392
63605474,        0, 57953984,    72581,    59142,    36858
63605646,        1, 59653927,    72591,    59174,    37392
63623961,        4, 65647969,    72620,    59267,    38957
63625804,        0, 57958943,    72835,    58386,    36858
63630182,        1, 59658993,    72838,    58397,    37392
63630966,        2, 59714476,    72840,    58406,    37912
63630978,        3, 60583978,    72843,    58418,    38433
63630990,        4, 63761726,    72845,    58428,    38957
63634180,        0, 59653608,    58212,    61448,    36858
63636114,        1, 61411999,    58215,    61452,    37392
63636588,        2, 63234585,    58218,    61455,    37912
63638676,        3, 64338598,    58220,    61459,    38433
65278161,        4, 67417938,    58223,    61463,    38957
65310909,        0, 59658689,    58197,    61746,    36858
65322735,        1, 61415974,    58219,    61774,    37392
65336946,        2, 63252368,    58240,    61801,    37912
65341121,        3, 64339491,    58261,    61828,    38433
65341411,        4, 67429710,    58282,    61855,    38957
65351816,        0, 59669282,    60286,    61113,    36858
65355118,        1, 61455167,    60301,    61179,    37392
65355330,        2, 63276989,    60316,    61243,    37912
65357486,        3, 64379537,    60330,    61307,    38433
65375794,        4, 67448953,    60346,    61372,    38957
65378496,        0, 59669332,    60037,    60777,    36858
65398213,        1, 61427038,    60052,    60807,    37392
65398430,        2, 63279778,    60066,    60835,    37912
65404313,        3, 64377708,    60083,    60867,    38433
65420921,        4, 67443465,    60101,    60901,    38957
65428320,        1, 61440082,    61077,    60233,    37392
65429653,        2, 61395234,    61098,    60236,    37912
65451707,        3, 62358881,    61119,    60239,    38433
65463813,        4, 65487031,    61140,    60242,    38957
65466698,        0, 59676073,    61477,    60429,    36858
65493009,        1, 61434282,    61505,    60483,    37392
65496580,        2, 61418910,    61532,    60536,    37912
65500043,        3, 62369727,    61560,    60590,    38433
65521060,        0, 59684210,    60417,    61469,    36858
65521227,        1, 61455188,    60469,    61501,    37392
65521448,        2, 63277329,    60520,    61530,    37912
65522842,        3, 64385759,    60571,    61561,    38433
67159374,        0, 59690744,    60863,    61561,    36858
67189414,        1, 61450435,    60884,    61584,    37392
67207561,        2, 63295855,    60903,    61606,    37912
67214288,        3, 64385314,    60923,    61628,    38433
67214319,        4, 67489010,    60942,    61651,    38957
67214414,        0, 59693891,    60822,    61261,    36858
67218696,        0, 59712694,    62097,    61995,    36858
67220236,        1, 61483826,    62115,    62011,    37392
67222590,        2, 63321733,    62132,    62026,    37912
67235739,        3, 64431866,    62150,    62041,    38433
67236346,        4, 67495037,    62168,    62057,    38957
67236604,        0, 59715018,    62077,    61471,    36858
67264738,        1, 61481705,    62108,    61529,    37392
67269498,        2, 63307057,    62139,    61586,    37912
67275166,        3, 64417604,    62171,    61643,    38433
67287456,        4, 67499462,    62202,    61700,    38957
67288119,        0, 59728656,    65439,    60613,    36858
67296723,        1, 61492933,    65494,    60669,    37392
67313480,        2, 63367851,    65548,    60723,    37912
67314176,        3, 62456360,    65600,    60777,    38433
67316761,        4, 67544321,    65653,    60832,    38957
67345822,        0, 59732766,    65172,    60313,    36858
67349423,        1, 61491532,    65217,    60320,    37392
67350772,        2, 61471586,    65260,    60328,    37912
67359562,        3, 62400118,    65304,    60336,    38433
67362714,        4, 65571319,    65348,    60344,    38957
67368370,        0, 59743029,    65223,    61190,    36858
67370472,        1, 61504617,    65233,    61226,    37392
68990416,        2, 63365282,    65242,    61261,    37912
69018996,        3, 64439374,    65251,    61297,    38433
69019843,        4, 67546775,    65261,    61332,    38957
69032370,        0, 59746038,    65265,    61539,    36858
69039693,        1, 61504951,    65280,    61559,    37392
69054293,        2, 63364974,    65294,    61580,    37912
69054366,        3, 64441411,    65308,    61600,    38433
69055490,        4, 67567949,    65322,    61621,    38957
69063937,        0, 59762580,    66400,    60556,    36858
69070775,        1, 61524654,    66418,    60606,    37392
69081952,        2, 61456054,    66436,    60656,    37912
69091681,        3, 62433090,    66453,    60707,    38433
69098787,        4, 67538856,    66470,    60758,    38957
69109077,        0, 59765353,    66408,    60666,    36858
69109835,        1, 61520295,    66411,    60686,    37392
69115216,        2, 63355637,    66415,    60705,    37912
69130629,        3, 62438174,    66418,    60725,    38433
69137474,        4, 67537986,    66422,    60744,    38957
69140680,        0, 59776912,    65585,    61868,    36858
69156449,        1, 61540430,    65591,    61873,    37392
69158519,        2, 63381767,    65598,    61878,    37912
69159950,        3, 64498752,    65605,    61883,    38433
69160279,        4, 67567481,    65612,    61887,    38957
69165982,        1, 61595886,    69560,    60998,    37392
69168634,        2, 63417393,    69577,    61001,    37912
69169622,        3, 64539545,    69595,    61002,    38433
69171457,        4, 67603534,    69614,    61004,    38957
69177195,        0, 59803816,    68746,    61521,    36858
69185293,        1, 61566995,    68792,    61591,    37392
69185299,        2, 63423148,    68839,    61661,    37912
69192672,        3, 64514974,    68884,    61729,    38433
69192932,        4, 67635479,    68930,    61800,    38957
69205553,        0, 59821424,    71317,    60520,    36858
69211195,        1, 61588357,    71322,    60559,    37392
69223139,        2, 61541040,    71329,    60597,    37912
69223836,        3, 62495048,    71335,    60636,    38433
69225749,        4, 67642057,    71341,    60674,    38957
69229570,        0, 59825973,    71177,    60963,    36858
69239735,        1, 61584119,    71256,    61024,    37392
69245958,        2, 63448220,    71331,    61083,    37912
70875973,        3, 64540348,    71407,    61142,    38433
70877014,        4, 67637340,    71484,    61202,    38957
70882867,        0, 59828426,    70866,    60055,    36858
70885647,        1, 59632560,    70870,    60080,    37392
70887114,        2, 61534594,    70874,    60105,    37912
70899976,        3, 62509918,    70878,    60129,    38433
70916292,        0, 59831272,    70094,    61389,    36858
70929652,        1, 61598267,    70096,    61419,    37392
70930904,        2, 63424768,    70098,    61448,    37912
70932087,        3, 64540636,    70100,    61477,    38433
70932425,        4, 67632506,    70102,    61507,    38957
70933042,        0, 59831624,    70622,    61132,    36858
70934905,        1, 61608276,    70683,    61149,    37392
70935067,        2, 63412421,    70742,    61166,    37912
70935107,        3, 64543878,    70801,    61184,    38433
70937383,        4, 67651307,    70861,    61202,    38957
70937400,        0, 59841684,    71198,    61414,    36858
70946817,        1, 61601076,    71203,    61485,    37392
70954250,        2, 63443606,    71209,    61554,    37912
70957950,        3, 64538453,    71213,    61623,    38433
70958386,        0, 59848014,    73396,    60710,    36858
70974020,        1, 61613205,    73431,    60724,    37392
70986479,        2, 63485289,    73465,    60738,    37912
70988113,        3, 62524083,    73499,    60752,    38433
70995901,        0, 59867673,    73231,    61738,    36858
71010535,        1, 61632399,    73273,    61758,    37392
71026642,        2, 63498130,    73315,    61775,    37912
71027329,        3, 64568863,    73357,    61790,    38433
71031459,        4, 67697064,    73399,    61806,    38957
71032657,        0, 59867960,    72333,    61685,    36858
71034176,        1, 61633780,    72343,    61692,    37392
71057506,        2, 63468671,    72352,    61699,    37912
71059121,        3, 64578402,    72360,    61704,    38433
71069284,        4, 67665771,    72369,    61710,    38957
71084517,        0, 59868129,    72863,    61491,    36858
71085065,        1, 61637781,    72870,    61526,    37392
71088000,        2, 63471915,    72877,    61561,    37912
71088066,        3, 64578477,    72883,    61596,    38433
71088213,        0, 59868631,    72353,    61809,    36858
71089799,        1, 61634271,    72376,    61875,    37392
71091576,        2, 63469687,    72398,    61940,    37912
61469850,        3, 64578569,    72419,    62005,    38433
63401405,        4, 67659918,    72442,    62070,    38957
65228473,        0, 61531311,    57029,    62339,    36858
65360576,        1, 63327039,    57032,    62343,    37392
65368467,        2, 63256646,    57034,    62348,    37912
69246789,        3, 64330573,    57037,    62352,    38433
71104371,        4, 67428272,    57039,    62357,    38957
73035942,        0, 61534302,    56989,    62983,    36858
61559883,        1, 63334773,    56989,    62999,    37392
59753970,        2, 65162883,    56990,    63015,    37912
61749906,        3, 66323260,    56991,    63031,    38433
69167400,        4, 69430106,    56991,    63046,    38957
69177206,        0, 61537351,    57444,    62142,    36858
57763282,        1, 63344908,    57451,    62163,    37392
59682706,        2, 63254346,    57458,    62183,    37912
63567565,        3, 64333146,    57464,    62204,    38433
65421316,        4, 67424198,    57472,    62223,    38957
67299125,        0, 61611169,    61781,    63568,    36858
71099663,        1, 63411041,    61819,    63597,    37392
69234197,        2, 65208522,    61856,    63624,    37912
70971830,        3, 66405380,    61892,    63651,    38433
71059072,        4, 69484894,    61929,    63679,    38957
59487121,        0, 61615824,    63291,    62292,    36858
61583568,        1, 63414763,    63314,    62307,    37392
65440030,        2, 63346019,    63336,    62322,    37912
67229238,        3, 64423678,    63358,    62336,    38433
69203057,        4, 67529465,    63381,    62351,    38957
69151500,        0, 61620208,    61892,    62604,    36858
57798677,        1, 63419368,    61895,    62610,    37392
59804731,        2, 63320617,    61897,    62616,    37912
69121841,        3, 64425793,    61900,    62620,    38433
63604033,        4, 69486738,    61903,    62625,    38957
65479243,        0, 61625886,    62972,    62944,    36858
71005345,        1, 63424118,    62975,    62950,    37392
70976823,        2, 65227691,    62977,    62955,    37912
69149404,        4, 69504920,    62982,    62966,    38957
61604842,        0, 61637394,    61565,    64049,    36858
71079112,        1, 63424955,    61587,    64054,    37392
61641381,        2, 65211095,    61608,    64059,    37912
70928337,        3, 66392603,    61629,    64064,    38433
70909968,        4, 69489081,    61649,    64068,    38957
71087416,        0, 61651369,    65067,    62838,    36858
61564093,        2, 65267694,    65091,    62876,    37912
67289294,        3, 64452092,    65104,    62895,    38433
55881903,        4, 69555575,    65115,    62914,    38957
67298906,        0, 61653761,    64761,    62960,    36858
65510599,        1, 63447660,    64795,    62996,    37392
67217322,        2, 65260816,    64828,    63031,    37912
69192591,        3, 66423170,    64862,    63066,    38433
69130038,        4, 69542378,    64896,    63101,    38957
69186505,        0, 61653855,    64131,    62759,    36858
57858347,        1, 63466696,    64147,    62804,    37392
57901345,        2, 65224147,    64163,    62848,    37912
63534973,        3, 64464814,    64178,    62892,    38433
63573404,        4, 69506909,    64194,    62936,    38957
65312662,        0, 61658561,    64096,    62352,    36858
63426659,        1, 63462151,    64101,    62358,    37392
65507730,        2, 63346655,    64105,    62365,    37912
67258012,        3, 64462095,    64109,    62372,    38433
67365878,        4, 67529499,    64114,    62379,    38957
55878684,        0, 61660482,    64227,    63793,    36858
59726282,        1, 63464016,    64233,    63810,    37392
61767973,        2, 65221092,    64238,    63827,    37912
63390591,        3, 66439862,    64243,    63844,    38433
63500855,        4, 69497314,    64249,    63862,    38957
63513012,        0, 61665699,    66811,    63231,    36858
65415991,        1, 63469911,    66867,    63279,    37392
70953861,        2, 65285765,    66923,    63327,    37912
61648429,        3, 66478017,    66978,    63375,    38433
63527640,        4, 69570056,    67034,    63423,    38957
69016794,        0, 61668935,    66820,    63786,    36858
59747604,        1, 63473770,    66848,    63799,    37392
61660774,        2, 65289519,    66876,    63812,    37912
65364458,        4, 69574701,    66932,    63838,    38957
65447348,        0, 61675374,    67477,    62779,    36858
67312423,        1, 63481863,    67539,    62852,    37392
69227011,        2, 65281727,    67600,    62924,    37912
69129936,        3, 66502837,    67660,    62995,    38433
71014431,        4, 69566121,    67722,    63066,    38957
71049176,        0, 61683509,    65839,    63944,    36858
57748014,        1, 63489795,    65869,    63961,    37392
57842900,        2, 65246825,    65897,    63978,    37912
61459770,        3, 66464707,    65925,    63996,    38433
61711695,        4, 69530502,    65952,    64014,    38957
59814571,        0, 61690753,    66504,    62444,    36858
59839966,        1, 63476236,    66562,    62458,    37392
63593454,        2, 63374782,    66619,    62473,    37912
65318117,        3, 64490648,    66676,    62487,    38433
67202696,        4, 69538573,    66734,    62501,    38957
69000775,        0, 61692718,    68785,    63473,    36858
69034523,        1, 63513376,    68789,    63476,    37392
69051983,        2, 65311055,    68793,    63479,    37912
56004494,        3, 66508462,    68797,    63482,    38433
59651965,        0, 61695624,    68877,    62174,    36858
59839906,        1, 63517446,    68989,    62233,    37392
61594383,        2, 63434183,    69099,    62291,    37912
61608116,        3, 64531537,    69210,    62349,    38433
63512885,        4, 67620773,    69320,    62406,    38957
65375414,        0, 61697401,    68471,    63590,    36858
67262867,        1, 63500536,    68485,    63631,    37392
67304591,        2, 65287289,    68499,    63670,    37912
69063822,        3, 66492104,    68512,    63709,    38433
57776055,        4, 69576366,    68526,    63748,    38957
57821626,        0, 61711688,    67865,    62106,    36858
57862727,        1, 63515618,    67887,    62130,    37392
61557199,        2, 63402578,    67911,    62150,    37912
59745637,        3, 64521077,    67933,    62172,    38433
61534725,        4, 67591023,    67955,    62194,    38957
63514960,        1, 63516762,    69177,    62224,    37392
61700439,        3, 64530382,    69178,    62238,    38433
65284311,        4, 67625781,    69178,    62244,    38957
63385373,        0, 61715773,    67658,    63724,    36858
66410670,        1, 63520878,    67707,    63770,    37392
67216346,        2, 65275522,    67754,    63815,    37912
63620103,        4, 69558518,    67849,    63907,    38957
67227636,        0, 61717647,    69454,    62539,    36858
67370303,        1, 63494582,    69481,    62555,    37392
69115603,        2, 63428129,    69508,    62571,    37912
69184806,        3, 64565979,    69534,    62587,    38433
71060457,        4, 69590091,    69560,    62603,    38957
69245126,        0, 61743398,    70897,    63659,    36858
70948761,        1, 63548044,    70947,    63744,    37392
57824418,        2, 65327883,    70996,    63827,    37912
56029949,        3, 66529664,    71044,    63909,    38433
61477598,        4, 69619881,    71092,    63992,    38957
59758888,        0, 61745145,    69654,    63614,    36858
59815968,        1, 63531381,    69698,    63687,    37392
65453262,        2, 65309893,    69741,    63757,    37912
63605550,        3, 66526710,    69784,    63827,    38433
63593264,        4, 69588533,    69827,    63899,    38957
61755550,        0, 61765203,    73085,    62898,    36858
65440244,        1, 63566758,    73125,    62931,    37392
70878726,        2, 65361346,    73164,    62963,    37912
69091877,        3, 66546106,    73202,    62995,    38433
69119969,        4, 69657000,    73241,    63027,    38957
71070659,        0, 61771422,    72789,    63615,    36858
70883182,        1, 63574939,    72811,    63625,    37392
69182870,        2, 65364114,    72834,    63634,    37912
55947423,        3, 66557225,    72856,    63643,    38433
57821989,        4, 69648137,    72879,    63652,    38957
59680276,        0, 61773973,    73159,    62514,    36858
59796637,        1, 63564005,    73227,    62533,    37392
57896479,        2, 63496700,    73294,    62553,    37912
61679867,        3, 64588356,    73360,    62571,    38433
61724354,        4, 69669141,    73427,    62589,    38957
61704564,        0, 63420608,    58842,    64520,    36858
61700328,        1, 65251243,    58855,    64555,    37392
61708442,        2, 65188447,    58867,    64590,    37912
63516232,        3, 66356228,    58880,    64623,    38433
65347451,        4, 71378175,    58892,    64658,    38957
65342226,        0, 63420776,    58829,    64519,    36858
67315714,        1, 65250874,    58854,    64539,    37392
67348460,        2, 65188504,    58879,    64560,    37912
67307322,        3, 66355787,    58904,    64580,    38433
67293347,        4, 71377875,    58929,    64601,    38957
67205360,        0, 63422248,    58916,    65154,    36858
69210947,        1, 65253565,    58926,    65207,    37392
57489991,        2, 67008066,    58935,    65258,    37912
55878254,        3, 68302269,    58944,    65309,    38433
57772060,        4, 71398431,    58953,    65361,    38957
59818202,        0, 63428541,    58074,    64274,    36858
61586297,        1, 65235833,    58096,    64294,    37392
59810039,        2, 65142359,    58117,    64314,    37912
59840769,        0, 63442849,    58035,    64969,    36858
61566132,        1, 65232684,    58051,    64978,    37392
61660632,        2, 66961681,    58067,    64988,    37912
63506060,        3, 68286199,    58082,    64996,    38433
61678964,        4, 71338784,    58097,    65006,    38957
67260493,        0, 63449215,    60207,    64685,    36858
65432347,        1, 65261544,    60247,    64709,    37392
65496182,        2, 66998524,    60285,    64731,    37912
67326921,        3, 66381531,    60322,    64754,    38433
69016079,        4, 71378991,    60361,    64776,    38957
65376279,        0, 63450879,    60231,    65071,    36858
67252190,        1, 65265190,    60240,    65074,    37392
67294024,        2, 67009075,    60249,    65076,    37912
69007620,        3, 68324201,    60257,    65079,    38433
69040825,        4, 71392581,    60266,    65081,    38957
69092179,        0, 63465212,    61403,    66006,    36858
72966506,        1, 65260510,    61424,    66014,    37392
59673062,        2, 67028068,    61445,    66021,    37912
57784662,        3, 68323268,    61465,    66028,    38433
59708902,        4, 71400411,    61486,    66036,    38957
57860954,        0, 63498790,    62404,    64558,    36858
59660540,        1, 65309233,    62417,    64594,    37392
59652134,        2, 65209974,    62430,    64629,    37912
59717950,        3, 66415644,    62442,    64665,    38433
63569482,        4, 71416949,    62455,    64699,    38957
61706791,        0, 63502262,    61590,    64184,    36858
59835600,        1, 65297388,    61601,    64232,    37392
67180901,        2, 65215222,    61612,    64279,    37912
67339315,        3, 66398837,    61623,    64325,    38433
67372846,        4, 69483503,    61634,    64371,    38957
65479183,        0, 63519318,    64489,    64061,    36858
71033706,        1, 63448884,    64538,    64086,    37392
69129624,        2, 65220929,    64585,    64109,    37912
71010467,        3, 66421089,    64634,    64132,    38433
71060653,        4, 69503401,    64682,    64156,    38957
69220738,        0, 63524056,    64581,    65695,    36858
70976565,        1, 65337576,    64591,    65704,    37392
57911578,        2, 67052479,    64601,    65712,    37912
57767497,        3, 68374453,    64611,    65720,    38433
57922654,        4, 71447582,    64621,    65728,    38957
59656491,        0, 63564793,    68722,    64653,    36858
59683530,        1, 65400055,    68746,    64693,    37392
59706898,        2, 67140867,    68770,    64732,    37912
61546935,        4, 71542737,    68818,    64811,    38957
61531792,        0, 63577028,    69527,    65475,    36858
61741117,        1, 65391580,    69529,    65489,    37392
63490593,        2, 67135485,    69531,    65501,    37912
63568961,        3, 68492264,    69532,    65514,    38433
65382447,        4, 71537160,    69534,    65528,    38957
65380906,        1, 65404787,    67680,    65074,    37392
65438014,        2, 67105850,    67681,    65082,    37912
67235771,        3, 68443832,    67683,    65089,    38433
69065293,        4, 71502609,    67684,    65097,    38957
57764787,        0, 63590528,    69941,    65869,    36858
57922475,        1, 65406342,    69982,    65877,    37392
59649368,        2, 67145855,    70022,    65886,    37912
59782530,        3, 68471676,    70062,    65893,    38433
63401750,        4, 71548320,    70102,    65902,    38957
63566769,        0, 63595815,    70147,    64969,    36858
65338953,        1, 65413462,    70158,    64984,    37392
67292386,        2, 67153414,    70170,    64999,    37912
65523109,        3, 68474910,    70182,    65013,    38433
65279135,        4, 71556355,    70194,    65028,    38957
67282349,        0, 63600116,    70311,    65414,    36858
69112958,        1, 65424014,    70401,    65453,    37392
69155606,        2, 67155879,    70489,    65492,    37912
70883354,        3, 68487640,    70576,    65529,    38433
69067056,        4, 71559597,    70664,    65568,    38957
55913266,        0, 63601163,    69669,    64335,    36858
59703450,        1, 65416647,    69710,    64382,    37392
59740281,        2, 65305114,    69751,    64428,    37912
61722673,        3, 66518825,    69791,    64472,    38433
61754931,        4, 71539913,    69831,    64518,    38957
63456933,        0, 63602296,    71068,    64378,    36858
65481484,        1, 65421045,    71108,    64388,    37392
67339266,        2, 65332369,    71146,    64398,    37912
71000156,        3, 66514423,    71184,    64408,    38433
70942242,        4, 69634030,    71223,    64418,    38957
57689745,        0, 63605474,    71374,    65139,    36858
63380266,        1, 65415703,    71381,    65151,    37392
63509063,        2, 67163124,    71388,    65162,    37912
63527067,        3, 68475635,    71395,    65174,    38433
63638592,        4, 71567478,    71401,    65185,    38957
67173354,        0, 63605646,    71422,    65496,    36858
67198961,        1, 65420327,    71432,    65515,    37392
67359432,        2, 67166002,    71441,    65533,    37912
69096974,        3, 68470388,    71450,    65551,    38433
70891447,        4, 71570953,    71459,    65570,    38957
72913159,        0, 63623961,    72218,    64687,    36858
57830165,        1, 65455871,    72222,    64730,    37392
61545633,        2, 67173656,    72225,    64771,    37912
63489893,        3, 66564157,    72229,    64810,    38433
61733859,        4, 71586992,    72232,    64852,    38957
61773634,        0, 63625804,    73277,    64683,    36858
65507518,        1, 65439188,    73284,    64689,    37392
69183676,        2, 67200070,    73291,    64694,    37912
71125379,        4, 71607223,    73306,    64705,    38957
71166978,        0, 63630182,    72150,    64140,    36858
70847115,        1, 65448929,    72166,    64207,    37392
72858030,        3, 66560114,    72197,    64338,    38433
57936193,        4, 69637387,    72213,    64403,    38957
59650987,        0, 63630966,    73356,    64100,    36858
57745531,        1, 65444815,    73398,    64110,    37392
59704926,        2, 65369922,    73439,    64120,    37912
59699007,        3, 66544015,    73480,    64129,    38433
63508096,        0, 63630978,    73412,    64306,    36858
61650114,        1, 65445150,    73465,    64389,    37392
63556065,        0, 63630990,    73310,    64166,    36858
61651351,        1, 65445279,    73318,    64261,    37392
63479582,        2, 65374722,    73327,    64353,    37912
65322247,        3, 66544103,    73335,    64446,    38433
65430883,        4, 71607939,    73344,    64538,    38957
72962334,        0, 63634180,    73214,    64285,    36858
69156119,        1, 65444995,    73238,    64290,    37392
71074317,        2, 65357852,    73263,    64295,    37912
70976367,        3, 66544007,    73286,    64300,    38433
71041104,        4, 69653365,    73310,    64306,    38957
57786967,        0, 63636114,    72765,    65343,    36858
57883932,        1, 65450630,    72768,    65369,    37392
59674319,        2, 67192641,    72772,    65395,    37912
59739725,        3, 68514617,    72776,    65420,    38433
57925561,        4, 71573377,    72779,    65446,    38957
59663711,        0, 63636588,    72975,    65463,    36858
61690890,        1, 65447310,    73045,    65489,    37392
61773816,        2, 67192957,    73114,    65515,    37912
63565078,        3, 68498228,    73183,    65539,    38433
65370018,        4, 71599856,    73252,    65564,    38957
65399322,        0, 63638676,    73094,    65644,    36858
67223442,        1, 65436523,    73134,    65666,    37392
67238319,        2, 67192678,    73175,    65688,    37912
67271382,        3, 68501011,    73215,    65709,    38433
67323692,        4, 71605116,    73256,    65730,    38957
69071652,        0, 65278161,    57145,    66199,    36858
55951025,        1, 67153291,    57150,    66210,    37392
59825097,        2, 66974786,    57154,    66220,    37912
63540922,        3, 68263809,    57157,    66229,    38433
65448217,        4, 71354066,    57161,    66240,    38957
70953665,        0, 65310909,    58778,    66409,    36858
55886562,        1, 67184115,    58789,    66471,    37392
59686910,        2, 67004390,    58801,    66532,    37912
59753721,        3, 68298444,    58812,    66593,    38433
63417875,        4, 73343582,    58824,    66655,    38957
63446286,        0, 65322735,    58107,    67159,    36858
65385397,        1, 67158419,    58128,    67202,    37392
67295218,        2, 68819180,    58149,    67243,    37912
69129938,        3, 70265560,    58170,    67284,    38433
57917298,        4, 73283197,    58191,    67326,    38957
57868669,        0, 65336946,    59981,    67548,    36858
59818539,        1, 67191397,    59988,    67606,    37392
59734886,        2, 68858152,    59995,    67663,    37912
61565174,        3, 70290641,    60002,    67721,    38433
61613767,        4, 73318108,    60009,    67779,    38957
63564959,        0, 65341121,    60586,    66683,    36858
63445621,        1, 67203242,    60591,    66691,    37392
63642633,        2, 68864040,    60596,    66698,    37912
65420443,        3, 68330051,    60601,    66706,    38433
67243324,        4, 73341095,    60606,    66713,    38957
67340050,        0, 65341411,    60299,    66612,    36858
67374558,        1, 67203463,    60331,    66681,    37392
69051951,        2, 68864065,    60361,    66746,    37912
69100754,        3, 68330023,    60392,    66811,    38433
69129740,        4, 73341463,    60424,    66877,    38957
69129307,        0, 65351816,    61357,    66963,    36858
69151899,        1, 67189826,    61386,    66970,    37392
69163528,        2, 68874173,    61416,    66977,    37912
69244374,        3, 70300670,    61445,    66983,    38433
57720410,        4, 73357529,    61474,    66990,    38957
61631489,        0, 65355118,    60974,    67477,    36858
63547831,        1, 67209688,    61000,    67519,    37392
65281428,        3, 70307225,    61051,    67600,    38433
63529011,        0, 65355330,    61118,    67697,    36858
67242765,        1, 67205864,    61134,    67755,    37392
67226591,        2, 68868222,    61150,    67811,    37912
69109995,        3, 70292729,    61166,    67867,    38433
69061110,        4, 73350001,    61181,    67923,    38957
71049808,        0, 65357486,    59649,    67660,    36858
57940669,        1, 67190659,    59683,    67671,    37392
59737197,        2, 68839964,    59712,    67681,    37912
59682498,        3, 70290595,    59744,    67690,    38433
63453682,        4, 73317649,    59775,    67699,    38957
67156918,        0, 65375794,    62193,    67906,    36858
65490990,        1, 67233689,    62209,    67914,    37392
67372891,        2, 68889884,    62226,    67922,    37912
67309107,        3, 70341829,    62242,    67930,    38433
67332538,        4, 73370546,    62259,    67938,    38957
69226758,        0, 65378496,    62497,    66759,    36858
70906300,        1, 67231224,    62524,    66848,    37392
57904188,        2, 68877196,    62549,    66935,    37912
59840934,        3, 70348231,    62576,    67023,    38433
65317761,        4, 73359425,    62602,    67109,    38957
67280395,        0, 65398213,    63758,    66505,    36858
65457114,        1, 67270569,    63811,    66533,    37392
69112591,        2, 67064095,    63861,    66560,    37912
69071306,        3, 68392178,    63911,    66587,    38433
71026848,        4, 73402917,    63963,    66614,    38957
71022959,        0, 65398430,    63801,    66283,    36858
57745397,        1, 67270897,    63882,    66352,    37392
57918518,        2, 67065140,    63960,    66418,    37912
59684011,        3, 68389773,    64039,    66485,    38433
61670990,        4, 73404195,    64118,    66551,    38957
59855328,        0, 65404313,    65063,    67836,    36858
61555362,        1, 67253076,    65136,    67932,    37392
65370354,        2, 68946337,    65207,    68025,    37912
63523852,        3, 70351067,    65279,    68119,    38433
63532666,        4, 73429514,    65351,    68213,    38957
63616313,        0, 65420921,    67278,    67558,    36858
67231901,        1, 67294087,    67347,    67575,    37392
67123103,        2, 68951716,    67414,    67590,    37912
57750237,        3, 70424331,    67480,    67606,    38433
57788284,        4, 73442469,    67547,    67622,    38957
57856353,        0, 65428320,    67138,    67746,    36858
63433604,        1, 67289909,    67183,    67783,    37392
67202147,        2, 68967986,    67228,    67818,    37912
65457449,        3, 70403880,    67273,    67854,    38433
70895464,        4, 73466589,    67318,    67889,    38957
69067024,        0, 65429653,    67490,    67745,    36858
70963120,        1, 67289990,    67522,    67780,    37392
71051998,        2, 68951830,    67553,    67814,    37912
57818147,        3, 70431240,    67585,    67848,    38433
57847092,        4, 73445750,    67617,    67881,    38957
61656024,        0, 65451707,    68599,    67621,    36858
61764920,        1, 67304763,    68675,    67723,    37392
65412354,        2, 68970131,    68750,    67824,    37912
67217721,        3, 70433387,    68824,    67924,    38433
69079651,        4, 73498254,    68899,    68024,    38957
67244927,        4, 73475769,    69395,    68034,    38957
67307888,        0, 65466698,    69326,    67076,    36858
69160346,        1, 67320175,    69341,    67082,    37392
71094833,        2, 68983527,    69355,    67088,    37912
70944552,        3, 70439027,    69369,    67093,    38433
57884071,        4, 73481674,    69382,    67099,    38957
56072937,        0, 65493009,    69878,    66886,    36858
59640590,        1, 67330385,    69931,    66940,    37392
57847825,        2, 69000777,    69982,    66993,    37912
59837266,        3, 70449221,    70031,    67044,    38433
61593823,        4, 73485612,    70080,    67097,    38957
63573472,        0, 65496580,    71376,    67312,    36858
63600921,        1, 67333017,    71381,    67315,    37392
63426531,        2, 69015211,    71386,    67319,    37912
63524801,        3, 70451579,    71392,    67323,    38433
63516458,        4, 73503697,    71397,    67326,    38957
63605299,        0, 65500043,    71365,    66255,    36858
63626566,        2, 67159429,    71444,    66275,    37912
65335934,        3, 68504831,    71483,    66285,    38433
65388429,        4, 71563411,    71523,    66294,    38957
67259821,        0, 65521060,    72718,    67655,    36858
65442209,        1, 67381262,    72726,    67664,    37392
65523808,        2, 69006921,    72734,    67672,    37912
67163443,        3, 70483964,    72743,    67680,    38433
67177340,        4, 73505912,    72751,    67688,    38957
67182350,        0, 65521227,    73187,    67830,    36858
69024168,        1, 67372376,    73222,    67881,    37392
69038616,        2, 69034260,    73257,    67930,    37912
56030987,        3, 70471431,    73291,    67979,    38433
56017396,        4, 73556788,    73325,    68028,    38957
59684282,        0, 65521448,    72654,    67821,    36858
59700930,        1, 67375866,    72666,    67853,    37392
63469516,        2, 69007282,    72677,    67885,    37912
63417566,        4, 73509648,    72699,    67948,    38957
63571198,        0, 65522842,    73048,    67129,    36858
65396359,        1, 67361104,    73052,    67141,    37392
65470371,        2, 69041492,    73055,    67153,    37912
67195962,        3, 70477917,    73059,    67165,    38433
69100560,        4, 73544279,    73062,    67177,    38957
57738771,        0, 67159374,    59005,    70028,    36858
57795655,        1, 69072498,    59010,    70065,    37392
61459745,        2, 70660651,    59015,    70102,    37912
57893416,        3, 72223999,    59019,    70140,    38433
57880737,        4, 75239336,    59025,    70177,    38957
59860204,        0, 67189414,    60599,    68905,    36858
61638359,        1, 69104499,    60627,    68913,    37392
63571801,        2, 70665009,    60652,    68921,    37912
63398669,        0, 67207561,    61487,    68714,    36858
63397631,        1, 69090853,    61533,    68719,    37392
65423854,        2, 70687452,    61578,    68723,    37912
63506342,        3, 70334661,    61623,    68728,    38433
65473332,        4, 75276045,    61668,    68732,    38957
65457007,        0, 67214288,    61838,    68128,    36858
65417789,        1, 69110476,    61843,    68138,    37392
65491108,        2, 68890176,    61846,    68147,    37912
67329155,        3, 70324815,    61851,    68156,    38433
69058873,        4, 73365162,    61855,    68165,    38957
67210884,        0, 67214319,    62212,    68555,    36858
70909991,        1, 69128417,    62234,    68575,    37392
69049392,        2, 68885240,    62255,    68593,    37912
70953519,        3, 70339356,    62276,    68612,    38433
71002078,        4, 75275688,    62297,    68632,    38957
56083170,        0, 67214414,    61724,    68282,    36858
56092388,        1, 69110676,    61764,    68325,    37392
57753378,        2, 68885381,    61802,    68367,    37912
57878329,        4, 75269885,    61880,    68452,    38957
57862589,        0, 67218696,    63401,    70039,    36858
61477089,        1, 71019598,    63438,    70135,    37392
59864107,        2, 70718463,    63473,    70227,    37912
61632986,        3, 72311948,    63510,    70320,    38433
63518440,        4, 75308648,    63547,    70414,    38957
65444731,        0, 67220236,    61816,    68929,    36858
67252527,        2, 70693540,    61879,    69050,    37912
65433676,        3, 72291295,    61911,    69109,    38433
65455921,        0, 67222590,    62054,    68080,    36858
67163480,        1, 69122170,    62100,    68120,    37392
69054898,        2, 68890170,    62144,    68159,    37912
69192505,        4, 73365518,    62237,    68236,    38957
69245983,        0, 67235739,    62646,    68643,    36858
71008278,        1, 69131852,    62696,    68655,    37392
57822310,        2, 70684980,    62745,    68667,    37912
57849939,        3, 70339300,    62795,    68678,    38433
59707021,        4, 75287151,    62844,    68690,    38957
59871477,        0, 67236346,    62903,    68609,    36858
61620870,        1, 69111926,    62914,    68627,    37392
61703933,        2, 68907453,    62924,    68644,    37912
63396303,        3, 70335408,    62934,    68661,    38433
61588098,        4, 75287506,    62945,    68678,    38957
63589442,        0, 67236604,    62622,    68642,    36858
65351895,        1, 69131711,    62642,    68667,    37392
65368600,        2, 70678055,    62661,    68692,    37912
63585809,        3, 70339497,    62681,    68716,    38433
65284924,        4, 75259285,    62700,    68742,    38957
67220953,        0, 67264738,    64191,    68709,    36858
67312365,        1, 69162429,    64269,    68732,    37392
67234259,        2, 70704453,    64346,    68750,    37912
69117704,        3, 70371435,    64422,    68768,    38433
67266335,        4, 75289358,    64499,    68788,    38957
67313352,        0, 67269498,    67175,    68265,    36858
55921327,        2, 68972302,    67252,    68315,    37912
56062970,        3, 70405626,    67289,    68340,    38433
59653100,        4, 73458454,    67327,    68365,    38957
59715578,        0, 67275166,    67236,    69007,    36858
59834054,        1, 69177271,    67238,    69012,    37392
61767771,        2, 70770017,    67240,    69016,    37912
61759158,        3, 72339957,    67241,    69020,    38433
61708996,        4, 75369235,    67243,    69025,    38957
61704188,        0, 67287456,    65845,    68424,    36858
61688434,        1, 69182077,    65849,    68437,    37392
63640909,        2, 68941330,    65853,    68449,    37912
65374892,        3, 70407376,    65856,    68462,    38433
63559561,        4, 75321976,    65860,    68474,    38957
63577113,        0, 67288119,    66190,    68272,    36858
65377766,        1, 69167044,    66249,    68341,    37392
69050477,        2, 68931632,    66307,    68409,    37912
67261153,        3, 70387461,    66365,    68477,    38433
70894427,        4, 75315998,    66422,    68544,    38957
69112944,        0, 67296723,    68935,    68322,    36858
69235419,        1, 69209817,    68958,    68412,    37392
57714823,        2, 68991977,    68980,    68500,    37912
57738444,        3, 70430204,    69001,    68588,    38433
57858388,        4, 75393636,    69022,    68678,    38957
59619864,        0, 67313480,    69539,    69792,    36858
61758442,        1, 69244027,    69575,    69830,    37392
61680072,        2, 70787538,    69611,    69867,    37912
63465153,        3, 72396132,    69647,    69903,    38433
63624326,        4, 75372642,    69682,    69939,    38957
65348841,        0, 67314176,    67622,    69720,    36858
63476234,        1, 69205199,    67629,    69766,    37392
67217385,        2, 70762561,    67637,    69811,    37912
67328365,        3, 72367443,    67645,    69856,    38433
67336180,        4, 75344156,    67653,    69902,    38957
69155708,        0, 67316761,    68129,    68824,    36858
70985742,        2, 70755783,    68137,    68829,    37912
57748487,        3, 70423104,    68141,    68831,    38433
59728497,        4, 75346331,    68144,    68833,    38957
59794228,        0, 67345822,    69878,    68684,    36858
59625364,        3, 70455058,    69878,    68697,    38433
59663571,        4, 75375180,    69879,    68701,    38957
59838387,        0, 67349423,    73382,    69756,    36858
63457727,        1, 69246474,    73436,    69781,    37392
61639875,        2, 70846978,    73488,    69805,    37912
61638611,        0, 67350772,    72107,    68225,    36858
61764823,        1, 69266413,    72202,    68268,    37392
65406052,        2, 69022552,    72295,    68309,    37912
65336172,        4, 73522915,    72479,    68392,    38957
67193259,        2, 70824713,    71832,    69156,    37912
67221858,        0, 67362714,    73272,    68908,    36858
65415853,        1, 69255463,    73289,    68911,    37392
63478449,        2, 70833852,    73306,    68915,    37912
67236804,        3, 70483209,    73322,    68919,    38433
65437925,        4, 75455029,    73338,    68922,    38957
65462229,        0, 67368370,    73258,    68476,    36858
65444790,        1, 69249992,    73273,    68504,    37392
67275698,        2, 69048364,    73288,    68532,    37912
67350906,        3, 70474376,    73303,    68560,    38433
69045182,        4, 75447991,    73317,    68588,    38957
67273133,        0, 67370472,    72925,    69898,    36858
69169666,        1, 69252653,    72975,    69918,    37392
69170094,        4, 75433522,    73123,    69976,    38957
69042855,        0, 68990416,    57447,    70668,    36858
69059501,        2, 72450139,    57453,    70683,    37912
56073013,        3, 72235236,    57456,    70690,    38433
57743849,        4, 77109909,    57459,    70697,    38957
61505701,        0, 69018996,    58728,    70213,    36858
61673516,        1, 70970321,    58760,    70253,    37392
65309999,        2, 70660368,    58792,    70291,    37912
63503888,        3, 72228182,    58822,    70329,    38433
63626691,        4, 75248576,    58855,    70368,    38957
65275683,        0, 69019843,    58538,    70488,    36858
67156463,        1, 70960747,    58543,    70516,    37392
67188648,        2, 70639060,    58548,    70544,    37912
65509304,        3, 72209523,    58553,    70572,    38433
67226935,        4, 77114521,    58558,    70600,    38957
67281041,        0, 69032370,    58973,    71315,    36858
67292963,        1, 70982570,    59003,    71360,    37392
69231871,        2, 72484949,    59031,    71404,    37912
71023077,        3, 74167128,    59059,    71448,    38433
57952376,        4, 77168633,    59088,    71492,    38957
57765026,        0, 69039693,    57683,    71923,    36858
57815094,        1, 70977377,    57699,    71972,    37392
57849505,        0, 69054293,    59904,    70813,    36858
59684246,        1, 70986587,    59935,    70877,    37392
61538609,        2, 72482818,    59964,    70940,    37912
61698179,        3, 74190618,    59995,    71003,    38433
61713066,        4, 77149271,    60025,    71066,    38957
63478304,        0, 69054366,    59820,    70863,    36858
65370044,        1, 70986392,    59839,    70951,    37392
63521670,        2, 72480190,    59850,    71037,    37912
63640761,        3, 74192437,    59862,    71125,    38433
65374871,        4, 77136906,    59874,    71212,    38957
67193745,        0, 69055490,    61294,    70963,    36858
67273179,        1, 70988759,    61309,    70971,    37392
67365090,        2, 72509533,    61324,    70979,    37912
69067080,        3, 74191268,    61339,    70988,    38433
69171041,        4, 77169976,    61353,    70996,    38957
71024839,        0, 69063937,    60123,    71879,    36858
71054335,        1, 71000612,    60133,    71969,    37392
57805814,        2, 72501835,    60143,    72057,    37912
59818438,        3, 74204809,    60153,    72145,    38433
57944150,        4, 77161384,    60164,    72234,    38957
61658893,        0, 69070775,    61469,    71062,    36858
59754427,        1, 70988762,    61480,    71080,    37392
61695530,        2, 72510375,    61490,    71098,    37912
59796489,        3, 74222798,    61500,    71115,    38433
63459708,        4, 77169999,    61510,    71133,    38957
61665318,        0, 69081952,    63498,    70413,    36858
63459993,        1, 71021651,    63500,    70414,    37392
65442112,        3, 72311870,    63502,    70418,    38433
63521819,        4, 77215980,    63502,    70420,    38957
68983689,        0, 69091681,    61814,    71272,    36858
67176500,        1, 71030187,    61823,    71289,    37392
67189821,        2, 72514904,    61831,    71305,    37912
67216286,        3, 74222361,    61839,    71321,    38433
70847197,        4, 77181291,    61847,    71338,    38957
70882521,        0, 69098787,    63282,    71730,    36858
69182853,        1, 71034810,    63321,    71743,    37392
55913482,        2, 72559156,    63359,    71755,    37912
61634930,        3, 74219025,    63397,    71767,    38433
61562749,        4, 77228565,    63436,    71779,    38957
61568322,        1, 71086827,    65612,    70123,    37392
63448732,        2, 70745514,    65653,    70143,    37912
63445814,        3, 72340623,    65696,    70164,    38433
65453084,        4, 75334502,    65738,    70185,    38957
67176378,        0, 69109835,    64017,    70431,    36858
67331087,        1, 71051822,    64038,    70458,    37392
70878918,        2, 70722115,    64059,    70484,    37912
69094661,        3, 72319232,    64080,    70510,    38433
70985895,        4, 77216108,    64101,    70537,    38957
69241222,        0, 69115216,    64249,    70659,    36858
70914478,        1, 71051754,    64299,    70686,    37392
55948061,        2, 72538723,    64348,    70712,    37912
59675985,        3, 72303319,    64398,    70738,    38433
57830243,        4, 77208959,    64447,    70765,    38957
59693113,        0, 69130629,    64199,    71191,    36858
59709142,        1, 71071306,    64206,    71306,    37392
61619791,        2, 72536875,    64212,    71417,    37912
59855171,        3, 74259357,    64219,    71528,    38433
61632811,        4, 77220979,    64225,    71639,    38957
