Vector Track Size:     1115

39092079,        0, 39092079,    61862,    62497,    26356
41485754,        1, 39401359,    61865,    62502,    26874
41487612,        2, 39629897,    61867,    62507,    27396
41487768,        3, 45396851,    61869,    62512,    27916
41496697,        4, 46708935,    61871,    62516,    28414
41501354,        0, 41485754,    65136,    65950,    26356
41502165,        1, 40584177,    65149,    66062,    26874
43874890,        2, 42078598,    65162,    66173,    27396
36699399,        3, 48128069,    65175,    66285,    27916
36700770,        4, 49464640,    65188,    66391,    28414
36711703,        0, 41487612,    64429,    66371,    26356
36713362,        1, 41709855,    64439,    66387,    26874
36720525,        2, 42080421,    64448,    66402,    27396
36726654,        3, 48127815,    64458,    66417,    27916
36739804,        4, 49457987,    64467,    66433,    28414
36743200,        0, 41487768,    64310,    66221,    26356
36744877,        1, 40553709,    64314,    66317,    26874
36751330,        2, 42074659,    64320,    66413,    27396
36755089,        3, 48119272,    64325,    66509,    27916
36762437,        4, 49447756,    64330,    66600,    28414
36767542,        0, 41496697,    67054,    65570,    26356
36774721,        1, 40595264,    67131,    65670,    26874
36791972,        2, 42090099,    67206,    65768,    27396
36792772,        3, 48132402,    67282,    65867,    27916
36798635,        4, 49477620,    67354,    65961,    28414
36802397,        0, 41501354,    67665,    64916,    26356
36806018,        1, 40590550,    67666,    64924,    26874
36807345,        3, 46801799,    67668,    64938,    27916
36820456,        4, 49472697,    67669,    64944,    28414
36831945,        0, 41502165,    66746,    66000,    26356
36842847,        1, 40600316,    66777,    66031,    26874
36844848,        2, 42095340,    66808,    66062,    27396
37867620,        3, 48149067,    66838,    66091,    27916
37868632,        4, 49480424,    66868,    66120,    28414
37872007,        0, 43874890,    69405,    69979,    26356
37872787,        1, 42892022,    69434,    70004,    26874
37886996,        2, 44494758,    69462,    70030,    27396
37888530,        3, 50777461,    69490,    70055,    27916
37893684,        4, 52161418,    69518,    70079,    28414
37894269,        0, 36699399,    58483,    57406,    26356
37895346,        1, 35907071,    58488,    57407,    26874
37897317,        2, 37172123,    58494,    57409,    27396
37897404,        3, 42653941,    58498,    57410,    27916
37901726,        4, 43932200,    58503,    57412,    28414
37905985,        0, 36700770,    58583,    57859,    26356
37906041,        1, 35910580,    58585,    57862,    26874
37912192,        2, 37167038,    58586,    57866,    27396
37913003,        3, 42641134,    58587,    57868,    27916
37916682,        4, 43937417,    58588,    57871,    28414
37920894,        0, 36711703,    59382,    57754,    26356
37928898,        1, 35897420,    59397,    57755,    26874
37930688,        2, 37165075,    59412,    57756,    27396
37930738,        4, 43924753,    59442,    57758,    28414
37932233,        0, 36713362,    59741,    57951,    26356
37936214,        1, 35909305,    59787,    57968,    26874
37938621,        2, 37179609,    59835,    57986,    27396
37938941,        3, 42642132,    59883,    58004,    27916
37941866,        4, 43940190,    59929,    58021,    28414
37946299,        0, 36720525,    60883,    57934,    26356
37951573,        1, 35915870,    60884,    57937,    26874
37952584,        2, 37186190,    60886,    57941,    27396
37963391,        3, 42662644,    60887,    57945,    27916
37965100,        4, 43948391,    60889,    57949,    28414
37966908,        0, 36726654,    60749,    58345,    26356
37968940,        1, 37062165,    60775,    58373,    26874
37970856,        2, 37192934,    60802,    58401,    27396
37975320,        3, 42657579,    60829,    58429,    27916
37975509,        4, 43955730,    60855,    58456,    28414
37983736,        0, 36739804,    63730,    58144,    26356
37983777,        1, 35942868,    63803,    58164,    26874
37995671,        2, 37206950,    63877,    58184,    27396
38000980,        3, 42677012,    63951,    58205,    27916
38009018,        4, 43970713,    64022,    58223,    28414
38010320,        0, 36743200,    62345,    57100,    26356
38012003,        1, 35920857,    62355,    57104,    26874
39051729,        2, 37209816,    62365,    57107,    27396
39070748,        3, 41308242,    62376,    57110,    27916
39076850,        4, 43954969,    62385,    57114,    28414
39088992,        0, 36744877,    62297,    58526,    26356
39094663,        1, 37057658,    62342,    58548,    26874
39094789,        2, 37211488,    62388,    58570,    27396
39097404,        3, 42678315,    62434,    58593,    27916
39104035,        4, 43976519,    62478,    58614,    28414
39107105,        0, 36751330,    62785,    57962,    26356
39107206,        1, 35933407,    62787,    57977,    26874
39108973,        2, 37218260,    62789,    57993,    27396
39111423,        3, 42683543,    62791,    58008,    27916
39113410,        4, 43969287,    62792,    58022,    28414
39119283,        0, 36755089,    65748,    57634,    26356
39132355,        1, 35949564,    65759,    57654,    26874
39138788,        2, 37221299,    65770,    57675,    27396
39139460,        3, 42699523,    65781,    57695,    27916
39143856,        4, 43987689,    65792,    57716,    28414
39152357,        0, 36762437,    66055,    58252,    26356
39156351,        1, 35954210,    66072,    58278,    26874
39157804,        3, 42696152,    66104,    58331,    27916
39158095,        4, 43994337,    66119,    58356,    28414
39159175,        0, 36767542,    64536,    58392,    26356
39161255,        1, 37097634,    64541,    58410,    26874
39162919,        2, 37233408,    64545,    58428,    27396
39163942,        3, 42705274,    64550,    58447,    27916
39170103,        4, 43998686,    64555,    58464,    28414
39172540,        0, 36774721,    67061,    57856,    26356
39173008,        1, 35980425,    67092,    57878,    26874
39174201,        2, 37240196,    67122,    57901,    27396
39174614,        3, 42722181,    67152,    57923,    27916
39185304,        4, 44011009,    67181,    57944,    28414
39195060,        0, 36791972,    68816,    57523,    26356
39206111,        1, 35984360,    68824,    57533,    26874
39206183,        2, 37263493,    68831,    57542,    27396
39206229,        3, 42739783,    68839,    57552,    27916
39207872,        4, 44028904,    68846,    57561,    28414
39213644,        0, 36792772,    68704,    57850,    26356
39215445,        1, 35998782,    68791,    57869,    26874
39215951,        2, 37258823,    68877,    57887,    27396
40245812,        3, 42742027,    68962,    57905,    27916
40249744,        4, 44032096,    69043,    57923,    28414
40266650,        0, 36798635,    68803,    58633,    26356
40270536,        1, 37124397,    68834,    58638,    26874
40276564,        2, 37264360,    68865,    58644,    27396
40276993,        3, 42737751,    68896,    58650,    27916
40278935,        4, 45393388,    68926,    58656,    28414
40285531,        0, 36802397,    69563,    58530,    26356
40287606,        1, 37124720,    69569,    58534,    26874
40297030,        2, 37268608,    69574,    58539,    27396
40302439,        3, 42749545,    69580,    58543,    27916
40303708,        4, 44036199,    69585,    58547,    28414
40304335,        0, 36806018,    69260,    58228,    26356
40308284,        1, 35989841,    69264,    58233,    26874
40309441,        2, 37259679,    69268,    58238,    27396
40311422,        3, 42736221,    69272,    58243,    27916
40311697,        4, 44031313,    69276,    58247,    28414
40311734,        0, 36807345,    68394,    58324,    26356
40312823,        1, 35976246,    68400,    58327,    26874
40321007,        2, 37267669,    68405,    58330,    27396
40332248,        3, 42748509,    68411,    58333,    27916
40334904,        4, 44040022,    68417,    58335,    28414
40336529,        0, 36820456,    71677,    57189,    26356
40340778,        1, 36010880,    71708,    57199,    26874
40341775,        2, 37287023,    71739,    57209,    27396
40345788,        3, 41428034,    71771,    57219,    27916
40349065,        4, 44061177,    71800,    57228,    28414
40353822,        0, 36831945,    73487,    58364,    26356
40355632,        1, 37166954,    73496,    58402,    26874
40356090,        0, 36842847,    73307,    58273,    26356
40363202,        1, 36030481,    73317,    58308,    26874
40367959,        2, 37309817,    73327,    58343,    27396
40377237,        3, 42792131,    73337,    58378,    27916
40387525,        4, 44083455,    73347,    58411,    28414
40391665,        0, 36844848,    73103,    56899,    26356
40393767,        1, 36027949,    73107,    56904,    26874
40396146,        2, 37310947,    73111,    56909,    27396
40397352,        3, 41447198,    73115,    56914,    27916
40397818,        4, 44088952,    73119,    56919,    28414
40398918,        0, 37867620,    58518,    59050,    26356
40398989,        1, 37053808,    58524,    59081,    26874
40400169,        2, 38383769,    58531,    59113,    27396
41398335,        3, 42644416,    58536,    59145,    27916
41399648,        4, 45298898,    58542,    59175,    28414
41401499,        0, 37868632,    58914,    60323,    26356
41402165,        1, 37039575,    58942,    60350,    26874
41404339,        2, 38370682,    58971,    60378,    27396
41418025,        3, 43968520,    59000,    60405,    27916
41421181,        4, 45287522,    59028,    60432,    28414
41429210,        0, 37872007,    59202,    59753,    26356
41435640,        1, 37036676,    59236,    59765,    26874
41438244,        2, 38377058,    59272,    59778,    27396
41439490,        3, 43966619,    59308,    59790,    27916
41456521,        4, 45291688,    59342,    59802,    28414
41457760,        0, 37872787,    58303,    58643,    26356
41457825,        1, 37030714,    58303,    58666,    26874
41465557,        2, 38378222,    58304,    58689,    27396
41477813,        3, 42628042,    58304,    58711,    27916
41477936,        0, 37886996,    60902,    58770,    26356
41478101,        1, 37056529,    60905,    58779,    26874
41479044,        2, 38392401,    60909,    58788,    27396
41482571,        3, 42657648,    60911,    58797,    27916
41483747,        4, 45308779,    60914,    58805,    28414
41490701,        0, 37888530,    61757,    58748,    26356
41497855,        0, 37893684,    60470,    59718,    26356
41504644,        1, 37071277,    60529,    59768,    26874
41506075,        2, 38398887,    60589,    59820,    27396
41506403,        3, 43988580,    60649,    59871,    27916
41515415,        4, 45316007,    60707,    59920,    28414
41515968,        0, 37894269,    61993,    59650,    26356
41518043,        1, 37066084,    61994,    59652,    26874
41518119,        2, 38399616,    61995,    59655,    27396
41520176,        3, 43997305,    61996,    59658,    27916
41521371,        0, 37895346,    61220,    59611,    26356
41527762,        1, 37062642,    61220,    59616,    26874
41530475,        3, 43984041,    61222,    59627,    27916
41536793,        0, 37897317,    61687,    60236,    26356
41537390,        1, 37069191,    61727,    60237,    26874
41539746,        2, 38402486,    61767,    60238,    27396
41541565,        3, 43993358,    61808,    60238,    27916
41541584,        4, 45320059,    61847,    60239,    28414
41542720,        0, 37897404,    61455,    60308,    26356
41548365,        1, 37068994,    61486,    60364,    26874
41549756,        2, 38405679,    61516,    60419,    27396
41553258,        3, 43993831,    61547,    60475,    27916
41559603,        4, 45323576,    61576,    60529,    28414
41560460,        0, 37901726,    60943,    59333,    26356
41561013,        1, 37062988,    60969,    59385,    26874
41561027,        2, 38396669,    60995,    59438,    27396
41561171,        3, 43984803,    61022,    59491,    27916
41564348,        4, 45313314,    61048,    59542,    28414
42582651,        0, 37905985,    62131,    58995,    26356
42602193,        1, 37061798,    62184,    59023,    26874
42606110,        2, 38411260,    62237,    59052,    27396
42607779,        3, 42665186,    62291,    59081,    27916
42608929,        4, 45314843,    62342,    59108,    28414
42612318,        0, 37906041,    62193,    58640,    26356
42612523,        1, 37058008,    62299,    58647,    26874
42617341,        2, 38416678,    62407,    58655,    27396
42617675,        3, 42678353,    62516,    58662,    27916
42618743,        4, 45329800,    62620,    58669,    28414
42621602,        0, 37912192,    62297,    59818,    26356
42622210,        1, 37055713,    62328,    59849,    26874
42622293,        2, 38417412,    62358,    59880,    27396
42622332,        3, 44008698,    62390,    59911,    27916
42627404,        4, 45307601,    62420,    59942,    28414
42629840,        0, 37913003,    63508,    59739,    26356
42629887,        1, 37083431,    63516,    59740,    26874
42630321,        2, 38419462,    63524,    59741,    27396
42631461,        3, 44020710,    63533,    59742,    27916
42631468,        4, 45337909,    63540,    59744,    28414
42631669,        0, 37916682,    63274,    60073,    26356
42632782,        1, 37086794,    63339,    60094,    26874
42639395,        2, 38421497,    63405,    60115,    27396
42639409,        3, 44020269,    63471,    60138,    27916
42641693,        4, 45339713,    63534,    60160,    28414
42642544,        0, 37920894,    63374,    59432,    26356
42645199,        1, 37082648,    63446,    59465,    26874
42645383,        2, 38415732,    63519,    59499,    27396
42651965,        3, 44017721,    63593,    59532,    27916
42653703,        4, 45338583,    63664,    59565,    28414
42657856,        0, 37928898,    65255,    59868,    26356
42658567,        1, 37101211,    65293,    59875,    26874
42662294,        2, 38433406,    65333,    59883,    27396
42667212,        3, 44041977,    65373,    59891,    27916
42667485,        4, 45346372,    65410,    59898,    28414
42669105,        0, 37930688,    65977,    59575,    26356
42672322,        1, 37095061,    66005,    59585,    26874
42672552,        2, 38435280,    66033,    59595,    27396
42685442,        3, 44023602,    66061,    59604,    27916
42686657,        4, 45352865,    66088,    59613,    28414
42688694,        0, 37930738,    66083,    59564,    26356
42688804,        1, 37094671,    66098,    59611,    26874
42690917,        2, 38434099,    66113,    59657,    27396
42703617,        3, 44024334,    66129,    59704,    27916
42703706,        4, 45352763,    66143,    59748,    28414
42706066,        0, 37932233,    64323,    59465,    26356
42707433,        1, 37080936,    64379,    59521,    26874
42709871,        2, 38438455,    64434,    59577,    27396
42709907,        3, 44032026,    64492,    59634,    27916
42712264,        4, 45357537,    64546,    59688,    28414
42717985,        0, 37936214,    64278,    60160,    26356
42720557,        1, 37076868,    64321,    60167,    26874
42740592,        2, 38435763,    64364,    60175,    27396
43764057,        3, 44032741,    64407,    60182,    27916
43766342,        4, 45355963,    64449,    60189,    28414
43777631,        0, 37938621,    65066,    60450,    26356
43779033,        1, 38259911,    65073,    60486,    26874
43779484,        2, 38443404,    65080,    60522,    27396
43782325,        3, 44034443,    65088,    60559,    27916
43783770,        4, 45364821,    65095,    60593,    28414
43786323,        0, 37938941,    64772,    60547,    26356
43788834,        1, 38260100,    64794,    60559,    26874
43790790,        2, 38443474,    64817,    60570,    27396
43791659,        3, 44034905,    64840,    60581,    27916
43793980,        4, 45364797,    64862,    60592,    28414
43795543,        0, 37941866,    67275,    60347,    26356
43795988,        1, 38275770,    67285,    60353,    26874
43811927,        2, 38446956,    67296,    60359,    27396
43813042,        3, 44049463,    67306,    60365,    27916
43819918,        0, 37946299,    66887,    59202,    26356
43823803,        1, 37113433,    66938,    59214,    26874
43828065,        2, 38450910,    66988,    59226,    27396
43831874,        4, 45372395,    67086,    59249,    28414
43837339,        0, 37951573,    66354,    60274,    26356
43837710,        1, 37096742,    66357,    60293,    26874
43841898,        2, 38455665,    66360,    60312,    27396
43842820,        3, 44029752,    66363,    60331,    27916
43845303,        4, 45355010,    66366,    60350,    28414
43850136,        0, 37952584,    67775,    60099,    26356
43851252,        1, 37109893,    67822,    60168,    26874
43855390,        2, 38457286,    67869,    60239,    27396
43856672,        3, 44052980,    67916,    60310,    27916
43860671,        4, 45379746,    67960,    60377,    28414
43866717,        0, 37963391,    68554,    59444,    26356
43867929,        1, 37130205,    68570,    59446,    26874
43870760,        2, 38467387,    68585,    59449,    27396
43876560,        3, 44070020,    68601,    59452,    27916
43883986,        4, 45407137,    68616,    59455,    28414
43889912,        0, 37965100,    68721,    58672,    26356
43891028,        1, 37134597,    68736,    58685,    26874
43892218,        2, 38468785,    68750,    58698,    27396
43892255,        3, 42737511,    68766,    58711,    27916
43895280,        4, 45389010,    68781,    58723,    28414
43898985,        0, 37966908,    69432,    58694,    26356
43901455,        1, 37124873,    69438,    58724,    26874
43901892,        2, 38470569,    69443,    58756,    27396
43903588,        3, 42737630,    69448,    58787,    27916
43907084,        4, 45389068,    69453,    58816,    28414
43912247,        0, 37968940,    69624,    59778,    26356
43913716,        1, 37123530,    69698,    59834,    26874
43915490,        2, 38472662,    69772,    59891,    27396
43915778,        3, 44080901,    69845,    59947,    27916
43917824,        4, 45400032,    69916,    60001,    28414
44930324,        0, 37970856,    69965,    60013,    26356
44944180,        1, 37136726,    69987,    60029,    26874
44944288,        2, 38474281,    70010,    60045,    27396
44944611,        3, 44080699,    70032,    60061,    27916
44949081,        4, 45399745,    70054,    60076,    28414
44955989,        0, 37975320,    68384,    60629,    26356
44961334,        1, 38279216,    68387,    60718,    26874
44962034,        2, 39705934,    68390,    60808,    27396
44963223,        3, 44073617,    68393,    60898,    27916
44964467,        4, 46760479,    68396,    60984,    28414
44966442,        0, 37975509,    69753,    59463,    26356
44968335,        1, 37131334,    69788,    59477,    26874
44969531,        2, 38479428,    69822,    59490,    27396
44971508,        3, 44070268,    69857,    59503,    27916
44974453,        4, 45396979,    69890,    59515,    28414
44974494,        0, 37983736,    70332,    59356,    26356
44976991,        1, 37131279,    70340,    59370,    26874
44979130,        2, 38487339,    70349,    59384,    27396
44979772,        3, 44070253,    70357,    59399,    27916
44982123,        4, 45405578,    70366,    59412,    28414
44983315,        0, 37983777,    70790,    59551,    26356
44984665,        1, 37148765,    70794,    59575,    26874
44985683,        2, 38487455,    70797,    59600,    27396
44985696,        3, 44084963,    70800,    59625,    27916
44987801,        4, 45417039,    70803,    59649,    28414
44990428,        0, 37995671,    72187,    60144,    26356
44990594,        1, 37145584,    72198,    60166,    26874
44994711,        2, 38498751,    72209,    60189,    27396
44995877,        3, 44090652,    72219,    60210,    27916
44996394,        4, 45409909,    72230,    60232,    28414
44996568,        0, 38000980,    72377,    59361,    26356
44999489,        1, 37149507,    72465,    59372,    26874
45009222,        2, 38504730,    72551,    59383,    27396
45009526,        3, 42787045,    72638,    59394,    27916
45011460,        4, 45434432,    72722,    59405,    28414
45011521,        0, 38009018,    72825,    59002,    26356
45026124,        1, 37163466,    72870,    59040,    26874
45031508,        2, 38512556,    72915,    59077,    27396
45035309,        3, 42790719,    72961,    59115,    27916
45040788,        4, 45446566,    73005,    59150,    28414
45043614,        0, 38010320,    72709,    60454,    26356
45045029,        1, 38330793,    72741,    60465,    26874
45045195,        2, 38514030,    72773,    60477,    27396
45050445,        3, 44112013,    72805,    60489,    27916
45052638,        4, 45432359,    72836,    60501,    28414
45054656,        0, 38012003,    72823,    59300,    26356
45056646,        1, 37165661,    72848,    59317,    26874
45057052,        2, 38515073,    72876,    59336,    27396
45058113,        3, 42786965,    72902,    59354,    27916
45065984,        4, 45446521,    72928,    59372,    28414
45068273,        0, 39051729,    57324,    61734,    26356
45068280,        1, 38193469,    57330,    61753,    26874
45069812,        2, 39589903,    57337,    61773,    27396
45072054,        3, 45334875,    57344,    61793,    27916
45084679,        4, 46655824,    57350,    61812,    28414
45084916,        0, 39070748,    59824,    60613,    26356
45086091,        1, 38204976,    59836,    60643,    26874
45088450,        2, 39608757,    59849,    60675,    27396
45090175,        3, 43974428,    59862,    60705,    27916
45090902,        4, 46677536,    59874,    60735,    28414
46074192,        0, 39076850,    59739,    62230,    26356
46075651,        1, 38215723,    59748,    62260,    26874
46078554,        2, 39614713,    59756,    62289,    27396
46094039,        3, 45375759,    59765,    62319,    27916
46116456,        4, 46683965,    59774,    62347,    28414
46117049,        0, 39088992,    61311,    61451,    26356
46123168,        1, 38235129,    61336,    61462,    26874
46123267,        2, 39627176,    61362,    61473,    27396
46131127,        3, 45384894,    61387,    61484,    27916
46131247,        4, 46698324,    61412,    61495,    28414
46134981,        0, 39094663,    61777,    61661,    26356
46135577,        1, 38235821,    61824,    61691,    26874
46138739,        2, 39632721,    61870,    61722,    27396
46141839,        3, 45384209,    61917,    61752,    27916
46148237,        4, 46709983,    61961,    61782,    28414
46154124,        0, 39094789,    61757,    61684,    26356
46157564,        1, 38235267,    61773,    61699,    26874
46166868,        2, 39637462,    61790,    61714,    27396
46169844,        3, 45383929,    61807,    61729,    27916
46169930,        4, 46709622,    61824,    61744,    28414
46177451,        0, 39097404,    61093,    62246,    26356
46178289,        2, 39634749,    61094,    62278,    27396
46178328,        3, 45389993,    61095,    62294,    27916
46180544,        4, 46705307,    61095,    62309,    28414
46183682,        0, 39104035,    62438,    60609,    26356
46186396,        1, 38223082,    62449,    60647,    26874
46187056,        2, 39641742,    62461,    60686,    27396
46194005,        3, 44002611,    62473,    60724,    27916
46201477,        4, 46715768,    62484,    60761,    28414
46201533,        1, 38237316,    63011,    61168,    26874
46202733,        2, 39646388,    63029,    61169,    27396
46203528,        3, 44018873,    63047,    61170,    27916
46204256,        4, 46717371,    63064,    61172,    28414
46211123,        1, 38242599,    63328,    60753,    26874
46215591,        2, 39647873,    63329,    60764,    27396
46225015,        3, 44015356,    63330,    60775,    27916
46227872,        4, 46721409,    63332,    60786,    28414
37093398,        0, 39108973,    62880,    61253,    26356
38305881,        1, 38237234,    62891,    61263,    26874
39379899,        2, 39646110,    62904,    61272,    27396
39408481,        0, 39111423,    63756,    62490,    26356
40616513,        1, 39419453,    63828,    62519,    26874
41783989,        2, 39649044,    63901,    62548,    27396
42852575,        3, 45411759,    63974,    62579,    27916
44026425,        4, 46722380,    64044,    62607,    28414
37919144,        0, 39113410,    63832,    61857,    26356
37979287,        1, 38251407,    63847,    61899,    26874
39207332,        2, 39651132,    63861,    61944,    27396
40336090,        3, 45400681,    63876,    61986,    27916
40361809,        4, 46724658,    63889,    62028,    28414
41467838,        0, 39119283,    62847,    61985,    26356
43791727,        1, 38249535,    62871,    61999,    26874
43911294,        2, 39656480,    62896,    62014,    27396
43786404,        3, 45407022,    62921,    62028,    27916
45054023,        4, 46722978,    62944,    62043,    28414
46202762,        0, 39132355,    65505,    61934,    26356
37047476,        1, 38270533,    65551,    62011,    26874
39086605,        2, 39669757,    65599,    62090,    27396
40293778,        3, 45419385,    65646,    62168,    27916
41556682,        4, 46747220,    65691,    62244,    28414
44959196,        0, 39138788,    64332,    61907,    26356
41534357,        0, 39139460,    65034,    61727,    26356
41446244,        1, 38269414,    65035,    61733,    26874
37932217,        2, 39676312,    65036,    61739,    27396
39199105,        3, 45424708,    65038,    61746,    27916
41446253,        4, 46753108,    65039,    61752,    28414
43816701,        0, 39143856,    67291,    61100,    26356
43879470,        1, 38274480,    67339,    61170,    26874
44986849,        2, 39678180,    67388,    61242,    27396
45005104,        3, 44046887,    67437,    61313,    27916
46123232,        4, 46756002,    67484,    61382,    28414
36683327,        0, 39152357,    67349,    61874,    26356
42646009,        1, 38285533,    67390,    61883,    26874
45039201,        2, 39688837,    67431,    61893,    27396
45079284,        3, 45441916,    67471,    61903,    27916
38194394,        4, 46765764,    67510,    61913,    28414
39215222,        0, 39156351,    67965,    62063,    26356
39130820,        1, 38288137,    68002,    62120,    26874
40355035,        2, 39692456,    68041,    62177,    27396
41545986,        3, 45450686,    68079,    62234,    27916
42744649,        4, 46770630,    68114,    62289,    28414
43757633,        0, 39157804,    67519,    61846,    26356
36820440,        1, 38285506,    67538,    61852,    26874
37927288,        2, 39688624,    67558,    61859,    27396
39147732,        3, 45442003,    67577,    61868,    27916
42695742,        4, 46766601,    67596,    61876,    28414
44994350,        0, 39158095,    67688,    61925,    26356
43866450,        1, 38285529,    67699,    61967,    26874
46112667,        2, 39694352,    67710,    62009,    27396
45067012,        3, 45442271,    67721,    62051,    27916
37869768,        4, 46767934,    67732,    62091,    28414
36751164,        0, 39159175,    66159,    61624,    26356
36837053,        1, 38265631,    66242,    61734,    26874
37883989,        2, 39695332,    66327,    61845,    27396
37921195,        3, 45449292,    66411,    61954,    27916
40401576,        4, 46769017,    66492,    62059,    28414
42592839,        0, 39161255,    69232,    61399,    26356
43903398,        1, 38302174,    69324,    61413,    26874
42713373,        2, 39703789,    69418,    61427,    27396
43804326,        3, 45465282,    69511,    61441,    27916
44475711,        4, 46775584,    69601,    61454,    28414
46100775,        0, 39162919,    69168,    60698,    26356
37923831,        1, 38294730,    69187,    60753,    26874
37934128,        2, 39698847,    69206,    60809,    27396
39082016,        3, 44062789,    69224,    60864,    27916
39126546,        4, 46778224,    69242,    60917,    28414
38296589,        0, 39163942,    69195,    60948,    26356
40354793,        1, 38292248,    69213,    60952,    26874
42582022,        2, 39699734,    69232,    60956,    27396
43766270,        3, 44062619,    69250,    60960,    27916
43839166,        4, 46777914,    69267,    60963,    28414
44981505,        0, 39170103,    69467,    60786,    26356
45018768,        1, 38294571,    69522,    60801,    26874
45023768,        2, 39701137,    69576,    60817,    27396
46094866,        3, 44074760,    69630,    60833,    27916
44976932,        0, 39172540,    69193,    62010,    26356
36701282,        1, 38303480,    69206,    62025,    26874
39066601,        2, 39707391,    69218,    62040,    27396
39154431,        3, 45463332,    69231,    62055,    27916
39203743,        4, 46789224,    69243,    62070,    28414
39182270,        0, 39173008,    68686,    61851,    26356
40248151,        1, 38304829,    68768,    61913,    26874
41437032,        2, 39707973,    68850,    61977,    27396
41522211,        4, 46789693,    69008,    62100,    28414
41681047,        0, 39174201,    68904,    62260,    26356
42715435,        1, 38300904,    68931,    62273,    26874
43862249,        2, 39709335,    68958,    62286,    27396
45052622,        3, 45462916,    68984,    62300,    27916
36705694,        4, 46789165,    69010,    62313,    28414
36794124,        0, 39174614,    68793,    62151,    26356
39092741,        1, 38300977,    68833,    62222,    26874
41417635,        2, 39709697,    68874,    62295,    27396
40302285,        3, 45463440,    68914,    62366,    27916
36815725,        4, 46786184,    68953,    62434,    28414
41490426,        0, 39185304,    70998,    60974,    26356
41507363,        1, 38310443,    71019,    60980,    26874
43889384,        2, 39721715,    71041,    60987,    27396
36696305,        3, 44083319,    71063,    60994,    27916
37893365,        4, 46800534,    71083,    60999,    28414
39065029,        0, 39195060,    71759,    62194,    26356
39165691,        1, 38325616,    71827,    62211,    26874
40383194,        2, 39729707,    71894,    62228,    27396
40621179,        4, 46813699,    72025,    62261,    28414
43811348,        0, 39206111,    73099,    61532,    26356
42723128,        1, 38344615,    73140,    61620,    26874
42639533,        2, 39742154,    73182,    61708,    27396
43866123,        3, 45513473,    73223,    61797,    27916
44941530,        4, 46837292,    73263,    61882,    28414
37080970,        0, 39206183,    73227,    61497,    26356
37884831,        1, 38345063,    73265,    61584,    26874
40239900,        2, 39742425,    73306,    61670,    27396
41463612,        3, 45513315,    73347,    61758,    27916
42663326,        4, 46837282,    73387,    61843,    28414
42717756,        0, 39206229,    73048,    61479,    26356
43874679,        1, 38344691,    73143,    61482,    26874
43896761,        2, 39742306,    73239,    61483,    27396
43887141,        3, 45516497,    73336,    61487,    27916
42729157,        4, 46827152,    73427,    61489,    28414
45008071,        0, 39207872,    72355,    62655,    26356
36689148,        1, 39483894,    72406,    62734,    26874
36753033,        2, 40952049,    72458,    62814,    27396
36774199,        3, 45520988,    72508,    62893,    27916
37875061,        4, 48192343,    72557,    62968,    28414
37897510,        0, 39213644,    73139,    62284,    26356
39071921,        1, 39507093,    73147,    62373,    26874
39071915,        2, 39749522,    73155,    62463,    27396
41466193,        3, 45525731,    73162,    62554,    27916
41459990,        4, 48200356,    73170,    62639,    28414
43804323,        0, 39215445,    73029,    61890,    26356
46105394,        1, 38342441,    73038,    61894,    26874
36691397,        2, 39751717,    73047,    61899,    27396
37928206,        3, 45513307,    73056,    61903,    27916
40381775,        4, 46836995,    73065,    61907,    28414
41418076,        0, 39215951,    72688,    61886,    26356
40290441,        1, 38340549,    72750,    61942,    26874
41565245,        2, 39751261,    72814,    61996,    27396
42670841,        3, 45514550,    72877,    62050,    27916
42629576,        4, 46834799,    72937,    62103,    28414
36682853,        1, 39362153,    58041,    63312,    26874
40274288,        2, 40811431,    58061,    63315,    27396
40281055,        3, 46714647,    58081,    63318,    27916
40284511,        4, 48042353,    58100,    63322,    28414
40353523,        0, 40249744,    57775,    62664,    26356
41519139,        1, 39357518,    57791,    62679,    26874
41492896,        2, 40815801,    57808,    62694,    27396
42744835,        3, 45348995,    57824,    62710,    27916
43914038,        4, 48026996,    57841,    62724,    28414
36700998,        0, 40266650,    58118,    63840,    26356
36713020,        1, 39367107,    58128,    63924,    26874
36732599,        2, 40814369,    58137,    64010,    27396
38195851,        3, 46710303,    58147,    64096,    27916
38277584,        4, 48040235,    58156,    64178,    28414
39197349,        0, 40270536,    59422,    64211,    26356
39053228,        1, 39374373,    59462,    64233,    26874
39137279,        2, 40836112,    59502,    64256,    27396
41546537,        3, 46732113,    59542,    64278,    27916
41541300,        4, 48049257,    59581,    64301,    28414
43799654,        0, 40276564,    61940,    63612,    26356
43837007,        1, 39400028,    61967,    63626,    26874
42916536,        2, 40849784,    61995,    63640,    27396
43911834,        3, 46747589,    62022,    63654,    27916
45040775,        4, 48077691,    62048,    63667,    28414
44991874,        0, 40276993,    60772,    62678,    26356
46127882,        1, 39394584,    60773,    62707,    26874
45017438,        2, 40842547,    60773,    62736,    27396
36719527,        3, 45392886,    60774,    62765,    27916
36842822,        4, 48068999,    60774,    62792,    28414
36844451,        0, 40278935,    60150,    64219,    26356
37871243,        1, 39381035,    60156,    64235,    26874
36720544,        2, 40844333,    60161,    64252,    27396
39061404,        3, 46732649,    60167,    64269,    27916
39070775,        4, 48061872,    60173,    64285,    28414
39093295,        0, 40285531,    61492,    63294,    26356
37962715,        1, 39398493,    61495,    63336,    26874
40267317,        2, 40851001,    61498,    63378,    27396
40296308,        3, 46754067,    61501,    63420,    27916
41398072,        4, 48077556,    61504,    63460,    28414
41400079,        0, 40287606,    61183,    63905,    26356
40272058,        1, 39391852,    61202,    63915,    26874
41433126,        2, 40852758,    61220,    63925,    27396
40336497,        3, 46750774,    61239,    63935,    27916
42638081,        4, 48066568,    61258,    63945,    28414
41473155,        0, 40297030,    62476,    64132,    26356
41531314,        1, 39393688,    62486,    64145,    26874
42695776,        2, 40861800,    62497,    64157,    27396
42626653,        3, 46768089,    62508,    64170,    27916
42694748,        4, 48090068,    62517,    64182,    28414
42698717,        0, 40302439,    63511,    63598,    26356
43845034,        1, 39418256,    63557,    63621,    26874
45054967,        2, 40867045,    63603,    63643,    27396
45013903,        3, 46776993,    63649,    63665,    27916
37890315,        4, 48097528,    63693,    63685,    28414
37944978,        0, 40303708,    62578,    63411,    26356
39193453,        1, 39413455,    62591,    63419,    26874
40401533,        2, 40866236,    62604,    63428,    27396
41445246,        3, 46761595,    62618,    63438,    27916
41496746,        4, 48094868,    62629,    63445,    28414
41533884,        0, 40304335,    62612,    63607,    26356
42623920,        1, 39406297,    62659,    63705,    26874
42690328,        2, 40870909,    62706,    63804,    27396
43828422,        3, 46765754,    62753,    63904,    27916
43844829,        4, 48086773,    62797,    63999,    28414
43799660,        1, 39409330,    62680,    64110,    26874
44970914,        2, 40873025,    62687,    64147,    27396
44961457,        3, 46768325,    62694,    64184,    27916
45023482,        4, 48090330,    62700,    64219,    28414
36686969,        0, 40309441,    62934,    62920,    26356
37932573,        1, 39422157,    62967,    62934,    26874
39058303,        2, 40874692,    62999,    62947,    27396
39069107,        3, 45414804,    63031,    62961,    27916
40272650,        4, 48104372,    63063,    62975,    28414
41443382,        0, 40311422,    65661,    64009,    26356
42624445,        1, 39425630,    65670,    64020,    26874
42620129,        2, 40876275,    65679,    64031,    27396
41725799,        3, 46784482,    65687,    64042,    27916
42692778,        4, 48106109,    65695,    64053,    28414
44984258,        0, 40311697,    65203,    63674,    26356
45015166,        1, 39435726,    65234,    63689,    26874
45074483,        2, 40876245,    65264,    63704,    27396
45017375,        3, 46783052,    65295,    63719,    27916
41478850,        4, 48119852,    65323,    63734,    28414
40382052,        0, 40311734,    65156,    63880,    26356
43917457,        1, 39438509,    65182,    63889,    26874
45021669,        2, 40876829,    65207,    63897,    27396
43833087,        3, 46797557,    65233,    63906,    27916
43824548,        4, 48119948,    65259,    63914,    28414
35922149,        0, 40312823,    65428,    62728,    26356
39115519,        1, 39426582,    65438,    62736,    26874
39136247,        2, 40877503,    65448,    62744,    27396
38344771,        3, 45433630,    65458,    62752,    27916
40317330,        4, 48107286,    65468,    62760,    28414
41559124,        0, 40321007,    64098,    64202,    26356
42694340,        1, 39415317,    64114,    64274,    26874
43995948,        2, 40863164,    64130,    64347,    27396
46185763,        3, 46760517,    64147,    64419,    27916
45213803,        4, 48091683,    64162,    64488,    28414
36691472,        0, 40332248,    67485,    62733,    26356
36739627,        1, 39445100,    67529,    62759,    26874
35973013,        2, 40897496,    67573,    62785,    27396
37066332,        3, 45455468,    67617,    62810,    27916
39386104,        0, 40334904,    66786,    63040,    26356
40329695,        1, 39447609,    66793,    63059,    26874
41712361,        2, 40899581,    66800,    63078,    27396
42662884,        3, 45456296,    66806,    63097,    27916
42899070,        4, 48144304,    66813,    63115,    28414
44995588,        0, 40336529,    67492,    63508,    26356
45620240,        1, 39442028,    67557,    63548,    26874
44009311,        2, 40901530,    67622,    63588,    27396
46091816,        3, 46804004,    67687,    63628,    27916
45197387,        4, 48127532,    67750,    63667,    28414
37212502,        0, 40340778,    66474,    63992,    26356
37978365,        1, 39455426,    66572,    64057,    26874
39151563,        2, 40905753,    66670,    64122,    27396
40317744,        3, 46806901,    66769,    64187,    27916
40397865,        4, 48142333,    66862,    64249,    28414
42744793,        0, 40341775,    67799,    64014,    26356
43791209,        1, 39444178,    67842,    64102,    26874
44470046,        2, 40906638,    67884,    64191,    27396
43874768,        3, 46808020,    67927,    64279,    27916
43874648,        4, 48130269,    67967,    64364,    28414
44947105,        0, 40345788,    67763,    63248,    26356
44974936,        1, 39446601,    67771,    63252,    26874
44997336,        2, 40910566,    67778,    63256,    27396
45040791,        3, 45452583,    67786,    63260,    27916
43905363,        4, 48130861,    67793,    63264,    28414
46123485,        0, 40349065,    69115,    63743,    26356
46153697,        1, 39458455,    69132,    63760,    26874
36744846,        2, 40913140,    69150,    63777,    27396
39067756,        3, 46823345,    69168,    63795,    27916
39125168,        4, 48146254,    69185,    63812,    28414
41442325,        0, 40353822,    68632,    63313,    26356
40278808,        1, 39466026,    68663,    63343,    26874
41396416,        2, 40918044,    68694,    63374,    27396
41447834,        3, 46820323,    68724,    63404,    27916
42674435,        4, 48154402,    68753,    63432,    28414
44968854,        0, 40355632,    68848,    63417,    26356
43813145,        1, 39459283,    68887,    63461,    26874
43847085,        2, 40919694,    68927,    63505,    27396
43872398,        3, 46820447,    68967,    63549,    27916
46138606,        4, 48153194,    69005,    63591,    28414
36838513,        0, 40356090,    68524,    64637,    26356
37912435,        1, 40614080,    68610,    64675,    26874
37901255,        2, 42110341,    68695,    64713,    27396
37910447,        4, 49498579,    68864,    64787,    28414
41460187,        0, 40363202,    69735,    64176,    26356
41478016,        1, 39468484,    69762,    64186,    26874
43830165,        2, 40924574,    69790,    64196,    27396
44967606,        3, 46827361,    69818,    64206,    27916
52019636,        0, 40367959,    70289,    64181,    26356
37891149,        1, 39472837,    70326,    64191,    26874
39048723,        2, 40931999,    70365,    64201,    27396
39085227,        3, 46857295,    70403,    64212,    27916
39172060,        4, 48145417,    70440,    64222,    28414
39207669,        0, 40377237,    71856,    63668,    26356
41453513,        1, 39488679,    71872,    63674,    26874
43882904,        3, 46855623,    71902,    63687,    27916
43881341,        4, 48177215,    71917,    63692,    28414
46201127,        0, 40387525,    73379,    64057,    26356
36788589,        1, 39507914,    73388,    64064,    26874
39081979,        2, 40961317,    73399,    64072,    27396
40264034,        3, 46868245,    73409,    64080,    27916
41417176,        4, 48198585,    73418,    64087,    28414
41431281,        0, 40391665,    72371,    62962,    26356
40382945,        1, 39483825,    72376,    62967,    26874
41552732,        2, 40955187,    72381,    62973,    27396
43781609,        3, 45520693,    72386,    62979,    27916
42698824,        4, 48174504,    72391,    62984,    28414
43777250,        0, 40393767,    72336,    63448,    26356
45026108,        1, 39478294,    72358,    63456,    26874
45021821,        2, 40957196,    72379,    63465,    27396
46093917,        3, 46860230,    72401,    63473,    27916
46141167,        4, 48176281,    72421,    63480,    28414
45033483,        0, 40396146,    73109,    63698,    26356
46164055,        1, 39505956,    73110,    63744,    26874
37877239,        2, 40961049,    73112,    63789,    27396
37965837,        3, 46874717,    73113,    63836,    27916
39048326,        4, 48198696,    73115,    63879,    28414
40333313,        0, 40397352,    72722,    64190,    26356
41493162,        1, 39497486,    72745,    64195,    26874
41553495,        2, 40963369,    72769,    64200,    27396
42598053,        3, 46866303,    72792,    64206,    27916
43783711,        4, 48189737,    72814,    64210,    28414
44958883,        0, 40397818,    72530,    63909,    26356
36761355,        1, 39497504,    72567,    63920,    26874
36792587,        2, 40961436,    72604,    63931,    27396
39106141,        3, 46864106,    72641,    63943,    27916
39113804,        4, 48186297,    72677,    63953,    28414
39190701,        0, 40398918,    72816,    62736,    26356
40332465,        1, 39499620,    72826,    62754,    26874
41467788,        2, 40962440,    72836,    62773,    27396
41409289,        3, 45518271,    72846,    62792,    27916
41760571,        4, 48188377,    72856,    62810,    28414
42729152,        0, 40398989,    73421,    62905,    26356
43758734,        1, 39509171,    73434,    62923,    26874
42683978,        2, 40962456,    73448,    62942,    27396
43900973,        3, 45522841,    73461,    62961,    27916
44941108,        4, 48202894,    73474,    62978,    28414
46166892,        0, 40400169,    73135,    64569,    26356
46148708,        1, 40651538,    73142,    64575,    26874
46184792,        2, 40963596,    73149,    64582,    27396
39053065,        3, 46870019,    73156,    64588,    27916
40321753,        4, 49541127,    73162,    64593,    28414
40370064,        0, 41398335,    57350,    64876,    26356
41514649,        1, 40501383,    57354,    64926,    26874
41454685,        2, 41991732,    57359,    64977,    27396
43764162,        3, 46704218,    57364,    65028,    27916
44926340,        4, 49367144,    57369,    65076,    28414
45027543,        0, 41399648,    57120,    65628,    26356
37882914,        1, 40504782,    57126,    65638,    26874
37901348,        2, 41992977,    57133,    65648,    27396
37939742,        3, 48026159,    57140,    65658,    27916
37987899,        4, 49368945,    57147,    65668,    28414
40300345,        0, 41401499,    57174,    64780,    26356
40399837,        1, 40501209,    57175,    64847,    26874
41541427,        2, 41991639,    57177,    64916,    27396
42652868,        3, 46704233,    57178,    64984,    27916
41512527,        4, 49367659,    57180,    65050,    28414
42702548,        0, 41402165,    57086,    65990,    26356
36794375,        1, 40509954,    57090,    65999,    26874
37891025,        2, 41995619,    57095,    66010,    27396
37945874,        3, 48028398,    57099,    66021,    27916
39090908,        4, 49374395,    57103,    66031,    28414
39144005,        0, 41404339,    57744,    64800,    26356
37992286,        1, 40500689,    57756,    64807,    26874
40356662,        2, 41997407,    57769,    64816,    27396
42662486,        3, 46714991,    57782,    64823,    27916
42661861,        4, 49370484,    57794,    64830,    28414
42676332,        0, 41418025,    58679,    64987,    26356
43774126,        1, 40534474,    58693,    65016,    26874
43873657,        2, 42010670,    58709,    65044,    27396
43870915,        3, 46723233,    58723,    65072,    27916
43882146,        4, 49402538,    58738,    65099,    28414
43899748,        0, 41421181,    58903,    64577,    26356
43899795,        1, 40519350,    58909,    64622,    26874
44955544,        2, 42014636,    58914,    64669,    27396
45027064,        3, 46720272,    58920,    64715,    27916
46120246,        4, 49392197,    58926,    64758,    28414
36793842,        0, 41429210,    59847,    66372,    26356
37889375,        1, 41684084,    59854,    66428,    26874
39073220,        2, 42022197,    59862,    66484,    27396
39157664,        3, 48056723,    59870,    66541,    27916
37988551,        4, 49401152,    59877,    66595,    28414
40325040,        0, 41435640,    60823,    66538,    26356
40341416,        1, 41691755,    60837,    66593,    26874
40360047,        2, 43236420,    60851,    66649,    27396
40319466,        3, 48075896,    60865,    66704,    27916
42685563,        4, 50761950,    60880,    66758,    28414
41505058,        0, 41438244,    60291,    65074,    26356
45045676,        1, 40531790,    60299,    65101,    26874
37872151,        3, 46758467,    60317,    65155,    27916
39081872,        4, 49403408,    60326,    65181,    28414
39123157,        0, 41439490,    61916,    64893,    26356
39185876,        1, 40549169,    61949,    64983,    26874
39091987,        2, 42032457,    61983,    65074,    27396
40300583,        3, 46745261,    62016,    65166,    27916
41491037,        4, 49424017,    62048,    65253,    28414
40386242,        0, 41456521,    62236,    64877,    26356
42601762,        1, 40539164,    62310,    64947,    26874
41446741,        2, 42049259,    62385,    65016,    27396
42681535,        3, 46763192,    62460,    65086,    27916
43911188,        4, 49430208,    62531,    65153,    28414
44963690,        0, 41457760,    64005,    64971,    26356
43872183,        1, 40555362,    64017,    64988,    26874
44957146,        0, 41457825,    63900,    64970,    26356
45033300,        1, 40555931,    63975,    65011,    26874
44028868,        2, 42050741,    64053,    65053,    27396
36706676,        3, 46764402,    64131,    65095,    27916
36825020,        4, 49431483,    64204,    65135,    28414
37876371,        0, 41465557,    62701,    65880,    26356
37962812,        1, 40552019,    62750,    65913,    26874
37982435,        2, 42058382,    62801,    65945,    27396
38312523,        3, 48105979,    62852,    65978,    27916
39205652,        4, 49436920,    62901,    66009,    28414
39053572,        0, 41477813,    65251,    64808,    26356
39114764,        1, 40585110,    65258,    64855,    26874
39198906,        2, 42070800,    65264,    64902,    27396
42627760,        3, 46795617,    65270,    64950,    27916
43834693,        4, 49466039,    65276,    64995,    28414
43871629,        0, 41477936,    65211,    64870,    26356
43868219,        1, 40585280,    65223,    64880,    26874
43873703,        2, 42070739,    65234,    64890,    27396
44927842,        3, 46795312,    65246,    64899,    27916
44957460,        4, 49466544,    65257,    64908,    28414
44958977,        0, 41478101,    65516,    64685,    26356
46140971,        1, 40571436,    65534,    64726,    26874
45038060,        2, 42070770,    65553,    64767,    27396
45067074,        3, 46778897,    65571,    64808,    27916
37935916,        4, 49453974,    65588,    64846,    28414
37979722,        0, 41479044,    65750,    66112,    26356
39133813,        1, 40569620,    65757,    66115,    26874
40348643,        2, 42071761,    65765,    66117,    27396
41437183,        3, 48111680,    65770,    66121,    27916
41444300,        4, 49448689,    65777,    66123,    28414
41462053,        0, 41482571,    64159,    65661,    26356
42652092,        1, 40561325,    64175,    65667,    26874
45035220,        2, 42075489,    64192,    65673,    27396
36825259,        3, 48091997,    64210,    65679,    27916
37916611,        4, 49434215,    64228,    65686,    28414
39098612,        0, 41483747,    64579,    64880,    26356
39107504,        1, 40578882,    64584,    64886,    26874
39130757,        2, 42076587,    64589,    64893,    27396
40319829,        3, 46795497,    64594,    64899,    27916
40325445,        4, 49458397,    64599,    64906,    28414
40337754,        0, 41490701,    64399,    65535,    26356
40351817,        1, 40561159,    64408,    65543,    26874
41415436,        2, 42083733,    64418,    65551,    27396
42612261,        3, 48118016,    64427,    65559,    27916
41463606,        4, 49433798,    64436,    65567,    28414
43847164,        0, 41497855,    66802,    64709,    26356
43868291,        1, 40602112,    66827,    64733,    26874
43891067,        2, 42091331,    66852,    64756,    27396
43909327,        3, 46814220,    66876,    64780,    27916
43902189,        4, 49478310,    66900,    64802,    28414
44949443,        0, 41504644,    66377,    66266,    26356
44975154,        1, 40588366,    66441,    66338,    26874
45021604,        2, 42097997,    66502,    66407,    27396
46085401,        3, 48149065,    66565,    66476,    27916
45065916,        4, 49483148,    66624,    66543,    28414
36731301,        0, 41506075,    67780,    66586,    26356
37876797,        1, 41742796,    67826,    66619,    26874
37912507,        2, 42104125,    67870,    66651,    27396
39358151,        3, 48141635,    67914,    66683,    27916
39082224,        0, 41506403,    67866,    66496,    26356
41417601,        1, 41742883,    67880,    66541,    26874
41433308,        2, 42099299,    67892,    66585,    27396
42651821,        3, 48141750,    67905,    66628,    27916
42677836,        4, 50835424,    67918,    66672,    28414
42728704,        0, 41515415,    68814,    65698,    26356
43783023,        1, 40615681,    68871,    65765,    26874
43870323,        2, 42108113,    68929,    65831,    27396
37067426,        3, 48152671,    68987,    65897,    27916
36713412,        4, 49497396,    69042,    65959,    28414
36797597,        0, 41515968,    69131,    65701,    26356
37867403,        1, 40613195,    69170,    65710,    26874
39091455,        2, 42108894,    69209,    65717,    27396
39138493,        3, 48153004,    69249,    65725,    27916
39211435,        4, 49497931,    69285,    65732,    28414
39134024,        0, 41518043,    68479,    66154,    26356
41511276,        1, 40601086,    68489,    66186,    26874
42738741,        2, 42113937,    68499,    66219,    27396
42730956,        3, 48170828,    68509,    66251,    27916
42589853,        4, 49503298,    68517,    66282,    28414
43805977,        0, 41518119,    68776,    66165,    26356
44953743,        1, 40618013,    68776,    66171,    26874
46173925,        3, 48154772,    68776,    66183,    27916
46164077,        4, 49503560,    68776,    66189,    28414
36770872,        0, 41520176,    69761,    64916,    26356
37853298,        1, 40621730,    69762,    64917,    26874
37906802,        2, 42112927,    69763,    64919,    27396
37987915,        3, 46833931,    69764,    64921,    27916
39053662,        4, 49506989,    69765,    64922,    28414
39133853,        0, 41521371,    68330,    66191,    26356
39190825,        1, 40601177,    68341,    66200,    26874
40351691,        2, 42116566,    68353,    66208,    27396
42741638,        3, 48170732,    68364,    66217,    27916
42660256,        4, 49484286,    68375,    66225,    28414
43884865,        0, 41527762,    69773,    65074,    26356
44999989,        1, 40623547,    69807,    65183,    26874
45004477,        2, 42120317,    69842,    65294,    27396
36811166,        3, 48159676,    69876,    65404,    27916
37980376,        4, 49509399,    69908,    65509,    28414
37919331,        0, 41530475,    68192,    65554,    26356
37981969,        1, 40598791,    68202,    65566,    26874
39134728,        2, 42123544,    68211,    65578,    27396
40370359,        3, 48138970,    68220,    65590,    27916
41421062,        3, 48175178,    70644,    65825,    27916
40385966,        0, 41537390,    71825,    65526,    26356
41563670,        1, 40636639,    71836,    65569,    26874
42609798,        2, 42130293,    71847,    65614,    27396
41426433,        3, 48181997,    71859,    65658,    27916
41512476,        4, 49524089,    71869,    65700,    28414
42650517,        0, 41539746,    70559,    66062,    26356
45027508,        1, 40626047,    70598,    66072,    26874
43875986,        2, 42132829,    70637,    66081,    27396
44971557,        3, 48174418,    70676,    66092,    27916
45024028,        4, 49512329,    70714,    66101,    28414
36795772,        0, 41541565,    71578,    64942,    26356
39047339,        1, 40639413,    71644,    64968,    26874
39141872,        3, 46854711,    71778,    65021,    27916
38305315,        4, 49527458,    71842,    65046,    28414
40274315,        0, 41541584,    71705,    64839,    26356
40285555,        1, 40639859,    71724,    64855,    26874
39111449,        2, 42134061,    71744,    64872,    27396
41499413,        3, 46851643,    71763,    64889,    27916
41517563,        4, 49522248,    71782,    64906,    28414
42646612,        0, 41542720,    71535,    66049,    26356
42677855,        1, 40637544,    71551,    66090,    26874
41537682,        2, 42135103,    71568,    66133,    27396
42599341,        3, 48187395,    71584,    66176,    27916
42656321,        4, 49525860,    71600,    66216,    28414
41511344,        0, 41548365,    70951,    65387,    26356
43838140,        1, 40630689,    71000,    65419,    26874
43841442,        2, 42140271,    71051,    65449,    27396
46075455,        3, 48179291,    71101,    65480,    27916
44956966,        4, 49516978,    71151,    65509,    28414
44954707,        0, 41549756,    71313,    66667,    26356
46127143,        1, 41789634,    71322,    66716,    26874
36738442,        2, 43337294,    71333,    66767,    27396
37916130,        3, 48184034,    71341,    66815,    27916
39067654,        4, 50876313,    71350,    66862,    28414
39184033,        0, 41553258,    73437,    65475,    26356
39197343,        1, 40652593,    73454,    65494,    26874
40308370,        2, 42148049,    73472,    65515,    27396
40309997,        3, 48201851,    73489,    65535,    27916
40318838,        0, 41559603,    72943,    64980,    26356
40325069,        1, 40655634,    72982,    64988,    26874
39137359,        2, 42152151,    73022,    64997,    27396
41401223,        0, 41560460,    72672,    65923,    26356
41510560,        1, 40643058,    72678,    65930,    26874
42587702,        2, 42153356,    72684,    65936,    27396
41511889,        3, 48193876,    72689,    65942,    27916
43793326,        4, 49539442,    72694,    65948,    28414
43820973,        0, 41561013,    73049,    65947,    26356
43878126,        1, 40654678,    73091,    65986,    26874
44957371,        3, 48206702,    73177,    66067,    27916
42851255,        0, 41561027,    72754,    66224,    26356
44984378,        1, 40643216,    72798,    66224,    26874
45034272,        3, 48208307,    72886,    66226,    27916
45082173,        4, 49530971,    72929,    66227,    28414
36734057,        0, 41561171,    73175,    66223,    26356
36694086,        1, 40654695,    73242,    66265,    26874
36692948,        2, 42153861,    73309,    66306,    27396
36767404,        3, 48208433,    73375,    66348,    27916
37874840,        4, 49544722,    73439,    66389,    28414
37983882,        0, 41564348,    72934,    65267,    26356
37979657,        1, 40657058,    72964,    65337,    26874
39145371,        2, 42158121,    72996,    65408,    27396
39193134,        3, 48202035,    73026,    65479,    27916
39211320,        4, 49547719,    73056,    65547,    28414
40257411,        0, 42582651,    57037,    66630,    26356
40255678,        1, 41667208,    57037,    66638,    26874
40331391,        2, 43197971,    57037,    66645,    27396
41417872,        3, 48024771,    57037,    66653,    27916
41438349,        4, 50732347,    57038,    66660,    28414
41461913,        0, 42602193,    58974,    66814,    26356
41479100,        1, 41674080,    59005,    66910,    26874
41519934,        2, 43217497,    59036,    67007,    27396
42627714,        3, 48045671,    59067,    67103,    27916
42631376,        4, 50740662,    59097,    67194,    28414
41446563,        0, 42606110,    59822,    67260,    26356
43840278,        1, 41680816,    59846,    67282,    26874
42706488,        2, 43220652,    59870,    67305,    27396
42725441,        3, 49383985,    59893,    67327,    27916
42631418,        4, 50743779,    59916,    67349,    28414
43814180,        0, 42607779,    58223,    68343,    26356
43871609,        1, 42794329,    58226,    68352,    26874
44924844,        2, 43222395,    58230,    68361,    27396
44987591,        3, 49359695,    58233,    68370,    27916
43843482,        4, 50724981,    58237,    68378,    28414
43913999,        0, 42608929,    59220,    68430,    26356
45072929,        1, 42807375,    59230,    68450,    26874
36830752,        2, 43219260,    59240,    68470,    27396
36822068,        3, 49368676,    59251,    68491,    27916
39080802,        4, 50741322,    59261,    68511,    28414
39079011,        0, 42612318,    59423,    67883,    26356
37907845,        1, 41671038,    59427,    67940,    26874
37927107,        2, 43227036,    59431,    67998,    27396
40300358,        3, 49380198,    59435,    68054,    27916
40359613,        4, 50736962,    59439,    68108,    28414
40356595,        0, 42612523,    59678,    68142,    26356
41411574,        1, 41678841,    59719,    68177,    26874
41415956,        2, 43227328,    59760,    68212,    27396
41444910,        3, 49380122,    59800,    68247,    27916
42578886,        4, 50746368,    59839,    68280,    28414
42692417,        0, 42617341,    60668,    67476,    26356
42735482,        1, 41689292,    60686,    67510,    26874
43800635,        2, 43232132,    60704,    67545,    27396
43854914,        3, 49391523,    60721,    67579,    27916
43959563,        4, 50756362,    60739,    67611,    28414
44963660,        0, 42617675,    60796,    67444,    26356
44969173,        1, 41687165,    60830,    67461,    26874
45008773,        2, 43231337,    60863,    67477,    27396
45046208,        3, 49392374,    60897,    67495,    27916
45090968,        4, 50756598,    60928,    67510,    28414
