Vector Track Size:     1211

33276926,        0, 33276926,    63532,    66497,    21157
33282440,        1, 33772356,    63556,    66531,    21674
33282956,        2, 33351747,    63580,    66566,    22201
33285285,        3, 37270941,    63604,    66602,    22724
30478502,        4, 37322873,    63627,    66635,    23223
28624126,        1, 33752724,    62063,    67001,    21674
28638893,        3, 37249277,    62062,    67067,    22724
28639996,        4, 37301623,    62063,    67098,    23223
28644009,        0, 33282956,    62295,    67159,    21157
28644653,        1, 33746227,    62330,    67250,    21674
28652801,        2, 33358148,    62366,    67343,    22201
28654887,        3, 37254126,    62402,    67435,    22724
28656491,        4, 37318146,    62437,    67524,    23223
28661423,        0, 33285285,    62995,    67257,    21157
28661696,        1, 33759613,    63003,    67261,    21674
28665272,        2, 33357489,    63012,    67267,    22201
28665816,        3, 37274831,    63021,    67271,    22724
28679632,        4, 37327420,    63030,    67276,    23223
28680052,        1, 30892565,    56800,    61848,    21674
28680826,        2, 30534576,    56801,    61875,    22201
28691267,        3, 35178969,    56802,    61903,    22724
28691487,        4, 34298380,    56804,    61929,    23223
28702112,        0, 28624126,    57663,    57445,    21157
28702472,        1, 28982304,    57669,    57456,    21674
28707281,        2, 28683126,    57676,    57467,    22201
28712284,        3, 32075538,    57682,    57478,    22724
28718547,        4, 32277472,    57689,    57487,    23223
28719010,        0, 28638893,    59216,    57761,    21157
28726427,        2, 28698103,    59247,    57762,    22201
28726702,        4, 32293575,    59279,    57761,    23223
28730502,        0, 28639996,    58566,    57842,    21157
28735814,        1, 28992713,    58567,    57845,    21674
28736649,        2, 28689094,    58568,    57848,    22201
28741312,        3, 33110342,    58570,    57851,    22724
28750778,        4, 32300160,    58571,    57854,    23223
29551484,        0, 28644009,    58791,    58519,    21157
29551913,        1, 29946748,    58793,    58529,    21674
29555421,        2, 29603149,    58794,    58538,    22201
29557024,        3, 33102510,    58796,    58548,    22724
29559918,        4, 33291004,    58798,    58558,    23223
29561006,        0, 28644653,    58426,    57408,    21157
29561850,        1, 28992007,    58431,    57409,    21674
29562591,        2, 28687762,    58436,    57410,    22201
29562990,        3, 32079276,    58441,    57411,    22724
29564947,        0, 28652801,    60340,    56556,    21157
29572083,        1, 29009916,    60375,    56592,    21674
29572438,        2, 28705230,    60410,    56628,    22201
29573116,        3, 32097214,    60444,    56664,    22724
29573347,        4, 32313662,    60478,    56698,    23223
29574315,        0, 28654887,    60857,    57908,    21157
29575307,        1, 29013030,    60859,    57911,    21674
29576798,        2, 28712564,    60861,    57914,    22201
29578712,        3, 33117420,    60864,    57918,    22724
29580909,        4, 32314820,    60866,    57921,    23223
29581625,        0, 28656491,    60992,    56672,    21157
29581829,        1, 29015048,    61066,    56706,    21674
29582720,        0, 28661423,    61813,    58306,    21157
29584210,        1, 29020238,    61859,    58328,    21674
29584411,        2, 29636338,    61906,    58350,    22201
29585432,        3, 33129698,    61953,    58372,    22724
29587899,        4, 33306613,    61999,    58394,    23223
29587937,        0, 28661696,    61496,    58387,    21157
29591174,        1, 29020158,    61497,    58390,    21674
29593606,        2, 29626841,    61498,    58394,    22201
29598413,        3, 33129847,    61499,    58397,    22724
29598832,        4, 33314757,    61500,    58401,    23223
29600157,        0, 28665272,    60052,    57935,    21157
29600268,        1, 29007933,    60079,    57956,    21674
29602911,        2, 28703230,    60106,    57978,    22201
29603734,        3, 33110820,    60133,    58000,    22724
29604524,        4, 32300705,    60160,    58021,    23223
29605734,        0, 28665816,    61618,    56823,    21157
29608270,        1, 29018926,    61624,    56824,    21674
29612492,        2, 28707461,    61631,    56826,    22201
29612825,        3, 32113597,    61638,    56827,    22724
29617665,        4, 32316090,    61644,    56828,    23223
29623136,        0, 28679632,    62765,    57810,    21157
29624146,        1, 29027711,    62766,    57826,    21674
29625414,        2, 28726734,    62767,    57843,    22201
29626619,        3, 33133090,    62769,    57859,    22724
29627543,        4, 32333229,    62770,    57875,    23223
29628402,        0, 28680052,    62958,    57967,    21157
29630193,        1, 29027722,    63032,    57983,    21674
29631121,        2, 28724207,    63106,    57999,    22201
29631660,        3, 33143368,    63182,    58016,    22724
29637575,        4, 32333175,    63253,    58032,    23223
29638676,        0, 28680826,    63103,    56929,    21157
29641974,        1, 29033669,    63105,    56932,    21674
29642124,        2, 28723103,    63108,    56935,    22201
29642491,        3, 32129925,    63110,    56938,    22724
29643021,        4, 32331653,    63112,    56940,    23223
29643547,        0, 28691267,    64485,    58217,    21157
29644116,        2, 28738336,    64494,    58253,    22201
29646718,        3, 33155040,    64499,    58271,    22724
29651385,        4, 33342051,    64503,    58288,    23223
29655012,        0, 28691487,    65090,    58509,    21157
29656207,        1, 29989845,    65163,    58521,    21674
29663881,        2, 29645888,    65239,    58533,    22201
30475724,        3, 33162473,    65313,    58546,    22724
30477425,        4, 33336341,    65383,    58557,    23223
30478335,        0, 28702112,    67780,    57691,    21157
30479980,        1, 29056819,    67874,    57703,    21674
30488136,        2, 28768885,    67966,    57718,    22201
30492301,        3, 32160365,    68058,    57733,    22724
30494618,        4, 32365942,    68146,    57748,    23223
30494854,        0, 28702472,    67734,    57937,    21157
30498375,        1, 29056775,    67810,    57966,    21674
30499131,        2, 28768897,    67886,    57995,    22201
30499912,        3, 33164740,    67961,    58024,    22724
30500977,        4, 32363627,    68033,    58052,    23223
30501448,        0, 28707281,    66741,    57637,    21157
30506603,        1, 29066401,    66773,    57659,    21674
30507076,        2, 28744512,    66804,    57681,    22201
30512044,        3, 32159437,    66836,    57704,    22724
30513621,        4, 32366755,    66865,    57725,    23223
30517508,        0, 28712284,    69218,    58188,    21157
30520920,        1, 29074437,    69222,    58193,    21674
30522104,        2, 28765272,    69227,    58198,    22201
30522792,        3, 33180255,    69230,    58202,    22724
30522906,        4, 33369966,    69234,    58207,    23223
30528356,        0, 28718547,    68331,    58306,    21157
30530408,        1, 29063259,    68337,    58309,    21674
30533869,        2, 28762111,    68343,    58311,    22201
30539468,        3, 33174280,    68349,    58313,    22724
30539550,        4, 33375947,    68355,    58316,    23223
30541341,        0, 28719010,    69371,    58385,    21157
30553766,        1, 30014236,    69377,    58415,    21674
30554310,        2, 29677313,    69384,    58446,    22201
30554849,        3, 33182154,    69390,    58477,    22724
30554886,        4, 33366968,    69397,    58506,    23223
30554931,        0, 28726427,    70890,    58209,    21157
30563204,        1, 29090933,    70898,    58233,    21674
30563963,        2, 28780074,    70907,    58258,    22201
30566891,        3, 33198839,    70915,    58282,    22724
30567676,        4, 33382642,    70923,    58305,    23223
30570003,        2, 28773002,    70459,    57976,    22201
30571709,        0, 28730502,    70226,    57202,    21157
30578441,        1, 29075824,    70230,    57213,    21674
30583475,        2, 28776285,    70235,    57223,    22201
30583953,        3, 32178962,    70240,    57233,    22724
30585203,        4, 32380343,    70245,    57243,    23223
30586680,        3, 33196133,    71222,    58123,    22724
30586998,        0, 28736649,    70153,    57928,    21157
30588214,        1, 29080501,    70155,    57953,    21674
30588415,        2, 28773143,    70158,    57979,    22201
30592511,        3, 33189445,    70160,    58004,    22724
30592586,        4, 32378520,    70163,    58028,    23223
30597850,        0, 28741312,    72285,    57990,    21157
30598676,        1, 29086999,    72291,    57993,    21674
30598772,        2, 28786397,    72297,    57995,    22201
30600548,        3, 33197035,    72303,    57998,    22724
30605371,        4, 32407868,    72309,    58001,    23223
30605384,        0, 28750778,    73203,    57916,    21157
31408847,        1, 29109494,    73212,    57951,    21674
31409886,        3, 33220545,    73232,    58022,    22724
31410175,        4, 32410307,    73241,    58055,    23223
31413236,        0, 29551484,    58964,    59930,    21157
31423051,        1, 29937110,    58972,    59968,    21674
31425299,        2, 29613434,    58981,    60007,    22201
31431638,        3, 34136837,    58989,    60045,    22724
31432171,        4, 34303271,    58997,    60081,    23223
31433714,        0, 29551913,    58609,    60050,    21157
31436437,        1, 29945254,    58638,    60078,    21674
31437604,        2, 29604165,    58668,    60105,    22201
31443631,        3, 34137991,    58698,    60133,    22724
31443666,        4, 34303241,    58726,    60159,    23223
31444723,        0, 29555421,    59265,    59112,    21157
31445870,        1, 29940022,    59268,    59114,    21674
31448366,        2, 29614586,    59271,    59115,    22201
31449909,        3, 33099174,    59274,    59117,    22724
31451381,        4, 33292538,    59277,    59119,    23223
31454105,        0, 29557024,    58824,    59635,    21157
31459025,        1, 29943376,    58860,    59647,    21674
31459491,        2, 29601863,    58896,    59660,    22201
31461623,        3, 33101923,    58932,    59672,    22724
31463626,        4, 33286626,    58966,    59684,    23223
31463650,        0, 29559918,    57866,    59872,    21157
31464859,        1, 29922322,    57873,    59880,    21674
31465766,        2, 29609810,    57880,    59887,    22201
31468864,        3, 34120125,    57887,    59896,    22724
31468997,        4, 33283361,    57894,    59903,    23223
31469057,        0, 29561006,    59684,    60307,    21157
31470589,        1, 29939466,    59697,    60338,    21674
31471735,        2, 30547069,    59711,    60368,    22201
31473746,        3, 34140846,    59724,    60399,    22724
31475149,        4, 34305300,    59736,    60427,    23223
31479030,        0, 29561850,    58437,    58728,    21157
31482667,        1, 29932816,    58444,    58758,    21674
31484241,        2, 29604926,    58452,    58791,    22201
31485223,        3, 33090846,    58460,    58823,    22724
31488465,        4, 33302828,    58468,    58854,    23223
31492294,        0, 29562591,    59786,    58667,    21157
31492416,        1, 29938290,    59841,    58674,    21674
31493248,        2, 29629935,    59894,    58683,    22201
31493664,        3, 33107056,    59948,    58693,    22724
31497237,        4, 33301655,    59999,    58701,    23223
31498722,        0, 29562990,    59573,    60333,    21157
31499837,        1, 29939072,    59600,    60364,    21674
31504554,        2, 30547063,    59626,    60396,    22201
31506672,        3, 34134599,    59653,    60427,    22724
31506760,        4, 34305485,    59678,    60457,    23223
31522370,        0, 29564947,    58167,    59243,    21157
31524792,        1, 29934564,    58178,    59257,    21674
31525029,        2, 29607732,    58189,    59270,    22201
31525082,        3, 33092787,    58199,    59284,    22724
31526501,        4, 33278821,    58210,    59298,    23223
31527843,        0, 29572083,    61068,    58572,    21157
31529745,        1, 29954077,    61175,    58580,    21674
31531474,        2, 29627240,    61283,    58589,    22201
31532106,        3, 33129991,    61391,    58597,    22724
32319569,        4, 33317879,    61496,    58606,    23223
32320455,        0, 29572438,    60028,    59594,    21157
32321625,        1, 29944160,    60047,    59599,    21674
32334065,        3, 33112297,    60087,    59608,    22724
32337858,        4, 33297224,    60105,    59613,    23223
32339105,        0, 29573116,    61211,    59571,    21157
32339891,        1, 29958924,    61212,    59576,    21674
32342385,        2, 29624441,    61212,    59581,    22201
32344584,        3, 33119163,    61213,    59586,    22724
32345644,        4, 33313688,    61213,    59591,    23223
32347129,        0, 29573347,    61132,    59740,    21157
32349403,        1, 29952132,    61163,    59795,    21674
32351827,        2, 29625978,    61194,    59852,    22201
32352631,        3, 34154159,    61225,    59909,    22724
32353453,        4, 33316356,    61254,    59962,    23223
32354757,        0, 29574315,    59926,    60026,    21157
32355494,        1, 29946002,    59930,    60042,    21674
32359865,        2, 29615845,    59935,    60058,    22201
32362697,        4, 34308821,    59945,    60091,    23223
32363137,        0, 29575307,    61259,    60225,    21157
32365971,        1, 29955539,    61300,    60227,    21674
32366531,        2, 29628109,    61342,    60230,    22201
32370536,        3, 34155288,    61382,    60233,    22724
32373752,        4, 34323030,    61422,    60235,    23223
32373858,        0, 29576798,    61576,    58714,    21157
32376996,        1, 29963147,    61629,    58741,    21674
32377257,        2, 29618711,    61682,    58770,    22201
32377505,        3, 33124542,    61736,    58798,    22724
32379957,        4, 33317705,    61787,    58825,    23223
32381172,        0, 29578712,    61743,    59381,    21157
32384325,        1, 29960163,    61757,    59427,    21674
32385826,        2, 29623410,    61771,    59474,    22201
32388247,        3, 33128815,    61785,    59521,    22724
32388283,        4, 33314000,    61799,    59566,    23223
32391043,        0, 29580909,    62176,    59989,    21157
32391225,        1, 29961995,    62212,    60030,    21674
32396215,        2, 29633538,    62250,    60073,    22201
32397511,        3, 34155069,    62286,    60115,    22724
32401330,        4, 34336627,    62321,    60154,    23223
32401349,        0, 29581625,    63565,    60000,    21157
32406755,        1, 29977503,    63566,    60001,    21674
32407024,        2, 29631126,    63566,    60003,    22201
32407104,        3, 34173531,    63567,    60003,    22724
32407991,        4, 33323372,    63567,    60005,    23223
32409839,        0, 29581829,    63825,    60090,    21157
32412029,        1, 29977353,    63868,    60098,    21674
32413554,        2, 29651483,    63912,    60106,    22201
32413774,        3, 34172212,    63957,    60114,    22724
32417505,        4, 34336977,    63998,    60121,    23223
32420028,        0, 29582720,    62078,    58612,    21157
32422569,        1, 29963422,    62112,    58617,    21674
32425268,        2, 29632103,    62147,    58622,    22201
32425349,        3, 33124206,    62181,    58628,    22724
32425360,        4, 33306514,    62214,    58633,    23223
32428199,        0, 29584210,    62561,    60337,    21157
32428608,        1, 29956048,    62563,    60346,    21674
32430108,        3, 34168543,    62565,    60365,    22724
32430905,        4, 34337478,    62566,    60374,    23223
32431006,        0, 29584411,    62308,    60231,    21157
32432172,        1, 29956060,    62320,    60266,    21674
32433853,        2, 29642582,    62332,    60303,    22201
32435312,        3, 34152524,    62345,    60339,    22724
32435315,        4, 34337488,    62356,    60372,    23223
32435519,        0, 29585432,    62155,    59245,    21157
32437129,        1, 29964951,    62158,    59281,    21674
32438996,        2, 29636777,    62161,    59316,    22201
32440266,        3, 33116860,    62164,    59352,    22724
32440311,        4, 33311473,    62167,    59385,    23223
32441068,        0, 29587899,    61976,    59636,    21157
32441370,        2, 29630135,    61979,    59640,    22201
32442052,        3, 33128463,    61981,    59643,    22724
32446604,        4, 33304682,    61982,    59645,    23223
32446827,        0, 29587937,    61971,    59507,    21157
32447008,        1, 29960597,    62001,    59537,    21674
33235256,        2, 29636714,    62033,    59569,    22201
33239181,        3, 33128689,    62064,    59600,    22724
33244972,        4, 33304675,    62094,    59629,    23223
33249454,        0, 29591174,    62777,    59925,    21157
33250178,        1, 29967237,    62801,    59953,    21674
33250396,        2, 29640211,    62826,    59983,    22201
33254114,        3, 34171857,    62850,    60013,    22724
33256585,        4, 33332680,    62871,    60042,    23223
33257842,        0, 29593606,    63417,    60410,    21157
33259573,        1, 30934529,    63418,    60495,    21674
33263307,        2, 30573500,    63419,    60581,    22201
33264131,        3, 34175276,    63420,    60670,    22724
33264820,        4, 34341625,    63421,    60752,    23223
33266975,        0, 29598413,    65201,    59038,    21157
33267009,        1, 29995251,    65207,    59050,    21674
33267238,        2, 29647275,    65213,    59063,    22201
33267318,        3, 33158305,    65220,    59076,    22724
33268038,        4, 33343642,    65226,    59087,    23223
33269540,        0, 29598832,    65259,    58664,    21157
33269602,        1, 29993270,    65336,    58686,    21674
33269738,        2, 29645802,    65414,    58707,    22201
33270433,        3, 33156824,    65492,    58729,    22724
33271238,        4, 33338544,    65565,    58750,    23223
33271336,        0, 29600157,    65272,    60519,    21157
33272588,        1, 30947027,    65357,    60621,    21674
33272888,        2, 30586192,    65446,    60726,    22201
33273679,        3, 34194605,    65534,    60831,    22724
33289825,        4, 34351127,    65617,    60928,    23223
33290825,        0, 29600268,    65471,    60398,    21157
33291684,        1, 30943739,    65579,    60455,    21674
33293354,        2, 30586821,    65691,    60513,    22201
33293493,        3, 34185523,    65801,    60569,    22724
33294122,        4, 34353090,    65907,    60624,    23223
33294333,        0, 29602911,    65681,    59486,    21157
33295176,        1, 29986063,    65710,    59496,    21674
33299676,        2, 29649690,    65739,    59505,    22201
33300491,        3, 33146569,    65769,    59515,    22724
33300753,        4, 33335212,    65796,    59524,    23223
33301846,        0, 29603734,    64923,    58640,    21157
33305303,        1, 29993354,    64973,    58645,    21674
33310165,        2, 29646003,    65025,    58650,    22201
33312031,        3, 33161970,    65076,    58655,    22724
33317605,        4, 33346858,    65125,    58660,    23223
33318905,        0, 29604524,    64843,    59821,    21157
33320485,        1, 29992255,    64882,    59825,    21674
33320501,        3, 34192984,    64962,    59833,    22724
33321545,        4, 33345395,    65000,    59836,    23223
33321884,        0, 29605734,    64985,    60079,    21157
33322207,        1, 29991943,    64992,    60116,    21674
33323661,        2, 29646729,    65000,    60152,    22201
33324814,        3, 34189456,    65008,    60189,    22724
33324834,        4, 34358635,    65015,    60224,    23223
33325339,        0, 29608270,    64528,    60439,    21157
33325471,        1, 30929869,    64551,    60449,    21674
33328684,        2, 30591051,    64575,    60461,    22201
33339876,        3, 34188661,    64599,    60473,    22724
33341949,        4, 34355043,    64621,    60484,    23223
33342034,        0, 29612492,    67310,    60403,    21157
33343311,        1, 30959307,    67311,    60419,    21674
33347836,        2, 30605584,    67313,    60435,    22201
33350170,        3, 34202386,    67314,    60450,    22724
33351800,        4, 34370076,    67316,    60465,    23223
33355441,        0, 29612825,    67451,    60454,    21157
33357903,        1, 30959487,    67547,    60468,    21674
33358993,        2, 30605678,    67644,    60482,    22201
33360041,        3, 34202566,    67742,    60497,    22724
34140910,        4, 34372264,    67835,    60511,    23223
34156138,        0, 29617665,    65916,    59094,    21157
34157410,        1, 29985220,    65932,    59139,    21674
34159265,        2, 29671003,    65949,    59186,    22201
34160055,        4, 33339931,    65980,    59275,    23223
34161409,        0, 29623136,    66783,    60362,    21157
34161528,        1, 30964645,    66831,    60434,    21674
34162099,        2, 30601151,    66881,    60507,    22201
34162154,        3, 34207321,    66930,    60580,    22724
34162691,        4, 34369983,    66977,    60650,    23223
34172723,        0, 29624146,    66351,    59082,    21157
34174195,        1, 29984637,    66404,    59095,    21674
34179509,        2, 29671104,    66457,    59108,    22201
34183033,        3, 33170226,    66509,    59121,    22724
34184242,        4, 33356861,    66558,    59133,    23223
34186193,        0, 29625414,    68969,    60137,    21157
34186445,        1, 30010040,    68988,    60192,    21674
34186541,        3, 34220392,    69026,    60301,    22724
34187964,        4, 34384925,    69045,    60353,    23223
34188157,        0, 29626619,    68585,    58568,    21157
34189381,        1, 30006331,    68595,    58580,    21674
34194227,        2, 29673591,    68606,    58590,    22201
34194627,        3, 33193040,    68616,    58600,    22724
34195326,        4, 33375830,    68627,    58609,    23223
34196198,        0, 29627543,    68547,    60232,    21157
34199138,        2, 29674460,    68587,    60286,    22201
34199833,        3, 34220754,    68608,    60313,    22724
34203114,        4, 34386266,    68627,    60339,    23223
34203229,        0, 29628402,    68842,    59187,    21157
34205374,        1, 30023584,    68917,    59246,    21674
34205844,        2, 29675541,    68995,    59307,    22201
34211713,        3, 33178888,    69073,    59367,    22724
34214676,        4, 33370826,    69147,    59424,    23223
34214789,        0, 29630193,    68474,    58579,    21157
34215719,        1, 30006196,    68506,    58586,    21674
34222284,        2, 29673504,    68538,    58592,    22201
34225769,        3, 33193102,    68570,    58599,    22724
34226542,        4, 33375885,    68602,    58605,    23223
34226866,        0, 29631121,    68347,    59705,    21157
34226874,        1, 30004914,    68352,    59795,    21674
34227024,        2, 29672479,    68357,    59886,    22201
34229329,        3, 34206548,    68362,    59977,    22724
34229981,        4, 33378669,    68367,    60064,    23223
34233844,        0, 29631660,    69733,    59852,    21157
34235484,        1, 30009765,    69754,    59868,    21674
34235966,        2, 29679987,    69777,    59885,    22201
34240126,        3, 34225212,    69798,    59903,    22724
34240581,        4, 33377789,    69820,    59919,    23223
34240894,        0, 29637575,    68383,    59425,    21157
34243321,        1, 30002879,    68399,    59428,    21674
34245509,        2, 29676435,    68416,    59431,    22201
34245840,        3, 33172744,    68432,    59434,    22724
34247462,        4, 33371778,    68448,    59437,    23223
34257959,        0, 29638676,    70332,    60248,    21157
34258467,        1, 30021252,    70337,    60261,    21674
34259160,        2, 29688671,    70343,    60273,    22201
34259238,        3, 34221382,    70348,    60286,    22724
34260101,        4, 34401449,    70352,    60298,    23223
35046892,        0, 29641974,    70201,    59123,    21157
35064189,        1, 30022577,    70218,    59132,    21674
35065881,        2, 29690181,    70236,    59141,    22201
35068157,        3, 33187987,    70253,    59151,    22724
35069080,        4, 33394869,    70269,    59160,    23223
35070866,        0, 29642124,    70987,    59366,    21157
35071377,        1, 30031133,    70995,    59430,    21674
35073674,        2, 29693435,    71002,    59496,    22201
35076300,        3, 33194115,    71009,    59561,    22724
35077194,        0, 29642491,    70754,    59305,    21157
35077962,        1, 30029056,    70758,    59328,    21674
35079033,        2, 29697274,    70762,    59353,    22201
35081597,        3, 33194079,    70766,    59377,    22724
35081934,        4, 33387686,    70769,    59400,    23223
35088524,        0, 29643021,    70915,    58552,    21157
35091196,        1, 30025790,    70917,    58565,    21674
35093750,        2, 29695051,    70919,    58578,    22201
35095119,        3, 33198967,    70921,    58591,    22724
35095952,        4, 33382280,    70924,    58603,    23223
35101957,        0, 29643547,    70503,    59496,    21157
35102024,        1, 30017141,    70514,    59510,    21674
35103246,        2, 29691456,    70526,    59524,    22201
35103765,        3, 33197445,    70537,    59538,    22724
35104392,        4, 33380882,    70548,    59550,    23223
35104455,        0, 29644116,    70242,    58520,    21157
35105265,        1, 30020241,    70276,    58556,    21674
35106038,        2, 29687181,    70311,    58593,    22201
35112770,        3, 33191778,    70345,    58630,    22724
35113494,        4, 33385469,    70377,    58665,    23223
35116703,        0, 29646718,    70088,    60282,    21157
35116874,        1, 30021384,    70101,    60288,    21674
35119094,        2, 29688566,    70115,    60295,    22201
35120269,        3, 34221912,    70128,    60301,    22724
35121385,        4, 34386927,    70141,    60308,    23223
35129239,        0, 29651385,    71456,    59257,    21157
35129410,        1, 30036734,    71545,    59267,    21674
35133678,        2, 29690964,    71636,    59278,    22201
35134837,        3, 33204462,    71727,    59288,    22724
35135018,        4, 33389888,    71813,    59298,    23223
35135065,        0, 29655012,    72350,    58624,    21157
35136191,        1, 30027179,    72396,    58661,    21674
35136944,        2, 29709837,    72442,    58699,    22201
35137804,        3, 33200172,    72488,    58736,    22724
35138826,        4, 33400266,    72532,    58771,    23223
35142232,        0, 29656207,    72372,    60343,    21157
35143608,        1, 30028168,    72405,    60353,    21674
35148472,        2, 29710509,    72437,    60364,    22201
35152767,        3, 34236241,    72470,    60374,    22724
35153253,        4, 34417678,    72501,    60385,    23223
35158763,        0, 29663881,    73337,    58948,    21157
35158918,        1, 30051432,    73408,    58991,    21674
35160764,        2, 29704068,    73479,    59035,    22201
35162647,        0, 30475724,    56731,    61143,    21157
35166520,        1, 30886622,    56733,    61164,    21674
35167707,        2, 30525372,    56734,    61185,    22201
35167736,        3, 34129674,    56735,    61206,    22724
35172198,        4, 34300447,    56736,    61226,    23223
35173095,        0, 30477425,    57598,    62518,    21157
35173143,        1, 31843665,    57614,    62532,    21674
35175151,        3, 35173839,    57647,    62562,    22724
35175430,        4, 35304533,    57662,    62576,    23223
35966411,        0, 30478335,    57245,    61542,    21157
35967520,        1, 30890491,    57252,    61561,    21674
35967704,        2, 30533060,    57260,    61581,    22201
35982465,        3, 34126060,    57266,    61600,    22724
35983621,        4, 34295696,    57273,    61618,    23223
35984376,        0, 30479980,    57173,    61988,    21157
35990992,        1, 30892598,    57178,    61989,    21674
35993685,        2, 30534441,    57183,    61991,    22201
35995366,        3, 35172243,    57188,    61993,    22724
35998566,        4, 34293524,    57193,    61994,    23223
36002226,        0, 30488136,    59020,    60731,    21157
36002302,        1, 30899318,    59031,    60770,    21674
36006140,        2, 30543749,    59043,    60810,    22201
36013391,        3, 34144221,    59054,    60851,    22724
36013536,        4, 34301455,    59065,    60888,    23223
36013579,        0, 30492301,    59816,    61452,    21157
36017757,        1, 30905480,    59841,    61458,    21674
36019993,        2, 30569861,    59867,    61463,    22201
36020003,        3, 34147401,    59892,    61468,    22724
36026152,        4, 34313841,    59916,    61472,    23223
36027203,        0, 30494618,    59253,    61728,    21157
36027424,        2, 30553272,    59253,    61736,    22201
36027480,        3, 35186245,    59254,    61740,    22724
36028597,        4, 34312305,    59255,    61743,    23223
36030349,        0, 30494854,    59286,    61644,    21157
36045834,        1, 30906198,    59308,    61707,    21674
36045894,        2, 30551921,    59331,    61771,    22201
36048162,        3, 35186319,    59354,    61834,    22724
36050179,        4, 34309748,    59377,    61895,    23223
36052667,        0, 30498375,    58300,    62476,    21157
36054681,        2, 31485534,    58299,    62529,    22201
36057341,        3, 35176106,    58299,    62556,    22724
36061185,        4, 35331743,    58299,    62582,    23223
36068548,        0, 30499131,    59641,    61931,    21157
36068927,        1, 30906881,    59650,    61961,    21674
36069814,        2, 30551827,    59659,    61990,    22201
36070612,        3, 35188475,    59668,    62020,    22724
36070706,        4, 34315305,    59677,    62049,    23223
36070927,        1, 30893854,    58237,    61921,    21674
36071647,        2, 30550136,    58237,    61923,    22201
36071907,        3, 35179858,    58237,    61925,    22724
36074833,        4, 34314959,    58237,    61927,    23223
36075147,        0, 30500977,    60373,    61321,    21157
36077784,        1, 30902938,    60385,    61344,    21674
36078982,        2, 30563415,    60398,    61368,    22201
36081295,        3, 34147037,    60411,    61391,    22724
36084009,        4, 34327354,    60423,    61413,    23223
36084274,        0, 30501448,    60170,    61212,    21157
36084682,        1, 30903008,    60198,    61256,    21674
36085453,        2, 30555933,    60227,    61301,    22201
36085898,        3, 34147295,    60256,    61345,    22724
36087358,        4, 34334233,    60284,    61387,    23223
36087421,        0, 30506603,    61575,    61535,    21157
32884713,        1, 30926242,    61592,    61550,    21674
34676420,        2, 30564722,    61610,    61565,    22201
34723266,        3, 34164256,    61627,    61580,    22724
35648198,        4, 34330900,    61643,    61594,    23223
35714664,        0, 30507076,    61310,    61360,    21157
35723229,        1, 30921479,    61353,    61389,    21674
29589891,        2, 30568972,    61397,    61418,    22201
31453591,        3, 34164669,    61439,    61447,    22724
30587298,        4, 34333032,    61480,    61476,    23223
34243280,        0, 30512044,    61414,    62200,    21157
35079963,        1, 30919976,    61416,    62208,    21674
35097047,        2, 30567909,    61418,    62215,    22201
28640696,        3, 35215233,    61420,    62223,    22724
28712430,        4, 35343248,    61422,    62230,    23223
29589379,        0, 30513621,    61834,    62452,    21157
29586177,        1, 31881912,    61837,    62457,    21674
30542457,        2, 31511839,    61839,    62462,    22201
29627496,        3, 35210759,    61842,    62466,    22724
30978046,        4, 35345393,    61844,    62471,    23223
30597748,        0, 30517508,    63678,    61416,    21157
31453128,        1, 30941466,    63692,    61459,    21674
31520056,        2, 30579280,    63707,    61502,    22201
32397700,        3, 34181650,    63722,    61546,    22724
32414857,        4, 34346767,    63735,    61586,    23223
33300884,        0, 30520920,    63520,    60935,    21157
34221346,        1, 30933848,    63586,    61024,    21674
34245983,        2, 30571466,    63655,    61117,    22201
35077645,        3, 34183838,    63724,    61211,    22724
35076436,        4, 34345052,    63787,    61297,    23223
35091185,        0, 30522104,    62760,    61162,    21157
35099113,        1, 30927731,    62772,    61171,    21674
35093116,        2, 30575790,    62783,    61181,    22201
35968185,        3, 34179896,    62795,    61192,    22724
35083670,        4, 34349281,    62805,    61201,    23223
36040567,        0, 30522792,    63496,    60544,    21157
30506921,        1, 30931836,    63503,    60553,    21674
31460076,        2, 30573365,    63510,    60561,    22201
34181723,        3, 34175212,    63517,    60570,    22724
35085510,        4, 34339222,    63524,    60578,    23223
35131718,        0, 30522906,    63310,    60638,    21157
31496141,        1, 30931872,    63311,    60648,    21674
31932618,        2, 30573166,    63312,    60659,    22201
32413097,        3, 34175571,    63314,    60670,    22724
35162799,        0, 30528356,    62988,    62184,    21157
29652836,        1, 30934992,    63061,    62214,    21674
31454391,        2, 30582613,    63136,    62245,    22201
32356827,        3, 35231214,    63210,    62276,    22724
32398404,        4, 35358747,    63281,    62306,    23223
34705597,        0, 30530408,    62920,    61907,    21157
29555513,        1, 30937920,    62971,    61998,    21674
34156180,        2, 30581696,    63022,    62091,    22201
35678198,        3, 35231744,    63072,    62187,    22724
30508770,        4, 35358722,    63121,    62278,    23223
31456122,        0, 30533869,    64328,    60718,    21157
32357600,        2, 30588000,    64326,    60752,    22201
33292590,        4, 34354204,    64325,    60786,    23223
34223586,        0, 30539468,    64281,    61879,    21157
35173526,        1, 30938173,    64285,    61883,    21674
28678019,        2, 30596565,    64289,    61886,    22201
31524539,        3, 35219377,    64294,    61889,    22724
35965955,        4, 34363643,    64298,    61892,    23223
29576976,        0, 30539550,    64183,    61841,    21157
29628541,        1, 30938724,    64209,    61891,    21674
30912177,        2, 30596794,    64235,    61942,    22201
32356968,        3, 35219625,    64261,    61994,    22724
35081267,        4, 34363011,    64286,    62042,    23223
35981373,        0, 30541341,    63989,    62162,    21157
35087515,        1, 30939444,    63994,    62167,    21674
29598864,        2, 30595336,    63997,    62174,    22201
33360188,        3, 35222978,    64000,    62181,    22724
36040256,        4, 35349402,    64004,    62187,    23223
36071796,        0, 30553766,    67024,    62477,    21157
28683501,        1, 31923273,    67068,    62502,    21674
29564201,        2, 31540553,    67113,    62527,    22201
30525891,        3, 35255768,    67158,    62551,    22724
32322547,        4, 35381156,    67201,    62575,    23223
32339743,        0, 30554310,    67348,    61799,    21157
32355343,        1, 30966125,    67364,    61803,    21674
32427215,        2, 30610588,    67380,    61808,    22201
34188076,        3, 35251058,    67395,    61813,    22724
35115429,        4, 34377511,    67410,    61818,    23223
29591428,        0, 30554849,    66910,    61785,    21157
29647556,        1, 30968063,    66953,    61793,    21674
29664690,        2, 30607584,    66996,    61802,    22201
31457847,        3, 35259741,    67041,    61811,    22724
30545208,        4, 34377907,    67082,    61820,    23223
31479505,        0, 30554886,    67574,    61501,    21157
30573978,        1, 30965855,    67585,    61541,    21674
31445028,        2, 30611748,    67596,    61583,    22201
32372643,        3, 34210068,    67608,    61625,    22724
32407128,        4, 34377882,    67618,    61664,    23223
33351879,        0, 30554931,    67573,    61486,    21157
34156904,        1, 30966276,    67610,    61542,    21674
34186838,        2, 30612118,    67647,    61597,    22201
34225608,        3, 34210101,    67685,    61654,    22724
34243603,        4, 34377361,    67721,    61707,    23223
34156289,        0, 30563204,    68888,    60632,    21157
34201927,        1, 30974357,    68945,    60647,    21674
34213175,        2, 30616152,    69004,    60662,    22201
34250839,        3, 34218496,    69062,    60677,    22724
35143964,        4, 34385761,    69116,    60690,    23223
29580130,        0, 30563963,    68977,    60908,    21157
29657306,        1, 30975290,    68999,    60913,    21674
30589803,        2, 30617170,    69022,    60918,    22201
31457631,        3, 34227300,    69044,    60924,    22724
32344721,        4, 34383813,    69066,    60929,    23223
33236897,        0, 30566891,    68371,    61418,    21157
33325518,        1, 30970473,    68411,    61489,    21674
33330170,        2, 30622145,    68452,    61560,    22201
35072392,        3, 34231567,    68494,    61633,    22724
33240075,        0, 30567676,    69508,    61200,    21157
33357292,        1, 30973014,    69553,    61276,    21674
32423850,        2, 30619520,    69598,    61353,    22201
33739244,        3, 34228719,    69642,    61430,    22724
35987249,        4, 34398063,    69684,    61503,    23223
28629995,        0, 30570003,    69064,    61859,    21157
29556358,        1, 30982141,    69077,    61874,    21674
32352560,        2, 30624679,    69088,    61889,    22201
28678200,        3, 35266626,    69101,    61905,    22724
28735816,        4, 34393750,    69112,    61920,    23223
29577799,        0, 30571709,    68633,    62121,    21157
30471416,        1, 30982901,    68659,    62135,    21674
30592365,        2, 30622916,    68684,    62149,    22201
31487679,        3, 35281114,    68710,    62162,    22724
32352528,        4, 35393206,    68734,    62176,    23223
32412912,        0, 30578441,    70772,    60913,    21157
32414633,        1, 30987461,    70794,    60919,    21674
33281147,        2, 30632809,    70817,    60926,    22201
34191209,        3, 34243967,    70839,    60933,    22724
34203441,        4, 34399865,    70861,    60939,    23223
36002341,        0, 30583475,    71124,    60594,    21157
31509211,        1, 30990290,    71182,    60630,    21674
32384666,        2, 30633129,    71240,    60666,    22201
33332617,        3, 34241026,    71298,    60702,    22724
35164580,        4, 34404188,    71353,    60736,    23223
29555472,        0, 30583953,    71826,    61844,    21157
30542857,        1, 30999510,    71877,    61923,    21674
32432428,        2, 30653119,    71928,    62002,    22201
32443269,        3, 35294957,    71979,    62080,    22724
33360170,        4, 34408057,    72028,    62156,    23223
34170432,        0, 30585203,    70318,    61803,    21157
34138450,        1, 30985277,    70337,    61808,    21674
28731379,        2, 30636944,    70355,    61813,    22201
28751596,        3, 35277092,    70374,    61817,    22724
29592525,        4, 34410820,    70392,    61822,    23223
29607466,        0, 30586680,    70612,    62023,    21157
28712412,        1, 30997880,    70653,    62102,    21674
33381088,        2, 30640568,    70693,    62181,    22201
30533672,        3, 35287497,    70734,    62260,    22724
32445707,        4, 35409720,    70773,    62336,    23223
33248554,        0, 30586998,    69994,    61941,    21157
33323487,        1, 30983867,    70000,    61946,    21674
32400302,        2, 30638883,    70007,    61950,    22201
33298654,        3, 35277014,    70013,    61955,    22724
34245542,        4, 34395401,    70020,    61959,    23223
35097495,        0, 30588214,    71723,    62313,    21157
34221188,        1, 31000351,    71726,    62363,    21674
36006243,        2, 30636175,    71729,    62413,    22201
35087413,        4, 35419700,    71734,    62510,    23223
28746092,        0, 30588415,    71065,    62010,    21157
30881473,        1, 30998094,    71133,    62028,    21674
29568781,        2, 30640368,    71198,    62047,    22201
29582656,        3, 35292820,    71264,    62066,    22724
30582576,        4, 34413487,    71328,    62085,    23223
30490209,        0, 30592511,    72059,    61441,    21157
31438706,        1, 31001644,    72154,    61449,    21674
30538564,        2, 30651328,    72249,    61455,    22201
31534526,        3, 34246730,    72344,    61462,    22724
31528136,        4, 34424362,    72435,    61468,    23223
33234760,        0, 30592586,    72053,    61304,    21157
34171037,        1, 30993315,    72112,    61363,    21674
33316938,        2, 30651256,    72170,    61423,    22201
33354496,        3, 34246664,    72230,    61481,    22724
34172521,        4, 34424556,    72287,    61536,    23223
35094162,        0, 30597850,    73055,    61354,    21157
35111003,        1, 31008734,    73063,    61444,    21674
34210026,        2, 30656434,    73072,    61535,    22201
35054279,        3, 34263810,    73080,    61625,    22724
29572485,        4, 34428123,    73088,    61711,    23223
29602445,        0, 30598676,    72783,    60622,    21157
30492718,        1, 31005765,    72829,    60706,    21674
30489971,        2, 30647879,    72875,    60791,    22201
29579416,        3, 34260333,    72922,    60877,    22724
30526941,        4, 34422066,    72966,    60958,    23223
30583750,        0, 30598772,    72653,    60621,    21157
31484674,        1, 31005753,    72698,    60710,    21674
31497247,        2, 30647971,    72742,    60800,    22201
32322568,        3, 34260211,    72786,    60889,    22724
33266824,        4, 34421880,    72828,    60974,    23223
33266968,        0, 30600548,    71899,    61925,    21157
33291017,        1, 30998804,    71937,    61957,    21674
34141459,        2, 30653104,    71974,    61988,    22201
34141615,        3, 35292895,    72013,    62020,    22724
33291720,        4, 34408054,    72050,    62051,    23223
34233726,        0, 30605371,    73420,    61806,    21157
35062801,        1, 31015889,    73453,    61818,    21674
35077938,        2, 30652247,    73486,    61830,    22201
35084514,        0, 30605384,    73467,    61725,    21157
35085478,        1, 31015639,    73470,    61786,    21674
34179991,        2, 30652375,    73472,    61848,    22201
35117901,        4, 34427945,    73477,    61969,    23223
34209418,        0, 31408847,    57208,    62730,    21157
34245231,        1, 31855695,    57211,    62741,    21674
35167383,        2, 31471397,    57215,    62753,    22201
35991010,        3, 35168914,    57218,    62765,    22724
35081728,        4, 35305980,    57221,    62776,    23223
35140657,        0, 31409886,    57291,    64356,    21157
28713588,        1, 32779028,    57295,    64406,    21674
28640022,        2, 32384090,    57300,    64457,    22201
30487536,        3, 36188867,    57306,    64508,    22724
30542269,        4, 36279019,    57310,    64557,    23223
31407936,        0, 31410175,    57152,    64084,    21157
32384192,        1, 31853680,    57154,    64151,    21674
32362826,        2, 31472994,    57156,    64219,    22201
33265867,        3, 36187855,    57157,    64287,    22724
33336344,        4, 36278891,    57159,    64351,    23223
34163226,        0, 31413236,    57806,    63282,    21157
34209382,        1, 31847152,    57826,    63285,    21674
35100147,        2, 31487547,    57847,    63289,    22201
35129950,        3, 35170581,    57867,    63292,    22724
35142673,        4, 35310492,    57886,    63295,    23223
28712146,        0, 31423051,    58999,    63985,    21157
29579157,        1, 31859124,    59039,    64008,    21674
29656006,        2, 31493249,    59079,    64030,    22201
30509437,        3, 36203546,    59120,    64053,    22724
31459252,        4, 36297363,    59158,    64074,    23223
33322353,        0, 31425299,    58835,    64111,    21157
33285125,        1, 31869272,    58842,    64156,    21674
35083420,        2, 31483967,    58848,    64203,    22201
36017610,        3, 36202930,    58854,    64247,    22724
30536921,        4, 36297890,    58859,    64291,    23223
31506947,        0, 31431638,    59471,    64042,    21157
32333624,        1, 31859233,    59506,    64052,    21674
32380227,        2, 31493510,    59541,    64062,    22201
34173570,        3, 36203307,    59576,    64072,    22724
35170025,        4, 36299667,    59608,    64081,    23223
30914584,        0, 31432171,    58103,    62732,    21157
30527427,        1, 31854503,    58122,    62767,    21674
30956955,        3, 35178597,    58163,    62840,    22724
31861950,        4, 35308309,    58181,    62875,    23223
31440888,        0, 31433714,    59703,    64394,    21157
31449981,        1, 32792621,    59782,    64447,    21674
32339817,        2, 32412543,    59862,    64500,    22201
32813309,        3, 36216245,    59941,    64554,    22724
33816330,        4, 36306453,    60017,    64606,    23223
33736763,        0, 31436437,    57997,    62955,    21157
33776337,        1, 31847518,    58009,    63041,    21674
34740204,        2, 31487696,    58022,    63128,    22201
34223182,        3, 35178546,    58034,    63216,    22724
35660666,        4, 35310722,    58046,    63298,    23223
35112813,        0, 31437604,    60982,    63807,    21157
35128140,        1, 31871696,    61001,    63817,    21674
30524289,        2, 31508086,    61020,    63827,    22201
32424150,        4, 35344232,    61057,    63848,    23223
33318140,        0, 31443631,    61082,    63222,    21157
34191952,        1, 31877918,    61118,    63319,    21674
34717666,        2, 31504592,    61155,    63417,    22201
34255742,        3, 35214686,    61191,    63515,    22724
36057232,        4, 35342201,    61226,    63609,    23223
28704774,        0, 31443666,    61649,    63477,    21157
29567797,        1, 31880590,    61676,    63491,    21674
29648371,        2, 31497277,    61704,    63504,    22201
30489169,        3, 35214232,    61732,    63518,    22724
30571487,        4, 35342113,    61758,    63531,    23223
31435555,        0, 31444723,    60073,    64056,    21157
31467272,        1, 31868314,    60081,    64072,    21674
31491958,        2, 31499441,    60089,    64088,    22201
32351055,        3, 36214889,    60096,    64105,    22724
32418296,        4, 36300170,    60104,    64120,    23223
32356975,        0, 31445870,    61560,    63970,    21157
32390545,        1, 31883353,    61594,    64058,    21674
33331191,        2, 31500252,    61629,    64148,    22201
34200065,        3, 36231121,    61664,    64237,    22724
34238562,        4, 36318273,    61698,    64322,    23223
35189442,        0, 31448366,    61456,    64169,    21157
35079347,        1, 31883202,    61529,    64237,    21674
28714916,        2, 31503959,    61605,    64306,    22201
28669707,        3, 36231440,    61680,    64375,    22724
28654971,        4, 36318146,    61751,    64440,    23223
29641792,        0, 31449909,    61740,    62964,    21157
29647141,        1, 31884384,    61755,    63018,    21674
31472395,        2, 31503564,    61770,    63073,    22201
30543496,        4, 35340820,    61799,    63180,    23223
31523513,        0, 31451381,    62598,    63705,    21157
32401120,        1, 31872438,    62604,    63740,    21674
32418341,        2, 31520293,    62611,    63776,    22201
33264544,        4, 35350134,    62626,    63847,    23223
35153781,        0, 31454105,    62358,    64013,    21157
35146370,        1, 31875346,    62369,    64024,    21674
28673146,        2, 31521738,    62380,    64037,    22201
29539798,        3, 36221840,    62391,    64049,    22724
29641136,        4, 35355138,    62402,    64060,    23223
30558727,        0, 31459025,    63355,    63412,    21157
31531189,        1, 31893866,    63388,    63446,    21674
32326463,        3, 35229819,    63456,    63517,    22724
34152368,        4, 35359651,    63489,    63552,    23223
34164286,        0, 31459491,    63032,    63372,    21157
34158075,        1, 31891998,    63078,    63396,    21674
34210355,        3, 35229950,    63170,    63441,    22724
34138491,        4, 35357674,    63215,    63462,    23223
35082669,        0, 31461623,    62918,    62807,    21157
35160640,        1, 31890239,    62920,    62811,    21674
36057056,        2, 31523142,    62922,    62815,    22201
28630031,        3, 35227784,    62925,    62820,    22724
28750519,        4, 35355588,    62927,    62824,    23223
30512025,        0, 31463626,    63470,    62965,    21157
33253643,        1, 31898381,    63495,    62989,    21674
33272762,        2, 31515781,    63520,    63014,    22201
34174338,        3, 35227976,    63545,    63038,    22724
35069295,        4, 35355794,    63569,    63062,    23223
35122930,        0, 31463650,    63066,    62899,    21157
28704314,        1, 31890247,    63110,    62924,    21674
29602381,        2, 31516030,    63154,    62950,    22201
30591498,        3, 35227749,    63199,    62977,    22724
30602323,        4, 35356060,    63241,    63002,    23223
31431826,        0, 31464859,    64145,    63878,    21157
31440648,        1, 31889505,    64161,    63885,    21674
31439755,        2, 31537169,    64178,    63892,    22201
32415286,        4, 35350942,    64211,    63907,    23223
33289588,        0, 31465766,    65696,    63661,    21157
34142572,        1, 31899605,    65722,    63685,    21674
34169336,        2, 31530179,    65749,    63710,    22201
35045422,        3, 35238343,    65777,    63735,    22724
35084976,        4, 35364349,    65803,    63758,    23223
34183110,        0, 31468864,    65325,    64268,    21157
35967241,        1, 31909120,    65343,    64308,    21674
36012939,        2, 32439034,    65362,    64349,    22201
36063194,        3, 36263121,    65379,    64389,    22724
28625282,        4, 36341597,    65397,    64427,    23223
30502974,        0, 31468997,    65181,    64321,    21157
30511634,        1, 31909316,    65187,    64368,    21674
30521993,        2, 32439071,    65194,    64417,    22201
30585016,        3, 36263522,    65200,    64465,    22724
30605242,        4, 36341773,    65207,    64511,    23223
31428716,        0, 31469057,    65226,    64314,    21157
33236397,        1, 31909271,    65228,    64335,    21674
32422843,        2, 32439083,    65230,    64357,    22201
34175288,        3, 36263755,    65232,    64379,    22724
34169085,        4, 36349428,    65234,    64400,    23223
34242553,        0, 31470589,    65836,    62913,    21157
35087376,        1, 31902922,    65851,    62927,    21674
36056080,        2, 31551382,    65866,    62940,    22201
28646394,        3, 35232980,    65882,    62953,    22724
29567471,        0, 31471735,    63931,    63456,    21157
30545411,        1, 31886716,    63945,    63529,    21674
30546802,        2, 31531359,    63960,    63602,    22201
30590295,        3, 35221390,    63975,    63675,    22724
31504307,        4, 35351290,    63989,    63744,    23223
32320443,        0, 31473746,    64866,    63484,    21157
32365649,        1, 31910158,    64898,    63506,    21674
32383665,        2, 31524573,    64932,    63529,    22201
33255934,        3, 35247052,    64966,    63552,    22724
33742737,        4, 35375257,    64997,    63573,    23223
34185545,        0, 31475149,    64437,    63744,    21157
36028927,        1, 31886645,    64446,    63770,    21674
28736661,        2, 31536806,    64457,    63797,    22201
32381792,        3, 36257824,    64466,    63824,    22724
33279489,        4, 35374993,    64476,    63849,    23223
34206477,        0, 31479030,    67034,    63918,    21157
34232089,        1, 31925119,    67039,    63922,    21674
35103738,        2, 31541181,    67044,    63927,    22201
35137770,        3, 36270587,    67049,    63932,    22724
36057880,        4, 35379623,    67053,    63936,    23223
28674243,        0, 31482667,    67360,    63110,    21157
28735757,        1, 31918825,    67400,    63198,    21674
30558058,        2, 31546157,    67443,    63287,    22201
30592434,        3, 35252144,    67485,    63376,    22724
33273734,        4, 35378167,    67525,    63460,    23223
34204666,        0, 31484241,    67677,    63216,    21157
34246521,        1, 31918454,    67686,    63219,    21674
34249391,        2, 31545881,    67694,    63223,    22201
35073808,        3, 35249520,    67703,    63226,    22724
35092803,        4, 35384229,    67711,    63229,    23223
36066659,        0, 31485223,    67629,    64252,    21157
28654645,        1, 31916682,    67715,    64289,    21674
28670726,        2, 31546716,    67802,    64326,    22201
31427996,        3, 36268492,    67889,    64364,    22724
30538613,        4, 36363818,    67972,    64400,    23223
31491203,        0, 31488465,    66529,    64472,    21157
33294310,        1, 32837316,    66556,    64495,    21674
32387265,        2, 32454674,    66585,    64517,    22201
32390519,        3, 36280213,    66613,    64539,    22724
33354312,        4, 36368557,    66640,    64561,    23223
35978681,        0, 31492294,    66435,    62880,    21157
35995775,        1, 31903000,    66440,    62907,    21674
35089469,        2, 31542701,    66445,    62936,    22201
28627934,        3, 35258251,    66450,    62964,    22724
30480051,        4, 35383156,    66455,    62990,    23223
30566738,        0, 31492416,    66824,    63101,    21157
31478582,        1, 31919764,    66886,    63140,    21674
32368372,        2, 31544135,    66950,    63181,    22201
34206116,        3, 35258268,    67013,    63222,    22724
34222705,        4, 35378117,    67074,    63260,    23223
34223960,        0, 31493248,    68927,    63567,    21157
35074024,        1, 31927811,    68946,    63584,    21674
35146757,        2, 31552750,    68964,    63602,    22201
36033283,        3, 35267927,    68983,    63620,    22724
35144594,        4, 35394406,    69001,    63637,    23223
29587852,        0, 31493664,    69403,    63950,    21157
29583543,        1, 31930600,    69438,    64058,    21674
30490919,        2, 31564270,    69474,    64166,    22201
30531291,        3, 36283515,    69511,    64274,    22724
31467236,        4, 36379809,    69545,    64376,    23223
32353314,        0, 31497237,    68732,    62830,    21157
31437600,        1, 31941803,    68754,    62852,    21674
31440861,        2, 31556228,    68774,    62874,    22201
31516511,        4, 35397711,    68815,    62919,    23223
32329106,        0, 31498722,    69138,    63419,    21157
33275482,        1, 31932701,    69139,    63442,    21674
33786697,        2, 31562073,    69141,    63465,    22201
32383557,        3, 35268232,    69141,    63488,    22724
32391017,        4, 35391799,    69142,    63510,    23223
32409340,        0, 31499837,    67975,    63516,    21157
33273795,        1, 31914533,    68014,    63532,    21674
33315767,        2, 31561171,    68053,    63548,    22201
34163459,        3, 35260936,    68093,    63565,    22724
35109953,        0, 31504554,    69774,    64286,    21157
34223223,        1, 31935698,    69835,    64398,    21674
34253900,        2, 32493224,    69898,    64514,    22201
36017414,        4, 36385947,    70021,    64739,    23223
35112742,        0, 31506672,    68314,    63005,    21157
28625758,        1, 31925784,    68344,    63036,    21674
28746696,        2, 31556582,    68376,    63067,    22201
29585924,        3, 35259060,    68407,    63099,    22724
29592233,        4, 35398329,    68436,    63127,    23223
29614010,        0, 31506760,    68433,    62973,    21157
30556965,        1, 31926020,    68474,    63016,    21674
31474773,        2, 31557954,    68515,    63059,    22201
32336721,        3, 35274715,    68556,    63102,    22724
31456314,        4, 35397261,    68596,    63144,    23223
32375027,        0, 31522370,    72145,    63795,    21157
35062368,        1, 31951827,    72182,    63806,    21674
35102100,        2, 31581114,    72219,    63819,    22201
35116816,        3, 36305015,    72256,    63829,    22724
29570008,        4, 35426584,    72292,    63841,    23223
30472760,        0, 31524792,    72476,    64144,    21157
30502926,        1, 31946298,    72500,    64149,    21674
30599265,        2, 31592282,    72523,    64154,    22201
32348436,        3, 36315971,    72548,    64158,    22724
32369154,        4, 35431075,    72571,    64163,    23223
34168868,        1, 32884305,    71969,    64436,    21674
34733429,        3, 36312283,    71969,    64665,    22724
35074799,        4, 36392533,    71970,    64775,    23223
35101903,        0, 31525082,    72250,    63953,    21157
36079063,        1, 31946596,    72258,    64047,    21674
28652928,        2, 31583698,    72265,    64142,    22201
28708391,        3, 36301909,    72274,    64236,    22724
30501245,        4, 36409705,    72281,    64327,    23223
31426160,        0, 31526501,    72319,    62908,    21157
32335517,        1, 31948169,    72324,    62913,    21674
32358879,        2, 31592708,    72329,    62919,    22201
31518753,        3, 35283072,    72335,    62925,    22724
32447912,        4, 35430120,    72340,    62930,    23223
33344270,        0, 31527843,    72114,    63365,    21157
34181562,        1, 31950400,    72135,    63373,    21674
34240588,        2, 31586863,    72157,    63382,    22201
34159147,        3, 35286412,    72179,    63390,    22724
35078602,        4, 35409007,    72199,    63399,    23223
35092190,        0, 31529745,    73086,    63227,    21157
35124222,        1, 31964690,    73088,    63273,    21674
35122291,        2, 31588265,    73091,    63318,    22201
35125889,        3, 35308421,    73094,    63364,    22724
35982139,        4, 35433527,    73096,    63408,    23223
35103269,        0, 31531474,    73359,    63624,    21157
35125724,        1, 31965570,    73378,    63625,    21674
35127043,        2, 31581817,    73397,    63626,    22201
29008564,        4, 35433168,    73435,    63627,    23223
29585778,        0, 31532106,    73286,    62713,    21157
29628671,        1, 31968673,    73299,    62733,    21674
30567350,        2, 31586069,    73313,    62754,    22201
31465947,        3, 35304404,    73327,    62773,    22724
32445801,        4, 35436787,    73340,    62792,    23223
34161428,        0, 32319569,    57214,    65174,    21157
34152948,        1, 32787036,    57218,    65178,    21674
35072282,        2, 32380434,    57225,    65181,    22201
29620253,        3, 36185812,    57231,    65183,    22724
28689069,        4, 36281966,    57237,    65186,    23223
30478503,        0, 32320455,    57033,    65532,    21157
30520799,        1, 32786882,    57041,    65542,    21674
31490196,        2, 32382177,    57049,    65551,    22201
31517977,        3, 36185533,    57057,    65561,    22724
31529442,        4, 36277530,    57065,    65570,    23223
32354577,        1, 32775158,    57630,    64748,    21674
32372478,        2, 32389318,    57641,    64752,    22201
32373935,        3, 36188753,    57652,    64757,    22724
33331250,        4, 36280180,    57664,    64761,    23223
32407064,        0, 32334065,    58828,    66154,    21157
33343434,        1, 32797373,    58832,    66157,    21674
34139144,        2, 32392062,    58835,    66159,    22201
33294461,        3, 37233405,    58839,    66162,    22724
34247410,        4, 37287549,    58843,    66164,    23223
34161970,        0, 32337858,    58981,    64750,    21157
35120010,        1, 32799324,    58984,    64756,    21674
35141620,        2, 32404158,    58987,    64763,    22201
35056218,        3, 36204779,    58989,    64770,    22724
35068133,        4, 36296207,    58992,    64776,    23223
36045273,        0, 32339105,    58639,    65817,    21157
36601869,        1, 32795656,    58671,    65913,    21674
36056967,        2, 32392661,    58703,    66010,    22201
29597895,        3, 37233594,    58735,    66107,    22724
30479927,        4, 37287695,    58765,    66200,    23223
31430910,        0, 32339891,    58439,    64529,    21157
31407775,        1, 32779814,    58450,    64588,    21674
31517663,        2, 32393848,    58461,    64648,    22201
31488507,        3, 36217511,    58473,    64707,    22724
32427302,        4, 36308748,    58483,    64765,    23223
33293397,        0, 32342385,    59764,    65796,    21157
34140597,        1, 32793461,    59771,    65852,    21674
34188806,        2, 32391711,    59778,    65908,    22201
34214741,        3, 37243727,    59786,    65964,    22724
34222604,        4, 36303828,    59792,    66018,    23223
28751591,        0, 32344584,    58469,    65150,    21157
28624159,        1, 32786153,    58502,    65155,    21674
28626607,        2, 32395226,    58535,    65160,    22201
29563980,        3, 36209831,    58568,    65165,    22724
29573331,        4, 36296443,    58600,    65171,    23223
29609035,        0, 32345644,    59456,    65131,    21157
29651249,        1, 32791250,    59472,    65184,    21674
31424270,        2, 32405545,    59489,    65238,    22201
31471404,        3, 36201835,    59506,    65293,    22724
31524766,        4, 36301889,    59521,    65344,    23223
32340664,        0, 32347129,    57952,    65464,    21157
32371096,        1, 32776057,    57964,    65469,    21674
32432272,        2, 32399233,    57978,    65473,    22201
34187173,        3, 36196344,    57989,    65476,    22724
32372685,        4, 36285731,    58001,    65479,    23223
32378676,        0, 32349403,    60664,    65021,    21157
32413929,        1, 32816992,    60674,    65042,    21674
34239290,        2, 32419877,    60685,    65063,    22201
32435610,        3, 36225521,    60694,    65084,    22724
28712359,        4, 36313817,    60702,    65105,    23223
28719019,        0, 32351827,    60871,    64630,    21157
29583635,        1, 32808345,    60874,    64632,    21674
29613356,        2, 32418436,    60876,    64634,    22201
30548610,        3, 36222442,    60878,    64636,    22724
29641141,        0, 32352631,    60668,    65973,    21157
30605327,        1, 32816904,    60682,    66027,    21674
30477554,        2, 32417385,    60696,    66081,    22201
31469566,        3, 37250221,    60711,    66137,    22724
31933405,        4, 37304139,    60724,    66189,    23223
31499376,        0, 32353453,    60193,    64802,    21157
32344575,        1, 32800464,    60202,    64829,    21674
33312033,        2, 32409206,    60211,    64856,    22201
33337810,        3, 36210553,    60220,    64883,    22724
33335480,        4, 36324765,    60228,    64909,    23223
34157342,        1, 32798245,    59980,    66079,    21674
34212019,        4, 37297718,    59980,    66102,    23223
34226186,        0, 32355494,    61209,    65935,    21157
34222429,        1, 32803448,    61259,    65963,    21674
33328109,        2, 32417539,    61310,    65992,    22201
35080771,        3, 37260582,    61362,    66022,    22724
35125070,        4, 36321092,    61411,    66051,    23223
35087536,        0, 32359865,    61460,    65262,    21157
28691334,        1, 32816035,    61477,    65312,    21674
30486167,        2, 32411892,    61496,    65363,    22201
30572085,        3, 36229410,    61514,    65415,    22724
31479273,        4, 36319394,    61531,    65463,    23223
31499777,        0, 32362697,    62533,    66367,    21157
32382190,        1, 33749836,    62560,    66386,    21674
32376445,        2, 33360352,    62587,    66405,    22201
33311967,        3, 37268205,    62615,    66423,    22724
32399044,        4, 37320169,    62641,    66441,    23223
33308195,        0, 32363137,    62257,    66072,    21157
33327502,        1, 32813581,    62297,    66145,    21674
28751426,        2, 32431832,    62338,    66218,    22201
29557916,        3, 37253024,    62379,    66292,    22724
30481069,        4, 37320394,    62418,    66361,    23223
30502925,        0, 32365971,    62130,    65556,    21157
30532019,        1, 32811939,    62187,    65586,    21674
29612846,        2, 32427516,    62247,    65618,    22201
30525139,        3, 36219529,    62305,    65650,    22724
31473378,        4, 36325416,    62361,    65681,    23223
30585485,        0, 32366531,    62040,    65365,    21157
32374044,        1, 32816312,    62092,    65463,    21674
31518699,        2, 32427678,    62144,    65561,    22201
32342981,        3, 36219825,    62197,    65660,    22724
32349805,        4, 36325532,    62247,    65755,    23223
32366542,        0, 32370536,    63093,    64549,    21157
32376739,        1, 32825327,    63169,    64589,    21674
32371618,        2, 32424313,    63248,    64630,    22201
33316040,        3, 36248581,    63325,    64670,    22724
34168551,        4, 36337856,    63400,    64709,    23223
33279135,        0, 32373752,    62923,    65049,    21157
33354375,        1, 32819349,    62936,    65052,    21674
35074403,        2, 32432483,    62949,    65055,    22201
35080680,        3, 36244329,    62962,    65058,    22724
34225507,        4, 36338799,    62975,    65060,    23223
34770946,        0, 32373858,    63419,    64835,    21157
35070386,        1, 32829302,    63476,    64847,    21674
35071372,        2, 32424275,    63534,    64860,    22201
35120339,        3, 36248544,    63591,    64873,    22724
28629306,        4, 36330360,    63646,    64884,    23223
28750231,        0, 32376996,    65584,    66440,    21157
29566629,        1, 33776286,    65609,    66480,    21674
29623033,        2, 33367886,    65633,    66520,    22201
29643549,        3, 37277934,    65657,    66561,    22724
