  435223:        0        3        4 
  287273:        0        1        2        3        4 
  362866:        0        1        2        3        5        6        7        8 
   20265:        0        1        2        3        4        5        6        7 
  325704:        0        1        2        3        4        6        7 
  378644:        0        1        2        3        4        5        6 
  368466:        0        1        2        3        4        5        6        7        8 
  169343:        0        1        2        3        4 
   93590:        0        1        2        3        4        5        6        7 
  166967:        0        1        3        5        6        7 
  189112:        0        1 
  208039:        0        1        3 
  240636:        0        1        3        4        5        6 
  258536:        0        1        2        3 
  384123:        0        2 
  427172:        0        1 
