  187099:        0        1        3        4 
  144631:        0        1        2 
  418046:        0        1        2        3        4        5        6 
  474296:        0        1        2        3        4        5        6        7 
  592573:        0        1        3        4 
   11662:        0        1        2        3        4        5        6        7 
  295169:        0        1        2        3        5        6 
  128290:        0        1 
  147213:        0        2        4 
  451467:        0        1        3        4        5        6        7 
  601639:        0        1        2        3        4        5 
  681725:        0        1        3        4        5        6 
