  253457:        0        1        2        3 
  433653:        0        1        2        3 
  543142:        0        1 
   82235:        0        1        2        3        7        8        9       10       11       12       13       14       15       16       17       20       21       22       23       24       25       26       27       28       29 
    6241:        0        1        2        3        4 
   11665:        0        1        2        3        4        5        6        7 
   13010:        0        1        2        3        4        5        6 
   17266:        0        2        5        6        7        9 
   18155:        0        1        2        3        4        5        6        7        8        9 
   23518:        0        1        2        3        4        5        6        9 
   38285:        0        1        3        4        5        7        8        9 
   39894:        0        1        2        3        4        5        7 
   43697:        0        1        2 
   53173:        0        1        2        3        4        5        6        7 
   53972:        0        1        2        3        4 
   54636:        0        1        2        3        4        5        6 
   60885:        0        1        2        3        4 
   68496:        0        1        2        3        4 
   69394:        0        1        2        3        4        5        6        7 
   82877:        0        1        2        3        4 
   98131:        0        1        2        3        4 
  100514:        0        1        2        3        4 
  109238:        0        1        2        3        4        5 
  127943:        0        1        2        3        4 
  134354:        0        2        3        4        6        7        8        9       10       11       12       13       14       15       16       18       20       21       22       23       24       25       26       27       28       29 
  138432:        0        1        2        3        4        5        6        7        8        9       10       11       12       13       14       15       16       17       18       19       20       21       22       23       24       25       26       27       28 
  140679:        0        1        2        3        4        5        6        7        8 
  143102:        0        1        2        3        5 
  146265:        0        1        2        4        5        6        7        8        9       13       14       15       16       17       18       19       20       21       22       23       24       25       26       28       29 
  159635:        0        1        2        3        4        5        6        7 
  179671:        0        1        2        3        4        5        6        7        8        9       10       11       12       13       14       15       16       17       18       19       20       21       22       23       24       25       26       27       28       29 
  182718:        0        1        2        3        4        5 
  190287:        0        2 
  217139:        0        1        2        3        4 
  219115:        0        1        2        3 
  253330:        0        1        2        3        4        5 
  254074:        0        1        2        3        4 
  258523:        0        1        2        3        4        5        6        7        8 
  270286:        0        1        2        3        4        5        6        7 
  274762:        0        1        2        3        4        5        6        7        8        9       13       14       15       16       17       18       19       20       21       22       23 
  292144:        0        1        2        3 
  292150:        0        1        2        3        4 
  330471:        0        1 
  332767:        0        1        2        3        4        7 
  333463:        0        1        2        3        4        5        6        7        8        9 
  345649:        0        1        2        3        4        5        6        7        9 
  349399:        0        1        2        3        4        5 
  351252:        0        1        2        3        4 
  353505:        0        1        3        4        5        6        7        9 
  368627:        0        1        2        3        4        5 
  370949:        0        1        2        3        4        5        6        7        8 
  382648:        0        1        2        3        4        5        6        7        8 
  402814:        0        1        2        3        4        5        6        7        8        9       10       11       13       14       15       16       17       18       19       20       21       22       23       24       25 
  409317:        0        1        2        3        4 
  429567:        0        1        2        3        4 
  436334:        0        1        2        3        4 
  445907:        0        3        4        5        6        7        8 
  460393:        0        1        2        3        4        5        6        7 
  467909:        0        1        2        3        4 
  475022:        0        1        2        3        4        5        6        7        8        9 
  488229:        0        1        2        3        4        5        6        7        8 
  494964:        0        1        2        3        4        5 
  505710:        0        1        2        3        4        5 
  507087:        0        1        2        3        4        5        6        7        8 
  517370:        0        1        3        4        5        6        7        8        9       11       12       13       14 
  517383:        0        1 
  541010:        0        1        2        4        5        6 
  545023:        0        1        2        3        4 
  558512:        0        1        2        3 
  565161:        0        1        2        3        4 
  566029:        0        1        2        3        4 
  576206:        0        1        2        3        4        5        6        7        8        9       13       14       15       16       18       19       20       21       22       23       24       25       26       27       29 
  580749:        0        1        2        3        4        5        6        7 
  587725:        0        1 
  599875:        0        1        2        3        4 
  609450:        0        1        2        3        4        5        6        7        8 
  618580:        0        1        2        3        4        5        6        7        8        9       13       14       15       16       17       18       19       20       22       23       24       25       26       27       28       29 
  623231:        0        1        2        3        5        6 
  625880:        0        1        2        3 
  628627:        0        1 
  632314:        0        1        2        3        4        5        6        7        8        9       10       11       13       14       15       16       17       18       20       21       22       23       24       25       26       27       28       29 
  633211:        0        1        2        3        4        5        6        7        8 
  641779:        0        1        2        3        4        5        6        7 
  642082:        0        1        2        5        8        9 
  645090:        0        1        2        3        4 
  657155:        0        1        2        3        4        6        7        8       10       11       12       13       14       15       16       17       18       19       20       21       22       24       25       26       27       28       29 
  659901:        0        1        2 
  665655:        0        1        2        3        4        5        6        7        8        9       13       14       15       16       17       18       19       20       21       22       23       24       25       26       27       28       29 
  666986:        0        1        2        3        4        5        6        7 
  675313:        0        1        2        3        4        5        6        7        9 
  695224:        0        1        2        3        4        5        6 
  699397:        0        1        2        3        4 
  731999:        0        1        2        3        4        5        6        7        8        9       10       12       13       14       15       16       17       18       19       22       23       24       25       27       28       29 
  744444:        0        1        2        3        4        5 
  758056:        0        1        2        3        5        6        7        8        9 
  769717:        0        1        2        3        4        5        6        7        8 
  782889:        0        1        2        3        4        5        6 
  789225:        0        2        4 
  790558:        0        1        2        3        4 
  806638:        0        1        2        4 
  491463:        0        1        2        3        4        5        6        7 
  659757:        0        1        2        3        4        5        7        8        9       10       11       12       13       14       15       16       17       18       19       20       21       22       23       25       26       27       29 
   75463:        0        1        2        3        4        5        7 
  184892:        0        1        2        3        4        5        6        7        9 
   14336:        0        1        2        3        4        5        6        7        8        9 
   27837:        0        1        2        3        4        5        6        7        8        9       10       11       12       13       14       15       16       18       19       20       21       23       24       25       26       27       28       29 
  709560:        0        1        3        4        5        6        7 
  458370:        0        1        2        3        4        5        6        7        8        9 
  544027:        0        1        2        3        4        5        6        7        8 
  453187:        0        1        2        3        4        5        6        7        8 
  561369:        0        1        2        3        4        6        7        8        9       13       14       15       16       17       18       19       20       21       22       23       24       25       26       27       28       29 
  556105:        0        1        2        3        4        5        6        7        8        9       13       14       15       16       17       18       19       20       21       22       23       24       25       26       27       28       29 
  590167:        0        1        2        3        4        5        6        7        8        9       13       14       15       16       17       18       19       20       21       22       23       24       25       26       27       28       29 
  756511:        0        1        2        3        4        5        6        7        8        9       13       14       15       18       19       20       21       22       23       24       25 
  549787:        0        1        2        3        4        5        6        7        8        9       13       14       15       16       19       20       21       22       23       24       25       26       27       28       29 
  721307:        0        1        2        3        5        6        7        8        9       13       14       15       16       17       18       19       20       22       24       26       27       28       29 
  549851:        0        1        2        3        4        5        6        7        8        9       13       14       16       17       18       19       20       21       22       26       27       28       29 
   56842:        0        1        3        4        5        6        7        8        9       13       14       16       17       18       20       21       22       23       24       25       26       27       28       29 
  610013:        0        1        2        3        4        5 
    6597:        0        1        2        3 
  265538:        0        1        2        3        4        5        6 
   32390:        0        1        2        3 
   51631:        0        1        2        3        4        5        6        7 
  111069:        0        1        2        3        4        5 
   64170:        0        1        2        3        4        5        6 
  552187:        0        1 
   76898:        0        1        2        3        4        5        6        7        8 
   79893:        0        1        2        3        4        6 
   94424:        0        1        2        3        5        6        7        8 
  378674:        0        1        2 
  125335:        0        1        2        3        4        5        6        7        8        9       13       14 
  774710:        0        1        2        3        4        5        6 
  169282:        0        1        2        3        4        5        6        7        8        9 
  169862:        0        1        2 
  812564:        0        1        2        3        4        5        6        7        8        9 
  197842:        0        1        2        3        4        5        7 
  515482:        0        1        2        3 
  741966:        0        1        2        3        4        5        6        7 
  271646:        0        1        2        3        4 
  284140:        0        1        2        3 
  640906:        0        1        2        3        4        5        6        7 
  313630:        0        1        2        3        4        5        6 
  343420:        0        1        2        3        4        5        6        7        8        9 
  350808:        0        1        2        3        4        5 
  356771:        0        1        2        3        4        5        6        7 
  382953:        0        1        2        3        4        5        6 
  393532:        0        2        3        4        5        6 
  399195:        0        1        2        3        4 
  814320:        0        1        2        3        5        7        8 
  415092:        0        1        2        3        4        5        6        7        8 
  428453:        0        1        2        3        4        5        6        7        8        9 
   18651:        0        1        3        4        5 
  455880:        0        1        2        3        4        5        6        7        8        9       13       14       15       16 
  457640:        0        1        2        3        4        5        6        7        8 
  459397:        0        1        2        3        4        5        6 
  469962:        0        1        2        5 
  470871:        0        1        2        3        4        5        6 
  488115:        0        1        2        3        4        5 
  513811:        0        1        2        3        4        5        6 
  519414:        0        1        2 
  280421:        0        1        2        3        4 
  544783:        0        1        2        3        4        5        6        7        8        9       13       15       16       17       18       19       21       22       23       24       25       26       27       28       29 
  564073:        0        1        2        3 
  571881:        0        2        3        4 
  632746:        0        1        2        3        4        5        7        8 
  619308:        0        1        2        3        4        5        6        7 
  616508:        0        1        2        3        4        5        8        9 
  766029:        0        1        2        3        4        5 
  621733:        0        1        2        3        4        5 
  624945:        0        1        2        3 
  716767:        0        1        2        3        4        5        6 
  655646:        0        1        2        3        4        5        6 
  664427:        0        1        2        3        4        5        6        7        8 
  784321:        0        1        2 
  424021:        0        1        2        3        4        5        6        7        8 
   11902:        0        1        2        3        4 
  790337:        0        1        2        3 
  817105:        0        1        2        3        4        5        6        7        8        9 
  456538:        0        1        2        3        4        5        6        7 
   34966:        0        1        2        3 
   44609:        0        1        3        4 
  714541:        0        1        2        3        4        5 
  114216:        0        1        2        3        4        5 
  710700:        0        1        2        3        4        5 
  692782:        0        1        2        3        4        5        6        8 
  336137:        0        1        3        4 
  214203:        0        1        2        3        4        5        6        7 
  249392:        0        1        2        3        4 
  716104:        0        1        2        3        4        6 
  261991:        0        1        3        4        5        6        7        8        9       10       11       12       14       15       16       17       18       19       20       21       22       23       24       25       26       27       28       29 
  271232:        0        1        2        3        5        6 
  312050:        0        1        2        3        4        5 
  326233:        0        1        2        3        4        5        6        8 
   75489:        0        1        2        3        4        5 
  365284:        0        1        4        5        6        7        8 
  379946:        0        1        2        3 
  123014:        0        1        2        3        4        5        6        7        8 
  546715:        0        1        2        3        4        5 
  575825:        0        1        2        3        4        5        6        7 
  630032:        0        1        2        3        4        5        6 
  772165:        0        1        2        3        4 
  825678:        0        1        2        3        4        5        8        9 
   98900:        0        1        2        3        4        5        6        7 
   98961:        0        1        2        3        4        5 
  369307:        0        1        2        3        4        5        6        7        8        9       13       14       15       16       17       18       19       21       22       23       27       28       29 
  133522:        0        1        2        3 
  203589:        0        1        2        3        4        5        6        7        8        9 
  262655:        0        1        2        3        4        5        6        7        8        9       10       11       12       13       14       15       16       17       18       19       21       22       24       26       27       28       29 
  266621:        0        1        2        3        4 
   78286:        0        1        2        3        4        5        6        7        8 
  473306:        0        1        2        3        4        5        6 
  444734:        0        1        2        3        4        5        6        7        8        9 
  573607:        0        1        2        4        5        6        7        8 
  699639:        0        1        2        3        4        5        6        7 
  763101:        0        1        2        3        4        5        6        7 
  777759:        0        1        2        3        4        5 
  675344:        0        1        2        3        4        5 
  569932:        0        1        2        3        4        6        7        8        9 
  227722:        0        1        2        3        4        5        7        8        9 
   80881:        0        1        2        3        4        5        6        7 
  293567:        0        1        2        3        4        5        6        7 
  344845:        0        2        3        4        5        6        7        8        9       13       14       15       16       18       19       20       21       24       26       27       28 
  496215:        0        1        2        3        4        5 
  537127:        0        1        2        3        4        5        6 
  571744:        0        1        2        3        4        5        6 
  691767:        0        1        2        3        4 
  752057:        0        1        2        3        4        5        6        7        8        9 
  273370:        0        1        2        3        4        5        6        7        8        9 
   67607:        0        1        2        3        4        6        7        8 
   54038:        0        1        2        3        4        5        6        7        8 
  129866:        0        1        2        3        4        5        6        8        9 
  391703:        0        1        2        3        4        5        6        7 
  238227:        0        1        2        3        4        5        6        7        8        9 
  560664:        0        1        2        3        4        5        6 
  678826:        0        1        3        4        5 
   86443:        0        1        2        3        4        5        6        7 
  172573:        0        1        2        3        4        5        6        7 
  388857:        0        1        2        3        4        5        7        8        9 
  468772:        0        1        3        4        5        6        7        8        9       10       11       12       13       14       15       16       17       18       19       20       21       22       23       24       25       26       27       28       29 
  564382:        0        1        2        3        4        5        6        7 
  596200:        0        1        2        3        4        5        6        7 
  604279:        0        1        2        3        4        5        6        7        8 
  225039:        0        1        2        3        4        5        6        7        8 
  107178:        0        1        2        3        4        5        6        7        8        9 
  283661:        0        1        2        3        4        5        6        7        8 
  447944:        0        1        2        3        4        5        6        7        8        9       13       14       15       16       17       18       19       20       21       23       24       27       28       29 
  452417:        0        1        2        3        4        6        7        8        9 
  575317:        0        1        2        3        4        5        6 
  731301:        0        1        2        3        4        5        6        7        8 
  664148:        0        1        2        3        4        5        6        7        8        9 
   94466:        0        1        2        3        4        5        6        7        8 
   43036:        0        1        2        3        4        5        6        7        8        9       10       11       12       13       14       15       16       17       18       19       20       21       22       23       24       25       26       27       29 
  529560:        0        1        2        3        4        5        6        7        8        9 
    7076:        0        1        2        3        7        8        9       13       14       15       16       17       18       19       20       22       23       24       25       26       28       29 
  401613:        0        1        2        3        4        5        6        7        8        9       13       14       15       16       17       18       19       22       23       24       25       26       27       28       29 
  789107:        0        1        2        3        4        5        6        7        8        9       13       14       15       16       17       18       19       20       21       22       23       24       25       26       27       28       29 
  249299:        0        1        2        3        4        5        6        7        8        9       13       14       15       16       17       18       19       21       22       23       24       25       26       27       28       29 
  806575:        0        1        2        3        5        6        8        9       13       14       15       16       17       19       20       21       22       23       24       25       26       27 
  453388:        0        1        3        4        5        6        7        8        9       10       11       12       13       14       15       16       17       18       19       20       21       22       23       24       26       27       28 
  313200:        0        1        2        3        4        5        6        7        8        9       13       14       15       16       17       18       19       20       21       22       23       24       25       26       27       28       29 
  719173:        0        1        2        3        4        5        6        7        8        9       13       14       15       16       17       18       19       20       21       22       23       24       25       26       27       28 
  184243:        0        1        2        3        4        5        6        7        8        9       10       11       12       13       15       16       17       18       19       20       21       22       23       24       25       26       27       28       29 
  305609:        0        1        2        4        6        7        8        9       13       14       15       16       17       18       19       20       21       22       23       24       25       27       28       29 
   20529:        0        1        2        3        4        5        6        7        8        9       13       14       15       16       18       19       21       22       23       24       25       26       27       28       29 
   42095:        0        1        2        3        4        5        6        7        8       10       11       13       14       15       16       17       18       19       20       21       22       23       24       25       26       27       28       29 
   70914:        0        1        2        3        4        5        6        7        8        9       13       14       15       16       17       18       20       21       22       23       24       25       26       27       28       29 
  425096:        0        2        3        4        5        6        7        8        9       13       14       15       17       18       19       20       21       22       23       24       25       26       27       28 
   48280:        0        1        2        3        4        5        6        7        8        9       10       11       12       13       14       15       18       19       20       21       22       23       24       25       26       27       28       29 
  273537:        0        1        2        3        4        5        6        7        8        9       13       14       15       16       17       18       19       20       21       22       23       25       26       27       28       29 
  602726:        0        1        3        4        5        6        7        8        9       10       11       12       13       14       15       17       18       19       20       21       22       23       24       25       26       27       28       29 
  231967:        0        1        2        3        4        5        6        7        8        9       10       11       12       14       15       16       17       18       19       20       21       22       23       24       25       26       27       28       29 
  631672:        0        1        2        3        4        5        6        7        8        9       13       14       15       17       18       19       21       22       23       24       25       27       28       29 
   15208:        0        1        2        3        4 
   53060:        0        1 
  119558:        0        2 
  153116:        0        1 
  237962:        0        1 
  265215:        0        1        2        3        4 
  288744:        0        1        2        3        4 
  330118:        0        1        2        3 
  358326:        0        1        2        3 
  380552:        0        1        2 
  447598:        0        1        2        3        4        5 
  457861:        0        1 
  467146:        0        1 
  511648:        0        1        2        3 
  513549:        0        1 
  536712:        0        1        3        4 
  536936:        0        1        2        3        5        6        7 
  537590:        0        1        2 
  562158:        0        1        2        3        4        5        6        7        8 
  565775:        0        1        2 
  571632:        0        1 
  574904:        0        1        2        3 
  577667:        0        1 
  584882:        0        1        3        4 
  618599:        0        1        2        3        4 
  625785:        0        1        2        3        4        5        6 
  641140:        0        1 
  646124:        0        1        2        4        5        6 
  673564:        0        1        2        3        4        5        6 
  726882:        0        2        3        4        5 
  747620:        0        1 
  747775:        0        2        3 
  755178:        0        1        2 
  759959:        0        1 
  794512:        0        1        2        3        4 
  813060:        0        1 
  282044:        0        1        2        3        4        5        7        8        9 
  266619:        0        1        2        4        5        6        7        8        9 
  713966:        0        1        2        3        4        5        6        7        8        9       13       14       15       16       17       18       19       20       21       23       25       26       27       28       29 
  757073:        0        1        2        3        4        5        6        7        8        9       13       14       15       16       18       19       20       21       22       23       24       25       26       27 
