   35127:        0        2        4 
  163510:        0        1        2        3        4        5        7        8        9 
  182834:        0        1 
  187099:        0        1        3        4 
  382497:        0        1        2        3        7        8        9       13       14       15       16       17       18       19       20       21       22       23       24       25       27       28       29 
  586557:        0        1        2        3        4 
  624743:        0        1        2 
  617075:        0        1        2        3        4        5        6 
  200457:        0        1        2        3        4        5        6        7        8 
   98469:        0        1        2        3        4        5        7        8        9 
    5240:        0        1        2        3        4        5        6        7 
   35426:        0        1        2        3        4 
   66524:        0        1        2        3        4        5        6        7        8 
   80131:        0        1        2        3        4        5        6        7        8        9 
   81190:        0        1        2        3 
   93664:        0        1        2        3        4        5        6        7        8 
  102456:        0        2        3        4        5        6 
  114807:        0        1        2        3        4 
  125225:        0        1        2        3        4        5        6        7        8 
  128287:        0        1        2        3        4 
  129564:        0        1        2        3        5        7 
  129671:        0        1        2        3        4 
  133018:        0        1        2        3        4        5        6        7 
  144631:        0        1        2 
  149513:        0        1        2        3        4 
  154207:        0        1        3        4 
  160568:        0        1 
  173740:        0        1        2        3        4        5        6        7        8        9 
  174009:        0        1        2        3        4        5        6        7        8        9       10       11       12       13       14       15       16       17       18       19       20       21       22       23       25       26       27       28       29 
  181919:        0        1        2        3        4        5        7        8 
  186698:        0        1        2        3        5 
  191829:        0        1        2        3        4        5 
  194735:        0        1        2        3 
  199738:        0        1        2        4        5        6        7        8 
  209056:        0        1        2        3 
  216120:        0        1        3        5        6        7 
  218392:        0        1        2        3        4        5        6        7        8        9       10       11       12       13       15       16       17       18       19       20       21       22       23       24       26       27       28       29 
  218393:        0        1        2        3        4 
  221686:        0        1        2 
  233961:        0        1        3        4        5        6        7        8 
  235462:        0        1        2        3        4        5        6        7 
  240034:        0        1        2        3        4 
  242026:        0        1        2        3        4        5        6 
  258011:        0        1        2        3        4        5        6 
  264246:        0        1        2        3        4        5        6        7        8 
  277024:        0        1        2        3        4 
  279587:        0        1        2        3        4        5 
  279727:        0        1        2        3        4        5        8 
  288313:        0        1        2        3        4 
  293713:        0        1 
  298928:        0        1        2        3        4        5        6        7        8        9 
  305280:        0        1        2        3        4 
  312247:        0        1        2        3        4        5        6        7        8        9 
  314705:        0        1        2        3        4        5        6        7        8        9       10       13       14       15       16       18       19       20       21       22       23       24       25       26       27       28       29 
  329362:        0        1        2        3        4        5 
  344516:        0        1        2        3 
  351231:        0        1        2        3        4        5        6        7        8 
  354077:        0        1        2        3        4        5        6        7 
  358911:        0        1        2        3        4        5        6        7        8        9 
  381099:        0        1        2        3        4        5 
  383770:        0        1        2        3        4        5        6        7 
  393199:        0        1        2        3        4        5        6        7 
  401437:        0        1        2        3        5 
  415250:        0        1        2        3        4        6 
  415537:        0        1        2        3        4        5        6        7        8        9 
  424781:        0        1        2        3        4        5        6        7        8        9 
  439303:        0        1        2        3        4        5        6        7        8 
  444706:        0        1        2        3        4        5        6        7 
  449244:        0        2        4        5        6        7        8 
  450385:        0        1        2        3        4        5        6        8 
  453655:        0        1        2        3        4        5        6        7        8        9       13       14       15       16       17       18       19       20       21       22       23       24       25       26       27       28       29 
  463364:        0        1        2        3        4        5        6 
  474910:        0        1        2        3        4        5 
  483622:        0        1 
  503774:        0        1        2        4        5        6        7        8 
  508931:        0        1        2        3        4 
  509895:        0        1        2        3        4        6        7 
  511941:        0        1        2        3        4        5 
  517575:        0        1        2        3        4 
  521009:        0        1        3        4        5        6        7        8        9       10       11       12       14       15       16       17       18       19       20       21       22       23       24       25       26       28       29 
  523572:        0        1        2        3        4        5        6        7        8        9       10       11       12       13       14       15       16       17       18       19       20       21       22       23       24       25       26       27       28       29 
  526901:        0        1        2        3        4        6        7 
  539363:        0        2        3        4 
  549237:        0        1        2        3        4        5        6        7        8        9 
  550112:        0        1        2        3        4        5        6        7 
  553049:        0        1        2        4 
  555254:        0        1        2        3        4        5        6        7        8        9 
  559465:        0        1        2 
  578408:        0        1        2        4        5        6        7        8       10       11       12       13       14       15       16       17       18       19       20       21       22       23       24       25       26       27       28       29 
  587205:        0        1        2        3        4        5        6        7        8        9       10       11       12       13       14       15       16       17       18       19       21       22       23       25       26       27       28       29 
  656469:        0        1 
  661593:        0        2        3        4        5        6 
  670472:        0        1        2        3        4        5        6        7        8        9 
  675237:        0        1        2        3        4        5 
  441929:        0        1        2        3        4        5        6 
   36188:        0        1        3        4        5        6        7        8        9 
  372845:        0        1        2        3        4        5        6        7        8        9       13       14       16       17       18       19       20       21       22       23       24       25       26       27       28       29 
  490207:        0        1        2        3        4        5        6        7        8        9       13       14       15       16       17       18       19       20       21       22       23       24       25       26       27       28       29 
  634514:        0        1        2        3        4        5        6        7        8        9       13       14       15       16       17       18       19       20       21       22       23       25       26       27       28       29 
  338603:        0        2        3        4        5        6        7        8        9       13       14       15       16       17       18       19       20       22       23       24       25       26       27       28 
  203033:        0        1        2        3        4        6        7        8        9       13       14       15       16       17       18       19       20       21       22       23       24       25       26       27       28       29 
  470614:        0        1        2        3        4        5        6        7        8        9       13       14       15       16       17       18       19       20       21       22       23       24       25       26       27       28       29 
  420314:        0        1        2        3        4        5        6        7        8        9       13       14       15       17       18       19       20       21       22       23       24       25       26       27       28       29 
  236887:        0        1        2        3        4        6        8        9       13       15       16       17       18       20       21       22       23       24       25       27       28       29 
  607875:        0        1        2        3        4        5        6        7 
   14669:        0        1        2        3        4        5 
   16921:        0        1        2        3        4        5        6        7        8 
   18754:        0        1        2        3        4        5        6        8        9       13       14       15       19       21       22       23       24       25       26 
   20043:        0        1        2 
  617536:        0        1        2        3        4 
   46605:        0        1        2        4        5 
  105006:        0        1        2        3        4        5        6        7        8 
   55925:        0        1        2 
  533591:        0        1        2        3        4        5        6        7        8        9       13       14       15       17       18       20       21       22       23       24       27       28       29 
   64477:        0        1        2        4        5 
   64491:        0        1        2        3        4        5        6 
  142935:        0        1        2        3        4        5        6        7        8 
   82300:        0        1        2        3        4        5        6        7        8 
   83636:        0        1        2        3 
  105388:        0        1        2 
  231706:        0        1        2        3        4        5        6 
  146034:        0        1        2        3        4        5 
  150785:        0        1        2        3        5        7        8        9       13       14       15       16       17       18       20       21       23       24       25       26       27       28       29 
  484049:        0        1        2        3        4        5        6 
  529261:        0        1        2        3        4 
  608374:        0        1        2        3        4        5        6        7 
  494654:        0        1        2        3        4        5 
  173769:        0        1        2        3        4        5 
  229031:        0        1        2        3        4        5        8 
  231594:        0        1        2        3        4        5        6        7 
  233192:        0        1        2 
  236604:        0        1        2        3        4        5        6 
  255192:        0        1        2        3        4        5        6 
  250934:        0        1        2        3        4 
  262642:        0        1        2        3        5        6        7        8        9 
  676518:        0        1        2        3 
  306409:        0        2        3        4        5        6        7        8        9 
  309891:        0        1        2        3        4        5        6        7        8 
  270627:        0        1        2        3        4        5        6        7        8 
  341325:        0        1        2 
  376664:        0        1        2        3        4        5        6 
  612109:        0        1        2        3        4        5        6 
  397099:        0        1        2        3 
  493371:        0        1        2        3        4        5        6 
  409958:        0        1        2        3        4        5        6        7 
  418046:        0        1        2        3        4        5        6 
  452733:        0        1        2        3        4        5        6 
   50537:        0        1        2        3        4        5 
  440943:        0        1        2        3        4        6        7 
  485927:        0        1        2        3        4        5        6        7        8 
  419334:        0        1        2        3        4        5        6 
  620436:        0        1        2        3        4        5        6        7        8 
  465490:        0        1        2        3        4        5        6 
  474296:        0        1        2        3        4        5        6        7 
  634366:        0        2        3        4        5        7        8        9 
  488191:        0        1        2        3        4        6        7 
   98484:        0        1        2        3        4        5        6        7        8        9 
  195969:        0        1        2 
  555358:        0        1        2 
  556245:        0        1        2        3        4        5        6        7 
  142812:        0        1        2        3        4 
  592908:        0        1        2        3        4        5        6        9 
  593943:        0        1        2        3        4        5        6        7 
   69376:        0        1        2        3        4 
  647409:        0        1        2        3        4        5        6        7 
  662205:        0        1        2        3        4        5 
   39037:        0        1        2        3        4        5        6        7        8        9 
   60319:        0        1        2        3        4        5        6        7        8 
  225995:        0        1        2        3        4 
   36050:        0        1        2        3        4 
  189684:        0        1        2        3 
  312815:        0        1        2        3        4 
  326952:        0        1        4        5        6 
   16305:        0        1        2        3        4        5        6        7        8        9 
  340469:        0        1        2        3        4        5        6        7        8 
  362546:        0        1        2        3        4        5        6        7        8 
  353485:        0        1        2        3        4        5        6        7        8 
  424989:        0        1        2        3        4        5        6        7 
  435522:        0        1        2        3        4        5        6        7 
  442146:        0        1        2        3        4 
  522228:        0        1        2        3        4        5 
  585667:        0        1        2        3        4        5        6 
  506730:        0        2        3        4        5        6        7 
  603070:        0        1        2        3        4        5        6 
  622718:        0        1        2        3 
  655968:        0        1        2        3        4        5 
  122998:        0        1        2        3        4        5 
  680896:        0        1        2        3        4        5        6        7        8 
  250791:        0        1        2        3        6        7        8 
  260582:        0        2        3        4        5        6        7        8 
  271133:        0        1        2        3        4        5        6 
  299747:        0        1        2        3        4 
  396321:        0        1        2        3        4        5        6        7        8 
  436936:        0        1        2        3        4 
  371795:        0        1        2        3        6        7        8        9       13       14       17       18       19       20       21       22 
  564905:        0        1        2        3        4        5        6        8 
   13032:        0        2        3        4        5        6 
  303477:        0        1        2        3        4        5        6 
  193293:        0        1        2        3        4        5        6        7        9 
  399620:        0        1        2        3        4        5 
  502758:        0        2        3        4        5        6        7        8 
  539506:        0        1        2        3        4        5        6        7        8        9       13       14       15       16       17       18       19       20       23       24       25       26       27       28       29 
  602391:        0        1        2        3        4        5 
  677653:        0        1        2        3        4        5        6        7        8 
  103164:        0        1        2        3        4        5        6        7        8 
  103541:        0        1        2        3        4        5        6        7        8 
   57827:        0        1        2        3        4        5        6        7 
  433707:        0        1        3        5        6 
  237700:        0        1        2        3        4        5        6 
  259616:        0        1        2        3        4        5 
  384945:        0        1        2        3        4        5        6 
   24495:        0        1        2        3        4        5        6        7        8 
  521334:        0        1        2        3        4        5        6        7        9       10       11       12       13       14       15       16       18       19       20       21       22       23       24       25       26       27       28       29 
  592573:        0        1        3        4 
  612542:        0        1        2        3        4        5        6        7        8        9       13       14       15       16       17       18       19       20       21       22       23       24       25       26       27       28       29 
   11662:        0        1        2        3        4        5        6        7 
  300319:        0        1        2        3        4        5        6        7        8        9 
  450040:        0        1        2        3        4        5        6        7        8 
  377202:        0        1        2        3        4        5        6        7        8        9 
   64929:        0        1        2        3        4        5        6        7        8        9 
   66349:        0        1        3        4        5        6        7        8 
  139380:        0        1        2        3        4        5        6        7        8        9 
  163588:        0        1        2        3        4        5        6        7        8 
  511934:        0        1        2        3        4        5        6        7        8 
  608207:        0        1        2        4        5        6        7        8        9       13       14       15       16       17       18       19       20       21       22       23       24       25       26       27       28       29 
  594410:        0        1        3        4        5        6        7        8        9       13       14       15       16       17       18       19       20       22       23       24       25       26       27       28 
  591513:        0        1        2        3        4        5        6        7        8        9       13       14       15       16 
  273628:        0        1        2        3        4        5        6        8        9       13       14       15       16       17       18       19       20       21       22       23       25       26       27       28       29 
  508785:        0        1        2        3        4        5        6        7        8        9       10       11       12       13       14       17       18       19       20       22       23       24       25       26       27       28       29 
  535165:        0        1        2        3        4        5        6        7        8        9       13       14       15       16       18       20       21       23       24       25       26 
  264836:        0        1        2        3        4        5        6        7        8        9       13       14       15       16       17       18       19       20       21       22       23       24       25       26       27 
   28148:        0        1        4        6        8        9       13       15       16       19       22       23 
   76864:        0        1        2        3        4        5        6        7        8        9       13       14       18       19       20       21       22       23       24       25       26       27 
  156787:        0        1        2        5        7        8        9       13       14       15       16       17       18       19       20       21       22       23       24       25       26       27       28       29 
   56779:        0        1        2        3        4        5        6        7        8        9       13       14       17       18       19       21       22       23       24       25       26       27       28       29 
  266124:        0        1        2        3        4        5        6        7        8        9       10       11       12       13       14       15       16       17       18       19       20       21       22       23       24       26       27       28       29 
  281535:        0        1        2        3        4        6        7        8        9       13       14       15       17       18       19       20       21       22       23       24       25       28       29 
  503959:        0        1        2        3        4        5        6        7        8        9       13       14       15       16       17       18       19       20       21       22       24       25       26       27       28       29 
  406928:        0        1        2        3        4        5        6        7        8        9       13       14       15       16       17       18       19       20       22       23       25       26       27       28       29 
  509892:        0        1        2        3        4        5        6        7        8        9       13       15       16       17       18       19       20       21       22       25       26       27       28       29 
  335266:        0        1        2        3        4        5        6        7        8        9       13       14       15       16       17       18       19       21       22       23       24       25       26       27       28       29 
  283867:        0        1        2        3        4        5        6        7        8        9       13       14       15       17       18       19       20       21       22       23       24       25       26       27       28       29 
  176930:        0        1        2        3        4        5        6        7        8        9       13       14       15       18       19       20       21       22       23       24       25       27       28       29 
  381956:        0        1        2        3        4        5        6        7        8        9       13       14       15       16       17       18       19       21       22       23       24       25       26       27       28       29 
   19208:        0        1        4        5 
   85383:        0        1 
  113309:        0        1        2 
  115238:        0        1 
  117043:        0        1        2        5        6        8        9 
  147213:        0        2        4 
  149616:        0        1        2        3        4        5 
  155724:        0        1        2        3        4 
  168153:        0        2        3        4        5 
  170357:        0        1        2        3        4        5 
  173367:        0        2 
  189609:        0        1 
  198739:        0        1        3        4 
  206051:        0        1        2        3 
  223317:        0        1 
  229311:        0        1        2        3        4        5        6 
  257235:        0        1 
  257457:        0        1        2        4        5 
  289790:        0        1        2        3        4        5 
  335446:        0        1 
  338638:        0        1        2 
  341174:        0        1 
  403674:        0        1        2        3        4        5        6        8        9 
  427240:        0        3 
  451467:        0        1        3        4        5        6        7 
  452888:        0        1 
  456017:        0        1        2        5 
  456883:        0        1        2        3        4 
  475749:        0        1 
  476967:        0        1        2 
  484158:        0        1        2        3 
  504550:        0        1        2        3        4 
  512488:        0        1        2        3        4 
  523930:        0        1 
  527390:        0        1 
  543946:        0        1 
  546148:        0        1 
  548538:        0        1        3        4        5        6        8        9 
  583847:        0        1        2        3 
  601639:        0        1        2        3        4        5 
  611844:        0        1        2        3 
  614772:        0        2 
  617805:        0        1 
  621636:        0        1        2        3        4        5        8 
  631923:        0        2 
  641250:        0        1        2        3        4        5        6 
  644930:        0        1 
  646885:        0        1 
  651553:        0        1        2        3        4        5        6        7        8        9 
  669786:        0        3        4 
  681725:        0        1        3        4        5        6 
  335965:        0        1        2        4        5        6        7        8        9 
  298734:        0        1        2        3        4        5        6        7        8        9       13       14       15       16       17       18       19       20       22       23       24       25       26       27       28       29 
   96962:        0        1        2        3        4        5        6        7        8        9       13       14       15       16       17       18       19       20       21       22       24       25       27       28       29 
