   85568:        0        1        2 
  382478:        0        1        2        3        4        5        6        7        8 
  510183:        0        1        3        4        5        6        7        9 
  554233:        0        1        2        3        4        5        6        7        8        9 
  583664:        0        1        2        3        4        5        6 
  621075:        0        2        3        4 
  769083:        0        1        2        3        4 
  883935:        0        1        2        3 
  950043:        0        1        2        3        4 
  241575:        0        1        2        3        4 
   41812:        0        1        2        3        4        5        6        7        8 
  645796:        0        1        2        3        5        6        7        8        9       10       11       12       13       14       16       17       18       19       20       21       22       23       24       25       26       27       28       29 
   12280:        0        1        2        3        4        5        6 
   22393:        0        1        2        3        4        5        6        7        8        9 
   32642:        0        1        2        3        4 
   73674:        0        1        2        3        5 
   76915:        0        1        2        3        4        5        6        7        8        9       13       14       15       16       17       18       19       20       21       22       23       24       25       26       27       28       29 
   79503:        0        2        3        4        5        6        7        8 
  104592:        0        1        2        3        4        5 
  127721:        0        1        2        3        4        5 
  142678:        0        1        2        3        4        5        6        7 
  152063:        0        1        2        3        4        5        6        7        8        9       13       14       15       16       17       18       19       20       22       23       24       25       26       27       28       29 
  154187:        0        1        2        3        4 
  162361:        0        1        3        4        5        6        7 
  168596:        0        1        2        3        4        6        7        8        9 
  174770:        0        2        3        4        5        6        7        8 
  182959:        0        1        2        3        4        5        6        7 
  190824:        0        1        2        3        4        5        6 
  223509:        0        1        2        3        4        5        6        7        8 
  239068:        0        1        2        3        4 
  257852:        0        1        2        3        4        5        6        7        8        9       10       11       12       13       14       15       16       17       18       19       20       21       22       23       24       25       26       27       28       29 
  258431:        0        1        2        3        4        5 
  265983:        0        1        2 
  294006:        0        1        2 
  315224:        0        1 
  318813:        0        1        2        3        4        5        6        7        8        9       10       11       12       13       14       15       16       17       18       19       20       21       22       23       24       25       26       27       28       29 
  347244:        0        1        2        3        4        5        6        7        8        9       13       14       15       16       18       19       20       21       22       23       24       25       27       28       29 
  356516:        0        1        2 
  358661:        0        1        2        3        4 
  383592:        0        1        2        3        4 
  385288:        0        1        2        3        4        5        8 
  390093:        0        1        2        4 
  417626:        0        1        2        3        5        6 
  418676:        0        1        2        3        4        5        6 
  438322:        0        1        2 
  461187:        0        1        2        3        4        6        7        8 
  471300:        0        1        2        3        4        5        6        7        8        9 
  477015:        0        1        2        3        4 
  477182:        0        1        2        3        4        5        7        8        9       13       14       15       16       17       18       19       20       21       22       23       24       25       26       27       28       29 
  479833:        0        1        2        4 
  482193:        0        1        2        3        4        5        7 
  486374:        0        1        2        3        4        5        6 
  496209:        0        1        2        3        4        5        6        8        9 
  504897:        0        1        2        3        4        5        8 
  514895:        0        1        2        3        4 
  520020:        0        1        2        3        4        5        6        7 
  529563:        0        1        2        3 
  533652:        0        2        3        4        5        6        7        8 
  562916:        0        1        2        3        4        5        6        7        8 
  585338:        0        1        2        3        4        5 
  587003:        0        2        3 
  594974:        0        1        2        3        4        5        6        7 
  603710:        0        1        3        4 
  606482:        0        1        2        3        4        5        6        7        8 
  607641:        0        1        2        3        4 
  614141:        0        1        2        3 
  639475:        0        1        2        3        4        5        6        7        8        9       10       11       12       14       15       17       18       19       20       21       22       23       24       25       26       27       28       29 
  651498:        0        1        2        3        4        5        6 
  662936:        0        1 
  667968:        0        1        2        3        4 
  670039:        0        1        3        4 
  683013:        0        1        2        3        4 
  690180:        0        1        2        3        4        5 
  696212:        0        2        3        4        5        6        7        8        9       12       13       15       16       17       18       19       20       21       22       23       24       25       26       27 
  697152:        0        1        2        3        4        5        6        7 
  720074:        0        1        3        4        5        6        7        8        9       10       11       12       13       14       15       16       17       18       19       20       21       22       23       24       25       26       27       28       29 
  726236:        0        1        2        3        4        5        6        7        8        9 
  742829:        0        1        2        4 
  758779:        0        2        3        4 
  759033:        0        1        2        3        4        5        6        7        8 
  760308:        0        1        2        3        5        6        7        8        9       11       12       13       14       15       18       20       21       22       23       24       25       26       27       28 
  761974:        0        1        2        3        4 
  786765:        0        1        2        3        4 
  791925:        0        1        2        3        4        5        6 
  818281:        0        1        2        4 
  823718:        0        1        2 
  828462:        0        1        2        3        4 
  833445:        0        1        2 
  850965:        0        1        2        3        4 
  855125:        0        1        2        3        4        5 
  868882:        0        2        3        4 
  869216:        0        1        2        3        4        7        8        9       10       11       13       14       15       16       17       18       19       20       21       22       23       24       25       26       28       29 
  882057:        0        1        2        4 
  887105:        0        1        2        3        5        6        7        8        9       10       11       12       13       14       15       16       17       18       21       22       23       25       26       27       28       29 
  908425:        0        1        2        3        4        5        6        7        8        9       10       11       12       13       14       15       16       17       20       21       22       23       24       25       26       27       28       29 
  915384:        0        1        2        3        4        5        6        7        8        9       10       11       12       13       14       15       16       17       18       19       20       21       22       23       24       25       26       27       28       29 
  920397:        0        1        2 
  923247:        0        1        2        3        4 
  924102:        0        1        2        3        4        5        6        7        8        9       13       15       16       17       18       19       20       21       22       23       24       25       26       27       28       29 
  934692:        0        1        2        3        4        5        6        7 
  944300:        0        1        2        3        4        5        6        7        9       10       12       13       14       16       17       18       19       20       21       22       23       24       25       26       27       28       29 
  946476:        0        1        2        3 
  946955:        0        1        2        3        4        5        6        8        9 
  954977:        0        1        2        3        4 
  954997:        0        1        2        4 
  969612:        0        1        2        3        4        5        6        7        8        9 
  973780:        0        1        2        3        4        5        8        9       10       11       12       13       14       15       16       17       18       19       20       21       22       23       24       25       26       27       28       29 
  978059:        0        1        2        3        4        5        6 
  986127:        0        1        2        3 
  148373:        0        1        2        3        4        5        6        7        8 
  906923:        0        1        2        3        4        7        8        9 
  607503:        0        1        2        3        4        5        6        7        8        9       13       14       15       16       17       18       19       20       21       22       23       24       25       26       27       28 
  632563:        0        2        3        4        5        6        7        8        9       13       14       15       16       17       18       19       20       21       22       23       24       26       27       28       29 
  785221:        0        1        2        3        5        6        7        8        9       13       14       15       16       17       18       19       20       21       22       23       24       25       26       27       28       29 
  833570:        0        1        2        3        4        5        6        7        8        9       13       14       15       16       17       18       19       20       21       22       23       25       26       27       28 
  838686:        0        1        2        3        4        5        6        7        8        9       13       14       15       16       17       18       19       20       21       22       23       24       25       26       27       28       29 
  463684:        0        1        2        3        4        5        6        7        8        9       13       14       15       16       17       18       19       20       21       22       23       24       25       26       27       28       29 
  148432:        0        1        2        3        4        5        6        7        8        9       13       14       15       16       17       18       19       20       21       22       23       24       25       26       27       28       29 
  523331:        0        1        2        3        4        5        6        7        8        9       13       14       15       16       19       22       23       24       25       26       27       28       29 
  399514:        0        1        2        4        5        6        7        8        9       10       11       12       13       14       15       16       17       18       19       20       21       22       23       24       25       26       27       28       29 
  457957:        0        1        2        3        4        5        6        7        8        9       13       14       15       16       17       18       19       20       21       22       23       24       25       26       27       28       29 
  674720:        0        1        2        3        4        5        6        8        9       10       11       12       13       14       15       16       17       19       20       22       23       24       26       27       28       29 
  441525:        0        1        2        3        4        5        6        8        9       10       11       12       13       14       15       16       17       18       19       20       21       22       23       24       26       27       28       29 
  154977:        0        1        2        3        4        5        6        7        8        9       13       14       15       16       17       18       19       20       21       22       23       24       25       26       27       28       29 
  444474:        0        1        2        3        4        5        6        7        8        9       13       14       15       16       17       18       19       20       21       22       23       24       25       26       27       28       29 
  352429:        0        1        2        3        4        5        6        7        8        9       10       11       12       13       14       15       16       17       18       19       20       21       23       24       25       26       27       28       29 
  702274:        0        1        2        3        4        5        6        7        8        9       13       14       15       16       17       18       19       20       21       22       23       24       25       26       27       28 
  575424:        0        1        2        3        4        5        6        7        8        9       10       11       12       13       14       15       16       17       18       19       20       21       22       23       24       25       26       27       28       29 
  990936:        0        1        2        3        4        5        6        7        9       13       14       15       16       17       18       19       20       21       22       23       24       25       26       27       28       29 
  790177:        0        1        2        3        4        5        6        7        8        9       10       11       12       13       14       15       16       17       18       19       20       21       22       23       24       25       26       28       29 
  982696:        0        1        2        3        4        5        6        7        8        9 
   53921:        0        1        2        3        4 
   75196:        0        1        2        3        4 
  262156:        0        1        2        3        4 
   75510:        0        1        2        3        4        5        6 
  587906:        0        1        2        3 
   98103:        0        1        2        3        4        5        6        7        8        9 
   98918:        0        1        2        3        4        5        6        7        8        9       13       15       16       18       19       20       21       22       24       25       26       27       28       29 
  113680:        0        1        2        3        4        5        6 
  137202:        0        1        2        3        4        5        6 
  147346:        0        1        2 
  172123:        0        1        2        3        4        5        6        7 
  733236:        0        1        2        3        5        6        7 
  843367:        0        1        2        3        4        5        6        7        8 
  270304:        0        1        2        3        4        5        6        7        8        9 
  285665:        0        1        2        3        4        5        6        7        8 
  293097:        0        1        2        3        4        6        7        8        9       13       14       15       16       17       18       20       21       24       25       26       27       28       29 
  936789:        0        1        2        3        4        5        6        7        8        9       13       14       15       16       17       18       19       20       21       22       23       24       25       26       27       28       29 
  341719:        0        1        3        4        5        6 
  343727:        0        1        2        3        4 
  346029:        0        1        2        3        5        6        7 
  364308:        0        1        2        3        4        5        6 
  979525:        0        1        2        3        4        5        6        7        8 
  650599:        0        1        2        3        4        5        6        7        8 
  517988:        0        1        2        3        4        5        6        7        8        9 
  408802:        0        1        2        3        4        5        6 
  430629:        0        1        2        3        4        5        6        7        8        9 
  444026:        0        1        2        3        4        5 
  447206:        0        1        2        4 
  453882:        0        1        2        3        4        5        6        8 
  728387:        0        1        2        3        4        5        6        7        8        9 
  459327:        0        1        2        3        4 
  467528:        0        1        2        3        4        5        6 
  490454:        0        1        2        3        5        6        7        8        9 
  496778:        0        1        2        3        4        6        7 
  516186:        0        1        2        3        4        5 
  895822:        0        1        2        3        4        5        6 
  576713:        0        1        2        3        4        5        6        7        8 
  402570:        0        1        2        4 
  607308:        0        1        2        5        6        7 
  616058:        0        1        2        5 
  625817:        0        1        2        3        4        5        6 
  625907:        0        1        2        3        4 
  652910:        0        1        2        3        4 
  653744:        0        1        2        3        4 
  518821:        0        1        3        4        5        6 
  357018:        0        1        2        3        4 
  693024:        0        1        2        3        4 
  707754:        0        1        2        3        4        5 
  787777:        0        1        2        3        4 
  815331:        0        1        2        3        4        5        6 
  918307:        0        1        2 
  948478:        0        1        2        3        4        5 
   34798:        0        1        2        3        4 
  972456:        0        1        2 
  980278:        0        1        2        3        4        5        6        7        8        9 
    9356:        0        1        2        3        4 
   52271:        0        1        2        3        4        5        6        7        8 
  469041:        0        1        2        3        4        5 
   94194:        0        1        2        3        4        5        6 
  451920:        0        1        2        3        5        6        7 
  250853:        0        1        3        4        6        7 
  289546:        0        1        2        3        4        5        6        7        8 
  411601:        0        1        3        4        5        6 
  595237:        0        1        2        3        4        5        6        7 
  468397:        0        1        2        3        4        5 
  233787:        0        1        2        3        4        5        6        7        8        9 
  849012:        0        1        2        3        4        5 
  898429:        0        1        2        3        4 
  716042:        0        1        2        3        4        5        6        7 
  227768:        0        1        2        3        4 
  739855:        0        1        3        4        5        7        8        9 
  623644:        0        2        3        4 
  614611:        0        1        2        3        4        5        6        7        8        9 
  382186:        0        1        2        3        4        5        6        7        8 
  356399:        0        1        3        4        5        6        7        8        9 
  612087:        0        1        2        3        4        5        6        7 
  630769:        0        1        2        3        4        5        6 
  598632:        0        1        2        3        5        6        7 
  947035:        0        1        2        3        4        5        6        7        8        9 
   59685:        0        1        2        3        4        5 
  170342:        0        1        2        3        4        5        7        8 
  299327:        0        1        2        3        4        5        8        9 
  512031:        0        1        2        3        4 
  626941:        0        1        2        3        4        5 
  713709:        0        1        2        3        4 
  805711:        0        1        2        3        4        5 
  601585:        0        1        3        4 
   70065:        0        1        2        3        4        5        6        7        8 
  277971:        0        1        2        3        4        5        6        7        8 
  590342:        0        1        2        3        4        5        6        7        8        9 
  737717:        0        1        2        3        4        5        6        7        8 
  363437:        0        1        2        3        4        5 
  376774:        0        1        2        3        4        5        6        7        8        9       10       11       12       13       14       15       16       17       18       19       21       22       23       24       25       26       27       28       29 
  220291:        0        1        2        3        4        5        6        7        8 
  594036:        0        1        2        3        4        5        6        7        8        9 
  924359:        0        1        2        4        5        6        7        8 
  694735:        0        1        2        3        4        5        6        7 
  904446:        0        1        4        6        7        8        9 
  994551:        0        1        2        3        4        5        6        7 
   43891:        0        1        2        3        4        5        6        7 
  206134:        0        1        2        3        4        5        7        8        9 
  415058:        0        1        2        3        4        5        6        8        9 
  500005:        0        1        2        4        5        7        8        9 
  121376:        0        1        2        3        4        5        6        7        8        9       10       11       12       13       14       15       16       17       18       19       20       21       22       23       24       25       26       27       28       29 
  679170:        0        1        2        3        4        5        6        7 
  876655:        0        1        2        3        4        5        6        7        8        9 
  751281:        0        1        2        3        4        5        7        8        9 
  722401:        0        1        2        3        4        5        6        7        8        9       13       14       15       16       17       18       19       20       21       22       23       24       25       26       27       28       29 
  772811:        0        1        2        3        4        5        6        7        8        9       13       14       15       16       17       18       19       20       21       22       23       24       25       26       27       28       29 
  902989:        0        1        2        3        4        5        6        7        8        9       13       14       15       16       18       19       22       23       24       25       26       27       28       29 
  692830:        0        1        2        3        5        6        7        8        9       13       16       17       18       21       22       23       24       26       27       28       29 
  659996:        0        1        2        3        4        5        6        7        8        9       10       11       12       13       14       15       16       17       18       19       20       21       22       23       24       25       26       27       28       29 
  723328:        0        1        2        3        4        5        6        7        8        9       13       14       15       16       17       18       19       20       21       22       23       24       25       26       27       28       29 
  189106:        0        1        2        3        4        5        6        7        8        9       10       11       13       14       16       17       18       19       20       21       22       23       24       25       26       27       28       29 
  735291:        0        1        2        3        4        5        6        7        9       13       14       15       17       18       19       22       25       26       27       28       29 
  442766:        0        1        2        4        5        6        8        9       13       14       15       16       17       18       19       20       21       22       23       24       25       26       27       28       29 
  918417:        0        1        3        4        5        6        7        8        9       13       14       15       16       17       18       19       20       21       22       23       24       25       26       27       28       29 
  324458:        0        1        2        3        4        5        6        7        8        9       13       14       17       18       19       20       21       22       23       24       25       26       27       28       29 
  854243:        0        2        3        4        5        6        7        8        9       13       14       16       17       18       19       20       21       22       23       24       25       26       28 
  266071:        0        1        2        3        4        5        6        7        8        9       13       14       15       16       17       18       19       20       21       22       23       25       26       27       29 
  197477:        0        1        2        3        4        5        6        7        8        9       13       14       15       16       17       18       19       20       21       22       23       24       26       27       28       29 
  701583:        0        1        2        3        4        5        6        7        8        9       13       14       15       16       17       18       19       20       21       22       23       24       25       26       27       28       29 
   22048:        0        1 
   53714:        0        1        2 
  127296:        0        1        2        3 
  129853:        0        2        3 
  183150:        0        1        2 
  210607:        0        1        2        3        4 
  320091:        0        1        3        4        5        6        7        8        9 
  326907:        0        1        2        3        4        5        6 
  328680:        0        1        2        3        4 
  330289:        0        1        2        5        6        7 
  365847:        0        1        2        4        7        8 
  418870:        0        1        2        3 
  461025:        0        1 
  523601:        0        1        2 
  525299:        0        1        2        3 
  540773:        0        1 
  546588:        0        1        2 
  630170:        0        1        2        3        4        5        6 
  661221:        0        1 
  687096:        0        1        2 
  694148:        0        1        2        3        4        5 
  733372:        0        1 
  740543:        0        1        2        3        4        5        6 
  761969:        0        1 
  762562:        0        1 
  827450:        0        1        2        3        4        5        6 
  863477:        0        1        2        3        4        5 
  863872:        0        1        2        3 
  910203:        0        1        3        4 
  951305:        0        1        2 
  964022:        0        1        5        6        7        8 
  970414:        0        1        2        3 
  973624:        0        1        2        3        4        5 
  101796:        0        1        2        3        4        5        6        7        8        9       13       15       16       17       18       19       20       21       22       23 
  727841:        0        1        2        3        4        5        6        7        8        9       10       11       12       13       14       15       16       17       18       19       20       21       22       23       24       25       26       27       28       29 
  110675:        0        1        2        3        4        5        6        7        8        9       13       14       15       16       17       18       19       20       21       22       23       24       25       26       27       28       29 
  225753:        0        1        2        3        4        5        6        7        8        9       13       14       16       17       20       21       22       23       24       25       26       27       28       29 
