   56802:        0        1        2        3        4 
  135638:        0        1 
  148678:        0        1        2        3        4        5        6        7 
  246166:        0        1        2 
  337625:        0        1        2        3        4 
  409652:        0        1        2        3        4        5        6        7        8        9       10       11       12       14       15       16       17       18       20       21       22       23       24       26       28       29 
  435223:        0        3        4 
    1244:        0        1        2        3        4 
    8898:        0        1        2        3        4 
   10726:        0        1        2        4        5        6 
   12562:        0        2        4        5        6        8        9       13       14       15       16       20       22       24       25       26       27       28       29 
   14692:        0        2        5        6        7 
   15100:        0        1        2        3 
   24533:        0        1        2        3        4        5        6        7        8 
   36162:        0        1        2        3 
   36237:        0        1        2        3        4 
   39346:        0        1        2        3        5 
   44465:        0        1        2        3 
   48904:        0        1        2        3        4        5        6        7        8        9       10       11       12       13       14       15       16       17       18       19       20       21       22       23       24       25       26       27       28       29 
   52139:        0        1        3        4 
   55860:        0        1        2 
   57696:        0        1        2        3        4        5        6        7        9       13       14       15       16       17       18       19       20       22       23       25       26       27       28       29 
   62727:        0        1        2        3        4 
   67103:        0        2 
   67907:        0        1        2        3        4 
   69171:        0        1        2        4 
   73227:        0        1        2        3        4 
   74910:        0        1        2        3        4        5 
   80215:        0        2 
   89560:        0        2        3 
   96194:        0        3        4        5 
   96394:        0        2 
   96845:        0        1        2        3        4 
   99457:        0        1        2        3        4        5        6        7 
  100500:        0        3 
  102056:        0        1        2        3        4        5        6        7        8        9 
  103685:        0        1        2        3        4 
  105648:        0        1        2        3        4        5        6        7        8        9       10       11       12       13       14 
  110205:        0        1        2        3        4 
  110827:        0        1        2        3        4        5        6        7        8 
  119594:        0        1        5        6        7 
  120915:        0        2        3 
  121219:        0        1        2        3        4 
  124087:        0        3        5        6        7        8 
  126753:        0        1        2        3        4 
  128711:        0        1        2        3        4 
  129864:        0        1        2 
  135639:        0        1        2        3        4 
  136131:        0        1        4 
  138248:        0        1        2        3        4        5        6 
  144360:        0        3 
  150397:        0        1        2        3        4        5        6        7        8        9       13       14       15       16       17       18       20       21       22       23       24       25       26       27       28       29 
  151370:        0        1        2 
  153542:        0        1 
  154200:        0        1        2 
  155100:        0        1        2        3        4        5        6        7        8        9       10       11       12       13       14       15       16       18       19       20       21       22       23       24       26       27       28       29 
  165213:        0        1 
  169017:        0        1        5        7        8 
  171282:        0        1        2        3        4        5        6        7        8        9       13       14       15       16       17       18       19       20       21       22       23       24       26       27       28       29 
  179045:        0        1        2        3        4 
  179843:        0        1        2 
  188987:        0        1        2        3        4        5        6        7        8        9 
  191156:        0        2 
  192981:        0        1        2        3        4 
  196489:        0        3        5 
  210002:        0        1        2        3        4        5        6        7        8 
  210647:        0        1        4        8        9 
  216357:        0        1        2        4 
  217798:        0        1        2 
  225234:        0        2 
  225909:        0        1        2        3        4 
  234545:        0        1        2        3        4 
  243569:        0        1        2        3        4 
  245329:        0        1        2        3        4 
  254757:        0        1        2        3        4 
  255244:        0        1        2        3        4 
  256182:        0        1        2        3        4 
  259120:        0        1        2        3        5 
  260300:        0        1        2        3        4 
  262445:        0        1        2        3        4 
  266184:        0        1        2        3        4 
  268626:        0        1        2        4        5        6        7        8 
  271160:        0        1        2        3        4 
  276858:        0        1        2        3        4        5        6        7        9       10       11       13       14       15       16       17       18       19       20       21       22       23       24       25       26       27       28       29 
  277331:        0        1        2        3 
  282445:        0        1        2        4 
  287081:        0        1        2        3        4 
  287273:        0        1        2        3        4 
  292469:        0        1        2        3        4 
  300130:        0        1        3        4 
  303511:        0        1        2        3        4 
  307098:        0        1        2        3        4 
  312741:        0        1        2        3        4 
  325174:        0        1 
  329831:        0        2 
  333501:        0        1        2        3        4 
  345761:        0        1        2        3        4 
  345762:        0        1        2        3        4 
  347392:        0        1        2        3        4        6        7        8        9 
  353326:        0        1        2        3        4 
  354387:        0        1 
  362866:        0        1        2        3        5        6        7        8 
  371336:        0        2 
  375812:        0        1        2        3        4 
  376470:        0        1        2        3        4        5        6        7        8        9       10       11       12       13       15       16       17       18       19       20       21       22       23       24       25       26       27       28       29 
  376829:        0        1        2        3        4        6        7        8        9       13       15       16       17       18       19       20       21       22       23       24       25       26       27       29 
  377397:        0        1        2        3        4 
  391006:        0        1        3        4 
  396379:        0        1        4 
  397648:        0        1        2        3        4 
  408273:        0        2        3        4        5        6        8        9       10       11       12       13       14 
  411202:        0        1        3        4 
  413502:        0        1        2        3        4        5        6        7        8        9 
  414768:        0        1        2        3        4        5        6 
  417353:        0        1        2        3        4        5        6        7        8 
  425148:        0        1        2        3        4        5        6 
  429263:        0        1        2        3        4        5        6        7        8        9       10       11       12       13       14       15       16       17       18       19       20       21       22       23       24       25       26       27       28       29 
  431917:        0        1        2        3 
   88439:        0        1        2        3        4 
  184728:        0        1        2        3        4 
  295907:        0        1        2        3        4 
  349046:        0        1        2        3        4        5        6        7        8        9 
  119096:        0        1        2        3        4        5        6        7        8 
  423369:        0        1        2        4        5        6        7        8 
   62625:        0        1        2        3        6        7        9       13       14       15       16       18       20       22       23       24       25       26 
  388683:        0        1        2        3        4        5        6        7        8        9       13       14       15       16       17       18       19       20       21       22       23       24       25       26       27       28       29 
  255812:        0        1        2        3        4        5        6        7        8        9       13       14       15       16       17       18       19       20       21       22       23       24       25       26       27       28 
  285346:        0        1        2        3        4        5        6        7        8        9       13       15       16       17       18       19       21       22       23       24       25       26       27       29 
  290217:        0        1        2        3        4        5        6        7        8        9       10       11       12       13       14       15       16       17       18       19       20       21       22       23       24       25       26       27       28       29 
  396884:        0        1        2 
    3430:        0        1        2        3        4        5        6        7        8 
    6456:        0        1        2        3        4        5        6 
   15687:        0        1        2        3        4        5        6        7 
   16854:        0        1        2        3        4        5        6        7        8        9 
  171794:        0        1        2        3        4        5        6 
   19420:        0        1        2        3        4        5        6 
   20265:        0        1        2        3        4        5        6        7 
  215804:        0        1        2        3        4        5        6 
   23059:        0        1        3 
   23468:        0        1        2        3        4        6 
   26142:        0        1        2        4 
   26165:        0        1        2        3        4        5        6        7 
  405366:        0        1 
   27482:        0        1        2        3        4        5        6        7        8        9 
   29160:        0        1        2        3        4        5        6        7        8 
   32154:        0        1        2        3        4        5        6 
   33332:        0        1        2        3        4        5 
   40016:        0        1        2        3        4        5 
  379678:        0        1        2        3        4        5        6        7        8 
  411255:        0        1        2        3        4        5        6        7        8        9 
   41902:        0        1        2        3        4        5        6        7 
   45150:        0        1        2        3        4        5        6 
   51571:        0        1        2        3        4        5        6        7        8        9 
  134419:        0        1        2        3 
   58660:        0        1        2 
  273663:        0        1        2        3        4        5        6        8 
   61709:        0        1        2        3        6        7 
  323831:        0        1        2        3        4        5 
   73267:        0        2        3        4        5        6        7        8        9       13       14       15       16       17       20       21       22       23 
   75694:        0        1        2        3        4 
   76046:        0        1        2        3        4        5        6 
   78930:        0        1        2        3        4 
   81642:        0        1        2        3 
   81056:        0        1        2        3        4        5        6 
   82392:        0        2        3        4        5        6        7        8        9       13       14       15 
   87629:        0        1        2        3        4        5        6 
   94072:        0        1        2        3        4        5        6 
   95835:        0        1        2        3        4        5        7        8 
   98751:        0        1        2        3        4        5        6        7        8        9 
  285680:        0        1        2        3        4        6 
  102449:        0        1        2        3        4        5 
  103437:        0        1        2        3        4        5        6 
  108916:        0        1        2        3        4        5        6 
  116230:        0        1        2        3        4        5        6        7        9 
  121938:        0        1        2        3        4        6        7        8        9 
  304061:        0        1        2        3        4        5        6        7        8 
  256206:        0        1        2        3        4        5        6        7        8 
  371173:        0        2        3        4        5        7        8 
  183539:        0        1        2        3        4        5        6 
  352160:        0        1        2        3        5        6        7        8        9       13       14       15       16       17       18       19 
  350453:        0        1        2        3        4        5        6        7        8        9 
  147686:        0        1        2        3        4        5        6 
  149553:        0        1        2        3        4        5        6 
  151612:        0        1        2        3        4        5        6        7        8 
  154944:        0        1        2        3        4 
  155191:        0        1        2        3        4        5        6 
  403872:        0        1        2        3        4        5        6        7 
  165618:        0        1        2        3 
  323380:        0        1        2        3        4        5        6 
  189489:        0        1        2        3        4        5        6        7        8        9 
  193105:        0        1        2        3        4        5        6 
  212633:        0        2        3        4        5        6 
  320669:        0        1        2        3        4        5        6 
  221976:        0        1        2        3        4        5        6        7        8        9       13       14       15       16       18       20       21       22       23       24       25       26       27       28       29 
  153490:        0        1        2        3 
  252611:        0        1        2        3        4        5        6 
  235177:        0        1        2        3        4        5        6        7 
  238929:        0        1        2        4        5        6        7 
  327122:        0        1        2        3        4        5        6 
  241860:        0        1        2        3        4        5        6        7 
  367442:        0        1        2 
  263082:        0        1        2        3        4        5        6        7 
  297257:        0        1        2 
  257285:        0        1        2        3        4        5        6        8        9       10       11       12       13       14       15       16       17       18       19       20       21       22       23       24       25       26       27       29 
  359440:        0        1        2        3        4        5        6 
  424546:        0        1        2        3 
   42388:        0        1        2        3        4        5 
  282356:        0        1        2 
  286144:        0        1        2        3        4        5        6 
  286732:        0        1        2        3        4        5 
  291552:        0        1        2 
  293276:        0        1        2        3        4        5 
  410771:        0        1        2        3        4        5        6        7 
  297955:        0        1        2        3        4        5        6 
  388488:        0        1        2        3        4 
  301471:        0        1        2        3        4        5        6 
  325704:        0        1        2        3        4        6        7 
  313430:        0        1        2        3        4        5        6 
  307762:        0        1        2        3 
  311998:        0        1        2        3        4        5        6 
  312358:        0        1        2        3        4        5        6        7        8 
  314411:        0        1        2        3        4        5        6        7        8 
  167851:        0        1        2        3        4        5 
  141813:        0        1        2        3        4        5        6 
  336639:        0        1        2        3 
  378644:        0        1        2        3        4        5        6 
  351607:        0        1        2        3        4        5        6        7        8        9 
  352337:        0        1        2 
  424384:        0        1        2        3        4        5        6 
  384895:        0        1        2        3        4        5        6 
  404630:        0        1        2        3        4        6        7 
  301250:        0        1        2 
  265205:        0        1        2        3        4 
  407892:        0        1        2        3        4        5        6 
  420225:        0        1        2        3 
    1862:        0        1        2        3        4        5        6        8 
    3975:        0        1        2        3        4        5 
   27268:        0        1        2        4        5        6        7        8 
   27697:        0        1        3        4        5        6        7        8 
  261587:        0        1        2        3        4        5 
   72221:        0        1        2        3        4        5 
  114391:        0        1        2        3 
  118996:        0        1        2        3        4        5 
  148375:        0        1        2 
  205280:        0        1        2        3        4        5        6        7        8 
  152534:        0        1        2        3        4        5        6        7        8        9 
  116374:        0        1        2        4        5        6        7        8 
  189330:        0        1        2        3        4        5 
   46695:        0        2        3        4 
  203491:        0        1        2        3 
  215741:        0        1        2        3        4        5        6        7 
  280339:        0        1        2        3        4        5        6        7 
  292521:        0        1        2        3        4        5 
  277354:        0        1        2        3        4        5        6        7        8 
  226633:        0        1        2        3 
  188378:        0        1        2        3        4 
  371957:        0        1        2        3 
  411779:        0        1        3        4        5        6        7 
  278019:        0        1        2        3        4        5        6 
  421013:        0        1        2        3        4        5        6 
   13705:        0        1        2        3        5        6        7 
   24943:        0        1        2        3        4 
   32657:        0        1        2        3        4        5 
   33828:        0        1        2        3        4        5 
  229956:        0        1        2        3        4        6 
  368466:        0        1        2        3        4        5        6        7        8 
  254185:        0        1        2        3 
  104482:        0        1        2        4        5        6 
  120187:        0        1        2        3        4        5        6        7 
  124192:        0        1        2        3        4        5        6        7        8 
  145471:        0        1        2        3        4 
  169343:        0        1        2        3        4 
  347402:        0        1        2        3        4        5        6        7        8 
  210358:        0        1        2        3        4 
  236436:        0        1        2        3        4        5        6 
  424158:        0        1        2        3        4        5        6        7        8 
  302719:        0        1        2        3        4        5        6        7        8        9 
  305746:        0        1        2        3        4        5 
  316502:        0        1        2        3        4        7 
   56695:        0        1        2        3        4        5        6        7        8 
  115559:        0        2        4        5        6        7        8        9 
  370438:        0        2        4        5        6 
  398924:        0        1        2        3        4        5        6        7 
  435505:        0        1        2        3        4 
  188985:        0        1        2        3        4        5        6        7        8 
   92347:        0        1        2        3        4        5        6        7 
   55003:        0        1        2        3        4        5        6        7        8 
   86602:        0        1        2        3        4        5        6 
  102520:        0        1        2        3        4        5        6        7        8 
  310612:        0        1        2        3        4        5        6        7 
  340604:        0        1        2        3        4 
  154541:        0        1        2        3        5        6        7        8        9 
  393141:        0        1        2        3        4        5        6        7        8 
  260415:        0        1        2        3        4        5        6 
  264263:        0        1        2        3        4        5        6        7        8 
   93590:        0        1        2        3        4        5        6        7 
  358962:        0        1        3        4 
  369430:        0        2        3        4        5        6        7        8 
  166967:        0        1        3        5        6        7 
  108499:        0        1        2        3        4        5        6        8 
  341363:        0        1        2        3        4        5        6        7 
  342035:        0        2        3        4        5        6        7        8        9 
   97835:        0        1        2        3        4        5        6        7        8        9 
  162302:        0        1        2        5        6        7        8        9       13       14       15       17       18       19       23       24       26       27       28       29 
  266556:        0        1        2        3        4        6        8 
  312114:        0        1        2        3        4        5        6        7        8 
  420571:        0        2        3        6 
  159272:        0        1        2        3        4        7        8        9       10       11       12       13       14       15       16       17       18       19       20       21       22       23       24       25       26       27       28       29 
  350728:        0        1        2        3        4        6        7        8        9 
  373014:        0        1        2        3        4        5        6        7        8        9 
  358307:        0        1        2        3        4        5        6        7        8        9 
  435476:        0        1        2        5        6        7        8        9       13       14       15       16       17       18       19       20       22       23       25       26       27       28       29 
  435590:        0        1        2        3        4        5        6        7        8        9       13       14       15       16       17       18       19       20       21       22       23       24       25       26       27       28       29 
   87800:        0        1        2        3        4        7        8        9       13       14       15       16       17       18       19       20       21       22       23 
  108772:        0        1        2        3        4        5        6        7        8        9       13       14       16       17       18       19       20       21       22       23       24       26       27       28       29 
   83837:        0        1        2        3        4        5        6        7        8        9       13       14       15       16       17       18       19       20       21       22       23       24       25 
  334318:        0        1        2        3        4        5        6        7        8        9       10       11       12       13       14       15       16       17       18       19       20       21       22       23       24       25       26       27       28       29 
  318861:        0        1        2        3        4        5        6        7        8        9       13       15       16       17       18       21       22       24       25       26       27       28       29 
   35602:        0        1        2        3        4        5        6        7        9       13       14       15       17       18       19       20       21       22       23       24       25       26       27       28       29 
   89808:        0        2        3        4        5        6        7        8        9       13       14       15       16       17       18       19       20       21       22       23       24       25       26       28       29 
  176940:        0        1        2        3        4        5        6        7        8        9       13       14       15       16       17       18       19       20       21       22       24       25       26       27       28       29 
   38879:        0        1        2        3        4        5        6        7        8        9       13       14       15       16       17       18       19       20       21       22       23       25       26       27       28 
  118577:        0        1        2        3        5        6        7        8        9       10       11       12       13       14       15       16       17       18       19       20       21       22       23       24       25       26       27       28       29 
  296655:        0        1        2        3        4        5        6        7        8        9       13       14       15       16       17       18       19       20       21       22       23       24       25       26       27       28 
  162030:        0        1        2        3        4        5        6        8        9       13       14       15       16       17       18       19       20       21       22       23       25       26       27       28       29 
  128439:        0        1        2        3        4        5        6        7        8        9       13       14       15       16       17       18       19       20       21       22       23       24       25       27       28       29 
  187511:        0        1        2        3        4        5        6        7        9       13       14       16       18       19       20       22       26       27       28 
  194987:        0        1        2        3        4        5        6        7        8        9       13       14       16       17       18       21       22       24       25       27       28       29 
  372794:        0        1        2        3        4        5        6        7        8        9       13       14       15       16       17       18       19       20       21       22       23       24       25       26       28       29 
     505:        0        1        3        4        5 
   17786:        0        1 
   19954:        0        1 
   20917:        0        1        2        3 
   24883:        0        3 
   25664:        0        1        2        3        4        5        6        7        8        9 
   25710:        0        1 
   40390:        0        1        2        3        4        5        6 
   45963:        0        1        2        3        4 
   47078:        0        1        2        3 
   54195:        0        1        2        6        7 
   58774:        0        1        2        4 
   59493:        0        1        2        3        4        5        6 
   60103:        0        1        2        3        5 
   61895:        0        1        3 
   72120:        0        1        2        3        4        5 
   82220:        0        1        3        4        5        6 
   83304:        0        1        2        3 
   83891:        0        1        4 
   89822:        0        1        2        5        6 
  102085:        0        3        5        6        7 
  111072:        0        3        4 
  114247:        0        1        2        3 
  114432:        0        1        2        4        5        6        7 
  118301:        0        1        2        4        5 
  118827:        0        2 
  124343:        0        1        4        5 
  129983:        0        1        2        4        5 
  132690:        0        1        3        4        5 
  144047:        0        1        2 
  147426:        0        1        2        3        4        5        6        7        8 
  148403:        0        1        2        3        6        7        8 
  150373:        0        1 
  155200:        0        1        2        3        4        5 
  162306:        0        1 
  170700:        0        1 
  172222:        0        1        2        3        4        5        6 
  172310:        0        1        2        3 
  178247:        0        1        5        6        7        8        9 
  180004:        0        1 
  189112:        0        1 
  194351:        0        1        2 
  197096:        0        1 
  202591:        0        1 
  205173:        0        1        2 
  205530:        0        1        2        3        4 
  208039:        0        1        3 
  208761:        0        2        3        4 
  213353:        0        1        4 
  214166:        0        1        2        6        7        8 
  215654:        0        1        3        4        5 
  216613:        0        1 
  218742:        0        1        2        3        4 
  225687:        0        1        2        3        4        5 
  228966:        0        2 
  229682:        0        3 
  232323:        0        1        2        4        5 
  233893:        0        1        4        5 
  237596:        0        1        2        3        4        5 
  239012:        0        1 
  239647:        0        2 
  240636:        0        1        3        4        5        6 
  243885:        0        1        2 
  244264:        0        1 
  247287:        0        1 
  252655:        0        1 
  258536:        0        1        2        3 
  260569:        0        1 
  263447:        0        1        2        3        4        5 
  264143:        0        1        3        4        5 
  266466:        0        1        3        4        5        6        7 
  270544:        0        2 
  281846:        0        1        2        3        4        5 
  283590:        0        1        2        3        5 
  291995:        0        1 
  309440:        0        1        2        3        4 
  310567:        0        1        2        3        4        6 
  315083:        0        1        2 
  317144:        0        1        2        3        6 
  318241:        0        1        2 
  319531:        0        1        2        3        4 
  320110:        0        1        2 
  320341:        0        1 
  332024:        0        1 
  334040:        0        1        2        4        5        6 
  341032:        0        1        2        3        4        5 
  344617:        0        2 
  348794:        0        1        2 
  355594:        0        1        2 
  362931:        0        1        2        3        4        5        6 
  367669:        0        1 
  380028:        0        1 
  383048:        0        1        2 
  384123:        0        2 
  387033:        0        1 
  395037:        0        1        5        6 
  399049:        0        2        3        4 
  400317:        0        1        2        3        4 
  405271:        0        1 
  409781:        0        1 
  412134:        0        1        2        3        4        6 
  423811:        0        1 
  427172:        0        1 
  431263:        0        1        2        4        5 
  340003:        0        1        2        3        4        5        6        7        8 
  142533:        0        1        2        3        4        5        6        8        9 
  151170:        0        1        2        4        5        6        7        8        9 
  185955:        0        1        2        3        4        6        7        9       13       14       15       16       17       18       19       20       21       22       23       24       25       26       27       28       29 
  381175:        0        1        2        3        4        5        6        8        9       13       14       15       16       17       18       19       20       21       23       24       25 
  322502:        0        1        2        3        5        6        7        8        9       13       14       15       16       17       18       19       20       21       22       24       25       26       27       28       29 
  200607:        0        1        2        3        5        6        7        8        9       13       14       15       16       17       18       19       20       21       22       23       25       26 
  434681:        0        1        2        3        4        5        6        7        8        9       13       14       16       17       18       19       20       21       22       23       24       27       28       29 
   86608:        0        1        2        3        4        5        6        7        8        9       13       14       15       16       17       18       19       20       21       22       23       24       25       26       27       28       29 
  116328:        0        1        2        3        4        6        7        8        9       13       14       16       17       18       19       20       21       22       23       24       25       26       27       28       29 
