  336530:        0        1        3        4        7        8        9 
  383211:        0        1        2        3 
  397171:        0        1        2        3        4        5        6        8 
  429904:        0        1        2        3        4        5        6 
  586498:        0        1        2        3        5        6        7        8        9       11       12       13       14       15       16       17       18       19       20       21       22       23       24       25       26       27       28       29 
  745063:        0        1        2        3 
  835272:        0        1        2        3        5        6        7        8        9       10       11       12       13       14       15       16       17       18       19       20       21       22       23       24       25       26       27       28       29 
  904176:        0        1        2        3        4        5        6        7        8        9       13       14       15       16       17       18       19       20       21       22       23       24       25       27       28       29 
    1027:        0        1        2        3        4        5        6        7        8        9       10       11       13       14       15       17       19       21       22       23       24       25       26       27       28       29 
   10955:        0        1        2        3        4 
   21869:        0        1        2        3 
   26938:        0        1        2        3        4        5        7        8        9 
   28276:        0        1        2        3        4        5        6        7 
   45049:        0        1        2        3        4 
   49580:        0        1        2        4        5        6        7        8        9 
   50983:        0        1        2        3        5        6        7        8        9       10       11       12       13       14       15       16       17       18       20       21       22       23       24       25       26       27       28       29 
   61083:        0        1        2        3        4        5        6        7        8        9 
   64622:        0        1        4        5        7        9 
  114558:        0        1        2        3        4 
  121737:        0        1        2        3        4        5 
  123976:        0        1        2        3 
  125218:        0        1        2        3        4        5        6 
  133839:        0        1        3        4 
  144611:        0        1        3        5        6        8        9       13       14       15       16       17       18       19       20       21       22       23       24       26       27       29 
  152027:        0        1        2 
  156239:        0        1        2        4        5        6        7        8        9 
  169802:        0        1        2        3        4 
  191030:        0        1        2 
  248483:        0        1        2        3 
  248622:        0        1 
  252987:        0        2        3        4        5        6        7        9       10       12       13       14       15       16       17       18       19       20       21       22       23       25       26       27       28       29 
  253773:        0        1        2        3        4 
  265806:        0        1        2        3        4        5 
  268184:        0        1        2        3        4        5        6        7        8 
  285796:        0        1        2        3        5 
  289571:        0        1        2        3        4 
  300935:        0        1        2        3        4 
  301881:        0        1        2        3        4        5        6        7 
  325237:        0        1        2        3        4        5        6        7        8        9 
  327190:        0        1        2 
  338757:        0        1        2        3        4        5        6        7        8        9       13       14       15       16       17       18       19       20       22       23       24       25       26       27       28       29 
  349523:        0        2        3        4 
  351029:        0        1        2        3        4        5        6 
  395860:        0        1        2        3        6        7 
  405024:        0        1        2        3        4        5        6        8        9       13       14       15       16       17       18       19       20       22       23       24       25       26       27       28       29 
  413798:        0        1        3        4        5 
  427843:        0        1        2        3        4        5        6        7        8        9 
  447077:        0        1        2        3 
  451034:        0        1        2        3        4        5 
  452827:        0        1        2 
  472534:        0        1        2        3        4        5        6        7        8        9       13       14       15       16       17       19       20       21       22       23       24       25       27       28       29 
  473096:        0        1        2        3        4        5        6        7        8        9       10       11       12       13       14       15       16       17       18       19       20       21       22       23       24       25       26       27       28       29 
  487240:        0        1        2        3        4        5        6 
  496323:        0        1        2        4 
  498736:        0        1        2        3        4        5        6        7        8        9 
  508754:        0        1        2        3        5 
  512473:        0        1        2 
  534984:        0        1        2        3        4 
  538779:        0        1        2        3        4        5        6        7        8        9       10       11       12       13       14 
  549740:        0        1        2        3        4        5        6 
  564080:        0        2        3        5        6 
  570699:        0        1        2        3        4        5 
  586840:        0        1        2        3        4 
  591218:        0        1        2        3 
  597063:        0        1        2        3        4 
  605967:        0        1        2        3        4        5        6 
  612232:        0        1        2        3        4        5        6        7        8        9       13       14       15       16       17       18       19       20       21       22       23       24       25       26       27       28       29 
  612435:        0        1 
  616403:        0        1        2        3        4        5        6        7        8        9 
  632190:        0        1        2 
  678279:        0        1        2        3        4 
  684218:        0        1        2        3 
  688587:        0        1        2        3        4        5 
  695026:        0        1        2        3        4        5 
  698631:        0        1        2        3        4        5 
  705407:        0        1        2        3        4        5        7 
  714055:        0        1        2        3        4        6        7        8        9       10       11       12       13       14       15       16       18       19       20       21       22       23       24       25       26       28       29 
  718881:        0        2        3        4        5 
  740836:        0        1        3        4        5        7        8        9 
  745531:        0        1        2        3        4 
  757569:        0        1        2        3        4        5 
  767705:        0        1        2        4        5 
  780858:        0        1        2        3        4        5        6        7        8 
  789024:        0        1        2        3        4        5        6        7 
  792218:        0        1        2 
  797257:        0        1        2 
  828491:        0        1        2        3        4        5 
  831984:        0        1        2        3 
  838680:        0        1        2        3        4        5 
  848308:        0        2        3        4 
  851180:        0        2        3        5        6        7        8        9       13       14       15       16       17       18       19       20       21       22       24       25       26       27       28       29 
  851638:        0        1        2        3        4        5 
  877899:        0        1        2        3        4        5        6        7        8        9 
  883378:        0        1        2        3 
  890543:        0        1        2        3        4 
  893549:        0        1        2        3        4 
  904670:        0        1        2        3        4        5        6        7 
  923688:        0        1        2        3        4        5 
  956341:        0        2        3        4        5 
  961620:        0        1        2        3        4        5        7 
  962959:        0        1        2        3        4        5        6 
  966887:        0        1        2        3        4        5        6        7        8        9       10       11       12       13       14       15       16       17       18       19       20       21       22       23       24       25       26       27       28       29 
  967287:        0        1        2        3        4        5        6 
  969208:        0        1        2        3        4 
  977309:        0        1        2        4 
 1004160:        0        2        3        4        5        7 
 1006971:        0        1        2        3        4 
 1017749:        0        1        2        3        5        6        7        8        9 
 1029311:        0        1        2        3        4 
 1039259:        0        1        2        3        4 
 1068567:        0        1        2        3 
 1069583:        0        1        2        3        4        5 
 1093574:        0        1        2        3        4        5        7        8        9       10       11       12       14       15       16       17       18       19       20       21       22       23       24       25       26       27       28       29 
 1095232:        0        1        2        3        4        5        6        7 
 1100385:        0        1        2        3        4        5        6        7 
 1122740:        0        1        2        3 
 1129359:        0        1        2        3        4        5        6        7 
 1129685:        0        1        2        3        4 
 1136193:        0        1 
 1143022:        0        1 
 1153046:        0        1        2        3        4        5        6        8        9 
 1172997:        0        1        2        3        4        5 
 1196806:        0        1        2        4 
  303273:        0        1        2        3        4        5        6        7        8        9       10       11       12       13       14       15       16       17       18       19       20       21       22       23       24       25       26       27       28       29 
 1178596:        0        1        2        3        4        5        6 
  114661:        0        1        2        3        4        5        6        7        9 
  261799:        0        1        2        3        4        5        7        8        9 
  127691:        0        1        2        3        4        5        6        7        8        9       13       14       15       16       17       18       19       20       21       22       23       24       25       26       27       28       29 
  183845:        0        1        2        3        4        5        7        8        9       13       14       15       16       17       18       19       21       22       23       24       25       26       27       28 
  298154:        0        1        2        3        4        5        6        7        8        9       13       14       15       16       17       18       19       21       22       23       24       25       26       27       28       29 
  768675:        0        1        2        3        4        5        6        7        8        9       10       11       12       13       14       15       16       17       18       19       20       21       22       23       24       25       26       27       28       29 
  258189:        0        1        2        3        4        5        6        7        8        9       10       11       12       13       14       15       16       17       18       19       20       21       23       24       25       26       27       28       29 
  910743:        0        1        2        3        5        6        7        8        9       13       14       17       18       19       20       21       22       23       24       25       26       28       29 
  180354:        0        1        3        4        6        7        8        9       13       14       16       17       18       19       20       21       22       23       24       25       26       27       28       29 
  942287:        0        1        2        3        4        5        6        7        8        9       13       14       16       17       20       21       22       23       24       25       26       27       28       29 
 1147034:        0        2        3        5        6        7        8        9       13       14       15       16       17       18       19       20       21       22       23       24       25       26       27       28       29 
    8036:        0        1        2        3 
  582364:        0        1        2        3        4        5        6        7        8 
   91559:        0        1        2        4        5 
  706457:        0        1        2        3        4        6 
   24755:        0        1        2        3        4 
  118241:        0        1        2        3        4        5        6 
  122388:        0        1        3        4        5        6        7 
  308798:        0        1        2 
  150999:        0        1        2        3        4        5        6 
  168540:        0        2        3        4        5        6        7 
  574088:        0        1        2        3        4 
  190752:        0        1        2        3        4 
  931957:        0        1        2        3        4        5        6 
  570932:        0        1        2        3        4        5        6        7        8        9 
  269661:        0        1        2        3        4        5        7        8 
  272203:        0        2        3        4 
 1012008:        0        1        2        3        4 
   35828:        0        1        2        3        4 
  606834:        0        1        2        3        4        5        6        7        9 
  992365:        0        1        2        3 
  886474:        0        1        2        3 
  369642:        0        1 
  370574:        0        1        2        3        4        5        6 
  890241:        0        1        2        3        4        5        6 
  383472:        0        1        2        3        4 
  389377:        0        1        2        3        4        5 
  609806:        0        1        2        3        4        5        7        8 
  945832:        0        1        2        3        4        5        6 
  939155:        0        1        2        3        4        5        6 
  950752:        0        1        2        3        4        5        6        7 
 1064159:        0        1        2        3        4        5        6 
  462923:        0        1 
  544050:        0        1        2        3        4 
  465721:        0        1        2        3        4 
  482853:        0        1        2        3        4        5        6 
  494756:        0        1        2        3        4        5        6        7        8 
  512630:        0        1        2        4        5        6        9 
  151850:        0        1        2        3        4 
  528041:        0        1        2        3        4        5        6 
  146299:        0        1        2        3        4        5        6        7        8 
  532973:        0        1        2        3        4        5 
  912959:        0        1        2        3        4        5        6        7        8 
  738786:        0        1        2        3        4        5        6 
 1064152:        0        1        2        3        4        5        6 
  594445:        0        1        2 
  595869:        0        1        2        3        4        5        6 
  970931:        0        1        2        3 
  644300:        0        1        2        3        5        6        7        8 
  644514:        0        1        2        3 
  712979:        0        1        2 
 1140423:        0        1        2        4        5        6        7        8        9 
  742879:        0        1        2        3        4        5 
  599986:        0        1        2        3 
 1001689:        0        1        2        3        4        5        6        7 
  987419:        0        1        2        3        4 
  601687:        0        1        2        3        4        5        6 
 1175121:        0        1        2        3        4        5        6        7        8        9 
 1123310:        0        1        2        3        4        5        6        7 
  455327:        0        1        2        3        4        5 
  323618:        0        1        2        3        4        5 
   81285:        0        1        2        3        4 
   91269:        0        1        2        3        4        5        6        7        8 
  144997:        0        1        2        3        4        5        6        7 
  163526:        0        1        2        3        4        5        6 
  311738:        0        1        2        3        4 
 1085728:        0        1        2        3        4        5        6        7 
  326416:        0        1        2        3        4        5        6        7        8        9 
  483349:        0        1        2        3        4 
  514754:        0        1        2        3        4        5        6        7        8        9 
  733251:        0        1        2        3        4        5 
  818503:        0        1        2        3        4 
  685416:        0        1        2        3        4        5        6 
  854351:        0        1        2        3        4        5        6        7 
  869185:        0        1        2        3        4 
  369219:        0        1        2        3        4        5        6        7 
  906869:        0        1        2        3        4        5        6 
  520504:        0        1        2        3        4        5        6        7 
  469293:        0        1        2        3        4        5        6        7        8        9 
 1074378:        0        1        2        3 
 1074859:        0        1        2        3        4        6 
 1094040:        0        1        2        3        4        5        6        7 
 1134017:        0        1        2        3        5        6        7        8 
 1182213:        0        1        2        3        4        5        6        7        8        9 
   30362:        0        1        2        3        4        5        6        7        8 
 1071843:        0        1        2        3        4        5        6        7 
  386210:        0        1        2        3        4        5 
  463208:        0        1        2        3        4        5 
   55935:        0        1        2        3        4        5        6 
  366360:        0        1        3        4        5        6        7        8        9 
  655524:        0        1        2        3        4 
  694596:        0        1        2        3        4 
  819488:        0        2        3        4        5        6        7 
  987386:        0        1        2        3        5        6 
 1043939:        0        1        2        3        4        5 
 1084673:        0        1        2        3        4 
   76869:        0        1        2        3        4        5        6        7        8        9 
  196729:        0        1        2        3        4        5        6 
  358817:        0        1        2        3        4        5        6        7        8        9 
  243500:        0        1        2        3        4        5        6        7 
  882798:        0        2        3        4        5 
  966046:        0        1        2        3        4        5        6 
  976820:        0        1        2        3        4        5 
  982517:        0        1        2        3        5        6        7 
   95203:        0        1        3        4        5        6        7        8        9 
  485384:        0        2        3        4        5        6        7        8 
 1128455:        0        1        2        3        4        5        6        7 
   18710:        0        1        2        3        4        5        6        7 
  687316:        0        1        2        3        4        5        6        7        8 
   97420:        0        1        3        4        5        6        7 
  254702:        0        1        2        3        4        5        6        7 
 1056370:        0        1        2        3        4        5        6 
  566288:        0        1        2        3        4        5        6        7        9 
 1153450:        0        1        2        3        4        5        6        7        8 
  360936:        0        1        2        3        4        5        6 
  528908:        0        1        2        3        4        5        6        7 
  715645:        0        1        2        3        4        5        6 
  731441:        0        1        2        3        4        5        6        7        8 
  606556:        0        1        2        3        4        5        6        7        8        9 
  980926:        0        1        2        3        4        5        6        7 
 1015458:        0        1        2        3        4        5        6        7        8 
 1094682:        0        1        2        3        4        5        6        7        8 
 1110287:        0        1        2        3        4        5        6        7        8        9 
  419776:        0        1        2        3        4        5        6        7        8        9 
  622294:        0        1        2        3        4        5        6        7        8        9       10       11       12       13       15       16       17       18       19       20       21       22       23       24       25       26       27       28       29 
  476174:        0        1        2        3        4        8        9       13       14       15       16       17       18       19 
  762704:        0        1        2        3        4        5        6        7        8        9       13       14       15       16       17       18       19       20       21       22       23       24       25       26       27       28 
  532426:        0        1        2        3        4        5        6        9       13       14       15       16       17       18       19       20       21       22       24       25       27       28 
  619178:        0        1        2        3        4        5        6        7        8        9       10       11       12       13       14       15       16       17       18       19       20       21       22       23       24       25       26       27       28       29 
  690994:        0        1        2        3        4        5        6        7        9       10       11       12       13       14       15       16       17       18       19       20       21       22       23       24       25       26       27       28       29 
   26935:        0        1        2        3        4        5        6        7        8        9       10       11       12       13       15       16       17       18       19       20       21       22       23       24       25       26       27       28       29 
  749546:        0        1        2        3        4        5        6        7        8        9       13       14       15       16       17       18       19       20       21       22       23       24       25       26       27       28       29 
  355530:        0        1        2        3        4        5        6        7        8        9       10       11       12       13       14       15       16       17       18       19       21       22       24       25       26       27       28       29 
   48661:        0        2        3        4        5        6        7        8        9       10       11       12       13       14       15       16       17       18       19       20       21       22       23       24       25       26       27       28       29 
  646180:        0        1        2        3        4        5        6        7        8        9       10       11       12       13       14       15       17       18       19       20       21       22       23       24       25       26       27       28       29 
  109748:        0        1        2        3        4        5        6        7        8        9       13       14       15       16       17       18       19       20       22       23       24       25       26       27       29 
   15289:        0        1        2 
   59786:        0        1 
  194312:        0        1 
  207049:        0        2        3 
  224407:        0        1        2        3        4        5 
  230051:        0        1        2 
  231856:        0        1 
  282058:        0        1 
  331130:        0        1        2 
  373285:        0        1        2        3        4        5 
  414939:        0        1 
  433472:        0        1 
  443623:        0        1 
  446908:        0        1        2 
  457775:        0        1 
  496674:        0        1 
  501307:        0        1        2 
  522811:        0        1        2        5 
  543365:        0        1 
  550729:        0        1        4 
  585181:        0        1        2 
  612428:        0        1        3        4        5 
  741293:        0        1 
  741410:        0        1        2 
  744728:        0        1        2        3        4 
  755788:        0        1        2        3        4 
  825117:        0        1        2        3        4        5        6 
  827722:        0        1        2        3        4 
  877569:        0        1 
  879226:        0        1        2        4        5 
 1042421:        0        1        2        3        4 
 1044065:        0        1 
 1052079:        0        1        2        3        4 
 1054763:        0        1        2        3 
 1055066:        0        1 
 1057417:        0        1 
 1110309:        0        1 
 1148300:        0        1        2        3        6        7 
 1197721:        0        1        2        3        4        6        7        8        9 
  370186:        0        1        2        3        4        5        7        8 
  869371:        0        1        2        3        4        5        6        7        8        9       13       14       15       16       17       18       19       20       22       23       25       26       27       28       29 
  235732:        0        1        2        3        4        5        6        7        8        9       13       14       15       16       17       18       19       22       23       24       25       27       28 
