   84929:        0        1        3        4        5        6        7        8        9 
  245111:        0        1 
  316649:        0        1        2        3        4        5        6        7        8        9       13       14       15       16       17       18       19       20       21       22       23       24       25       26       27       28       29 
  247508:        0        1        4        5        6        7        8        9       10       11       12       13       14       15       16       17       18       19       21       22       23       24       25       28       29 
  172827:        0        1        2        3        4        5        7 
  243382:        0        1        2        3        4        5        6        8 
    7701:        0        1 
   36377:        0        1        2        3        4        6        7 
   39806:        0        1        2        3        4        6 
   40291:        0        1        3        4        5        6        8 
   45527:        0        1        2        3        4        5 
   45687:        0        1        2 
   46126:        0        1        2        3        4        5        6        7        8        9 
   49043:        0        1        3 
   56935:        0        1        3 
   60902:        0        1 
   61240:        0        1        2        3 
   62468:        0        1        2        3        4        5 
   65662:        0        1        2 
   69406:        0        1        2        3        4        5        6        7        8        9 
   70706:        0        1        2        3        4 
   77827:        0        2        3        4        5        7        9 
   78873:        0        1        2        3        5 
   87440:        0        1        2        3        4 
   96320:        0        1        2        3        4        5        6 
  104887:        0        1        2        3        4        5        6        7        8        9 
  127325:        0        1        2        3        4        5        6        7        8 
  135366:        0        1        2        3        4 
  137349:        0        1        2        3        4        5 
  137785:        0        1        2        3        4 
  141096:        0        1        2        3        4        5        6        7        8        9       13       14       15       16       17       18       19       20       21       22       23       24       25       26       27       28       29 
  142775:        0        1        2        3        4 
  151883:        0        1        2        3        4 
  152074:        0        1        2        3        4 
  155066:        0        2        3        5        6 
  161369:        0        1        2        3        4 
  166248:        0        1        2 
  182958:        0        1        2 
  197791:        0        1        2        3        4        5        6        7        8        9       13       14       15       16       17       18       19       20       21       22       23       24       25       26       27       28       29 
  202023:        0        1        3        4        5 
  215944:        0        1        2        3        4        5        6        7        8        9       10       11       12       13       14       15       16       17       18       19       20       21       22       23       24       25       26       27       29 
  220910:        0        1        3        4        5        7 
  227782:        0        2        4        5        6        9 
  248514:        0        1        2        3        4        5 
  249711:        0        1        2        3 
  250440:        0        1        2 
  258225:        0        1        2        3        4        5        6        7        8        9       13       14 
  295735:        0        1        2        3        4        5        6        7        8 
  296930:        0        1        3        4        5        6        7        8 
  327412:        0        1        3        4        5        6        7        8        9       13       14       15       16       17       18       19       20       21       22       23       24       25       27       28       29 
  347406:        0        1        2        3        4 
  356955:        0        1        2        3        4 
  357934:        0        1        2        3        4        5        6        7        8        9       13       14       15       16       17       18       19       20       21       22       23       24       25       27       28       29 
  359202:        0        1        2        4 
  367948:        0        1 
  370075:        0        2        3        4 
  385069:        0        1        2        3        4        5        6        7        8 
  387078:        0        1        2        3        4        5        6        7        8        9 
  388455:        0        1        2        3        4        5        7        8 
  391207:        0        1        2        3        4        5        7 
  398018:        0        1        2        3        4 
  399932:        0        1 
  411685:        0        1        3        4        5        6        7        8 
  413490:        0        1        2        3 
  418204:        0        2        3        4        5        8 
  455126:        0        1        2        3        4        5        6        7        8        9 
  466471:        0        1        2        3        4        5        6        7        8        9 
  472833:        0        1        2        3        4        5        6        7        8        9 
  475450:        0        1        2        3        4        5        6        7        8       10       11       12       13       15       16       17       18       19       20       21       22       23       24       25       26       27       29 
  477438:        0        1 
  479027:        0        1        2        3        4 
  482917:        0        1 
  496741:        0        1        2        3        4 
  515321:        0        1        2        3        4        6        7        8 
  543046:        0        1        2        3        4        5        6        7        8 
  544393:        0        1        2        3        4        5        6 
  548583:        0        1        2        3        4        5        6        7        8        9       13       14 
  550181:        0        1        2        3 
   98723:        0        1        2        3        4        5        6        9 
  412491:        0        1        2        3        5        6        7        8        9       13       14       15       16       17       18       19       20       21       22       23       24       25       26       27       28       29 
  461620:        0        1        2        3        4        5        6 
  133571:        0        1        2        3        4        5        7        9       13       14       15       16       17       18       21       23       24       26       27 
  336699:        0        1        2        3        4        5        6        7        8        9       13       14       15       16       17       18       19       20       21       22       23       24       25       26       27       28       29 
  350916:        0        1        2        3        4        5        6        7        8        9       13       14       15       16       18       19       20       21       22       23       24       25       26       27       28       29 
  482317:        0        1        2        3        4        5        6        7        8        9       13       14       15       16       19       20       22       23       24       25       26       27       28       29 
  524174:        0        1        2        3        4        5        6        7        8        9       13       14       16       17       18       19       20       21       22       23       25       26       27       28       29 
  416997:        0        1        2        3        4        5        6        7        8        9       13       14       15       16       18       19       20       21       22       23       24       25       26       27 
  318390:        0        1        2        3        4        5        6        7        8        9       10       11       12       13       14       15       16       17       19       20       21       23       24       25       26       27       28       29 
  545626:        0        1        2        3        4        5        7        9       10       11       12       13       14       15       16       17       18       19       20       21       22       23       24       25       26       27       28       29 
  465761:        0        1        2        4        5        6        7        8        9       13       14       15       17       18       19       20       21       22       23       24       25       26       27       28       29 
  195706:        0        1        2        3        4        5        6        7        9       13       14       15       16       17       18       19       20       21       22       23       24       25       26       27       28       29 
  496318:        0        1        2        3        4        5        6        7        8        9       13       14       15       16       17       18       19       20       21       22       23       24       25       26       27       28       29 
    5777:        0        1        2        3        4        5        6 
    7336:        0        1        2        4        6        7        8        9 
  418360:        0        1        2        3        4        5        6        7        8 
   40394:        0        1        2        3        4 
   19993:        0        1        2        3        4        5        6        7        8        9 
   20272:        0        1        2        3        4        5        6 
   25385:        0        1        2        3        4        5        7        8 
   28930:        0        1        2        3        4        5        6 
   31954:        0        1        2        3        4        5        6        7        8        9 
   39033:        0        1        2        3        4        5        6        7        8 
  452072:        0        1        2        3        4        5        6        7        8 
  280181:        0        1        2        3        4        5        6 
   46666:        0        1        2        4        5        6        7        9 
   55927:        0        1        2        3        4        5        6 
   73077:        0        1        2        3        4        5        7        8        9 
   74946:        0        1        2        3        4        5        6 
   20531:        0        1        2        3        4        5        6        7 
   81889:        0        1        2        3 
   88623:        0        1        2        3 
  469352:        0        1        2        3        4        5        6 
  156869:        0        1        2        3        4        5        6        7        8 
  402566:        0        1        2        3        4        5        6 
  114120:        0        1        2        3        4 
  118733:        0        1        2        3        4        5        6        7        9 
  121289:        0        1        2        3        4        5        6 
  127755:        0        1        2        4        6        7        8 
  141285:        0        1        2        3        4 
  503577:        0        1        2        3        4        5 
  205377:        0        1        2        3        4 
  149543:        0        1        2        3        4        5        6 
  162996:        0        1        2 
  163414:        0        1        3        4        5 
  168005:        0        1        2        3        4        5        6        7        8 
  219464:        0        1        2        3        4        5        6        7        8        9 
  173574:        0        1        2        3 
  178646:        0        1        2        3 
  187474:        0        1        2        3 
   79812:        0        1        2        3        4        5        6        7        8        9 
  515701:        0        1        2        3        4        5        6        7 
  202772:        0        1        2        3        4        5        6        7        8 
  409862:        0        1        2        3        4        5        6 
  513103:        0        1        2        3        4        5        6 
  224025:        0        1        2        3        4 
  245463:        0        1        2        3        4        5 
  249188:        0        1        2        3        4        5 
  255893:        0        1        2        3        4 
  205858:        0        1        2        3        4        5        6        7        8 
  274654:        0        1        2        3        4        5        6 
  275860:        0        1        2        3        4        5        6 
  283763:        0        1        2        3        4        6        7 
  165188:        0        1        2        3        4 
  302962:        0        1        2        3        4        5        6 
  311606:        0        2        3        4        5        6        7        8        9 
  312207:        0        1        2        3        4 
  313482:        0        1        2        3        4        5        6 
  502927:        0        1        2        3        4        5        6        7        8        9 
  331489:        0        1        2        3        4 
  341919:        0        1        2        3        4        5        6 
  346062:        0        1        2        3        4        5 
  347923:        0        1        2        3        4        5        6        7        8 
  350486:        0        1        2        3        4        5        6 
  363496:        0        1        3        4        6        7        8        9 
  368875:        0        1        2        3        4        5        6        7        8 
  374675:        0        1        2        3        4        5        6 
  388473:        0        1        2        3        4        5        6 
  392140:        0        1        2        3        4        5        6 
  394712:        0        1        2        3        5        6 
  384718:        0        1        2 
  397573:        0        1        2        3        4        5        6 
  432497:        0        1        2        3        4        5        6 
  430050:        0        1        2        4        5 
  434563:        0        1        2        3        4        5        6 
  482592:        0        1        2        3 
  505385:        0        1        2        3 
  475236:        0        1        2        3        4        5        6        7 
  520818:        0        1        2        3        4 
  523071:        0        1        2        3 
  163048:        0        1        2        3        4        7        8 
  497311:        0        1        2        3        4        5        6        7 
   46276:        0        1        2        3        4        5        6        7        8 
   52305:        0        1        2        3        4 
   99227:        0        1        2        3        4 
  125017:        0        1        4        5        6 
  262242:        0        1        2 
  201389:        0        1        2        3        4        5 
  211422:        0        1        2        3        4        5        6        7        8 
  225547:        0        1        2        3        4        5        6        7        8        9 
  230513:        0        1        2        3        4        5        6 
  105401:        0        1        2        3        4        5        6        7        8 
  485730:        0        1        2        3        4        5 
  257854:        0        1        2        3        4 
  322395:        0        1        2        3        4        5        6        7        8        9 
  279702:        0        1        2        3        4        5        6        7 
  299914:        0        1        3        4 
  168383:        0        1        2        3 
  391582:        0        1        2        3        4        5        6        7 
  401748:        0        1        2        4        5        6        7 
  180277:        0        1        2        3        4        5 
  438759:        0        1        2        3        4        5 
  449548:        0        1        2        3        4 
  474446:        0        1        2        3 
  481588:        0        1        2        4 
  481939:        0        1        2        3        4        6        8 
  102135:        0        1        2        3        4        5 
  188680:        0        2        3        4        5        7 
  197134:        0        1        2        3        4 
  249570:        0        1        2        3        4 
  258569:        0        1        2        3        4        6        7        8 
  288900:        0        1        2        3        4 
  313821:        0        1        2        3        4        5        6        7        8 
  391962:        0        1        2        3        4 
  445991:        0        1        2        3 
  458311:        0        1        2        3        4        5        6        7        8        9       13       14       15       16       17       18       19       20       21       22       23       24       25       26       27       28       29 
  498182:        0        1        2        3        4        5        6        7        8        9 
   36548:        0        1        2        3        4        5 
   62005:        0        1        2        3        4        5 
   72683:        0        1        2        3        4        5        6        7 
  364006:        0        1        2        3        4        6        7        8        9 
  107805:        0        1        2        3        4        5        6        7        8 
  469299:        0        1        2        3        4        5        6 
  487674:        0        1        3        4        5        6        7 
  497554:        0        1        2        3        4        5        7        8 
  525143:        0        1        2        3        4        5        6        7        8        9 
     739:        0        1        2        3        4        5        6 
   93571:        0        1        2        3        4        5        6        7 
  118630:        0        1        2        3        4        5        6        7        8 
  284507:        0        1        2        4        5        6        7        8        9 
  343945:        0        1        2        3        4        5        6 
  353728:        0        1        2        3        4        5 
  399803:        0        1        2        3        4        6        7        8        9 
  410937:        0        1        2        3        4        5        6 
  461475:        0        1        2        3        4        5        6 
  470525:        0        1        2        3        4        5        6        7        8 
  337838:        0        1        2        3        4        5        6        7 
   16095:        0        1        2        3        4        5        6        7 
  105920:        0        1        2        3        4        5        6        7        8        9 
  113460:        0        1        2        3        4        5        6        7        8 
  225364:        0        1        2        3        4        5        6        7        8        9       13       14 
   41570:        0        1        2        4        5        6        7        8        9 
  527801:        0        1        3        4        5        6        7        8        9 
  126851:        0        1        2        3        4        5        6        7        8        9 
  514796:        0        1        2        3        4        5        6        7        8        9 
  195428:        0        1        2        3        4        5        7        8        9       13       14       15       16       17       18       19       20       21       22       23       24       25       26       27       28       29 
   94328:        0        1        2        3        4        5        6        7        8        9       10       13       15       16       17       18       19       20       21       22       23       24 
  233860:        0        1        2        3        4        5        6        7        8        9       13       14       15       16       17       18       19       21       22       23       24       25       26       28 
   48565:        0        1        2        3        5        6        7        8        9       13       14       15       16       17       18       19       20       21       22       23       24       25       26       27       28       29 
  357337:        0        1        2        3        4        5        6        7        8        9       13       14       15       16       17       18       19 
  104746:        0        1        2        3        4        6        7        9       13       14       15       16       17       18       19       20       21       22       23       24       25       26       27       28       29 
  528646:        0        1        2        3        4        5        7        8        9       13       14       15       16       17       18       19       21       22       23       24       25       27       28       29 
  331861:        0        1        2        3        6        7        8        9       13       14       15       16       17       18       19       20       21       22       23       24       25       26       27       28       29 
  320002:        0        1        2        3        4        5        6        7        8        9       13       14       15       16       17       18       19       20       21       22       23       24       25       26       27       28       29 
     383:        0        1        2        3        4        5        6        7        8        9       13       14       15       16       17       18       21       22       23       24       25       26       27       28       29 
  504948:        0        1        2        3        4        6        7        8        9       13       14       15       17       18       20       21       23       24       25       26       28       29 
  379186:        0        1        2        3        4        5        6        7        8        9       13       14       15       16       17       18       19       20       21       22       23       24       25       26       27       28       29 
  446481:        0        1        2        3        4        5        6        7        8        9       13       14       15       16       17       18       19       20       21       22       23       24       25       26       27       28       29 
  534247:        0        1        2        3        4        5        6        7        8        9       13       14       15       16       18       19       20       21       23       24       25       26       28       29 
  203252:        0        1        2        3        4        5        6        7        8        9       13       14       15       16       17       18       19       20       21       22       23       24       25       26       27       29 
  279910:        0        1        2        3        4        5        6        7        8        9       13       14       15       16       17       18       19       20       21       22       23       24       25       26       27       28       29 
  304989:        0        1        2        3        4        5        6        7        8        9       13       14       15       16       17       18       19       20       21       22       23       24       25       28       29 
     575:        0        1        2        3        4        5 
    5733:        0        1        2        3        4        5 
   24362:        0        1 
   32524:        0        2        3 
   36860:        0        1 
   56702:        0        1        2        3        4 
   58142:        0        1        3        4        5 
  101783:        0        1        2        3        4        5        6 
  103734:        0        1        2 
  109363:        0        1        2        3        4 
  113577:        0        1 
  125899:        0        1        2 
  129318:        0        1        2        3        4        6        7 
  143836:        0        1        2 
  146791:        0        1 
  156264:        0        1        3        4        5 
  165852:        0        1        2        4        5 
  176395:        0        1        2        4 
  176714:        0        1 
  179991:        0        1 
  186946:        0        1        2        3        4        6        7        8        9 
  194168:        0        1        4        6        7 
  198048:        0        1        2 
  200860:        0        1        2        3        4        5 
  213425:        0        1        3 
  231663:        0        1 
  232747:        0        1        2        4        5 
  252615:        0        1        2        3 
  262338:        0        1        3        5 
  271524:        0        1        2        3 
  272243:        0        1        2        3 
  276197:        0        1 
  292333:        0        1        2        3        4        5        6        7        8 
  302350:        0        1 
  302594:        0        1        2        3 
  304863:        0        1        2 
  305641:        0        1        2        3        4        5        6 
  313672:        0        1        3        4 
  323379:        0        1 
  327938:        0        1 
  329751:        0        1        2        3 
  337348:        0        1        2 
  337577:        0        1        2        4        5 
  352382:        0        1        2 
  358510:        0        1 
  360264:        0        1        2 
  362183:        0        1 
  364780:        0        1 
  378769:        0        1        3        4 
  393019:        0        1        2        3        4        5        6        7        8        9 
  403584:        0        1        2 
  405334:        0        1        3        4        6 
  408356:        0        1        2        3        4 
  420431:        0        2 
  434339:        0        1 
  434399:        0        1        2 
  445163:        0        1 
  445794:        0        1 
  446906:        0        1        2        3        4        5        7        8 
  455922:        0        2        3        5        6 
  461450:        0        1        2        5        6        7 
  466540:        0        1        2        3        4        6        7 
  468168:        0        1        4        5 
  486890:        0        3        4 
  513219:        0        1        2 
  533347:        0        1        2        3 
  534573:        0        1        2        3        4 
   68742:        0        1        2        3        4        5        6        7        8        9       10       11       12       13       14       15       16       17       18       19       20       21       22       23       24       25       26       27       29 
  382176:        0        1        2        3        4        5        6        7        8        9       13       14       15       16       17       18       19       20       21       22       23       24       25       26       27       28       29 
  329514:        0        1        2        3        4        5        6        7        8        9       10       11       12       13       14       15       16       17       19       20       21       22       23       24       25       26       27       28       29 
   70646:        0        1        2        3        4        5        6        7        8        9       13       14       15       16       17       18       19       20       21       22       23       24       25       26       27       28       29 
  176323:        0        1        2        3        4        5        6        7        8        9       13       14       15       16       17       19       21       22       23       24       25       26       27       28       29 
  354150:        0        1        3        4        5        6        7        8        9       10       11       12       13       14       15       16       17       18       19       20       21       22       23       24       25       26       28       29 
