Vector Track Size:      831

47871731,       10, 57909295,    70485,    59733,    37033
47871856,       11, 59628869,    70521,    59746,    37567
46288232,       12, 61519875,    70557,    59760,    38087
46298260,       13, 62519909,    70592,    59773,    38608
46319382,       14, 65620174,    70628,    59786,    39132
46328352,       10, 57908939,    70516,    59646,    37033
46330644,       11, 59628385,    70526,    59661,    37567
46342576,       12, 61519265,    70535,    59675,    38087
46350351,       13, 62519524,    70544,    59689,    38608
46352993,       14, 65620356,    70553,    59704,    39132
46356312,       10, 55886352,    57872,    57129,    37033
46358553,       11, 57488603,    57887,    57131,    37567
46374957,       10, 55872118,    58594,    57437,    37033
46386574,       11, 57489991,    58600,    57439,    37567
46398313,       12, 59487973,    58606,    57441,    38087
46404010,       13, 60350214,    58612,    57443,    38608
46406251,       14, 63514885,    58618,    57445,    39132
46422417,       10, 57770223,    60734,    58281,    37033
46462822,       11, 59485572,    60783,    58296,    37567
47734637,       12, 59536731,    60832,    58310,    38087
47736704,       13, 60397130,    60880,    58325,    38608
47753557,       14, 63590308,    60929,    58340,    39132
47753773,       10, 55913482,    61351,    57770,    37033
47766581,       11, 57526792,    61355,    57782,    37567
47773557,       12, 59533145,    61359,    57794,    38087
47775189,       14, 63563452,    61367,    57817,    39132
47775290,       10, 57793056,    61301,    58938,    37033
47775390,       11, 59475061,    61328,    58967,    37567
47782705,       12, 61398835,    61355,    58995,    38087
47801457,       13, 62346237,    61382,    59024,    38608
47801470,       14, 65490809,    61408,    59052,    39132
47814157,       10, 57828264,    63618,    58385,    37033
47819726,       11, 59536201,    63623,    58397,    37567
47830483,       12, 59580061,    63628,    58410,    38087
47830707,       13, 60449022,    63633,    58422,    38608
47834602,       14, 63610787,    63638,    58434,    39132
47836726,       10, 55951155,    63081,    57436,    37033
47837632,       11, 57557563,    63087,    57438,    37567
47842642,       12, 59572094,    63094,    57440,    38087
47876482,       13, 60416565,    63100,    57442,    38608
47900492,       14, 63591865,    63106,    57444,    39132
47906067,       10, 57807972,    63248,    58986,    37033
49193203,       11, 59503432,    63295,    59008,    37567
49196891,       12, 61445720,    63341,    59030,    38087
49204325,       13, 62375488,    63387,    59052,    38608
49208980,       14, 65540710,    63433,    59074,    39132
49214703,       10, 57818043,    62561,    58496,    37033
49224228,       11, 59514266,    62571,    58504,    37567
49237661,       12, 59547336,    62580,    58513,    38087
49250711,       13, 60427746,    62589,    58521,    38608
49256661,       14, 65486058,    62598,    58529,    39132
49256755,       10, 55948061,    62572,    57177,    37033
49259180,       11, 57572914,    62583,    57181,    37567
49264426,       12, 59545311,    62594,    57184,    38087
49279100,       13, 60430888,    62605,    57188,    38608
49284463,       14, 63573424,    62617,    57191,    39132
49284772,       10, 57849505,    64633,    58763,    37033
49284976,       11, 59527787,    64639,    58782,    37567
49300095,       12, 61429258,    64644,    58800,    38087
49309159,       13, 60443749,    64649,    58819,    38608
49330224,       14, 65517304,    64654,    58837,    39132
49332781,       10, 56030987,    67701,    57274,    37033
49337853,       11, 57663796,    67731,    57282,    37567
49352565,       12, 59626366,    67761,    57289,    38087
49361212,       13, 60526780,    67790,    57297,    38608
49365972,       14, 63656468,    67819,    57305,    39132
49374105,       10, 57899881,    67686,    58315,    37033
50634858,       11, 59601025,    67716,    58338,    37567
50635587,       12, 59621931,    67746,    58361,    38087
50638748,       13, 60522483,    67776,    58383,    38608
50648595,       14, 63666134,    67806,    58406,    39132
50661722,       11, 57661636,    68920,    57867,    37567
50663666,       12, 59668434,    68922,    57870,    38087
50668514,       13, 60517881,    68922,    57874,    38608
50670052,       14, 63712765,    68925,    57876,    39132
50677522,       10, 57883664,    68512,    58383,    37033
50680742,       11, 59584229,    68517,    58385,    37567
50686611,       12, 59633640,    68523,    58388,    38087
50691341,       13, 60499421,    68529,    58391,    38608
50698249,       14, 63673798,    68535,    58394,    39132
50698979,       10, 56027019,    69237,    56847,    37033
50700029,       10, 56088706,    73110,    57916,    37033
50706229,       11, 57717588,    73113,    57937,    37567
50711021,       12, 59705517,    73115,    57958,    38087
50724339,       13, 60561547,    73119,    57979,    38608
50726688,       10, 57738444,    58505,    59682,    37033
50747040,       11, 59431620,    58516,    59697,    37567
50747406,       12, 61350779,    58526,    59712,    38087
50749434,       13, 62314600,    58537,    59728,    38608
50767540,       14, 65430247,    58548,    59743,    39132
50789425,       11, 59442334,    58312,    59141,    37567
50793007,       12, 61361957,    58312,    59163,    38087
50794954,       13, 62310330,    58313,    59186,    38608
50797782,       14, 65423012,    58313,    59210,    39132
50797784,       10, 59669332,    60051,    60778,    37033
50797884,       11, 61427038,    60065,    60808,    37567
50798752,       12, 63279778,    60078,    60836,    38087
52016121,       13, 64377708,    60095,    60867,    38608
52020637,       14, 67443465,    60113,    60901,    39132
52031734,       11, 61455167,    60314,    61180,    37567
52047674,       12, 63276989,    60328,    61243,    38087
52053266,       13, 64379537,    60342,    61307,    38608
52057494,       14, 67448953,    60357,    61372,    39132
52064591,       10, 59676073,    61489,    60431,    37033
52069855,       11, 61434282,    61516,    60484,    37567
52080351,       12, 61418910,    61543,    60537,    38087
52080692,       13, 62369727,    61570,    60591,    38608
52084521,       10, 57790075,    60809,    59919,    37033
52089535,       11, 59487121,    60809,    59941,    37567
52092988,       12, 61422561,    60812,    59964,    38087
52096179,       11, 61469850,    62172,    60816,    37567
52111718,       12, 63309016,    62182,    60857,    38087
52113106,       13, 64419471,    62191,    60898,    38608
52121655,       14, 67478990,    62200,    60940,    39132
52126106,       10, 59709142,    62344,    60645,    37033
52135715,       11, 61467327,    62350,    60684,    37567
52138130,       12, 63308876,    62358,    60723,    38087
52170544,       13, 62395261,    62363,    60760,    38608
52175333,       14, 67479751,    62370,    60798,    39132
52179023,       10, 59707021,    62522,    60257,    37033
52186418,       10, 57796236,    62013,    59703,    37033
52189577,       13, 62379029,    62016,    59712,    38608
52190248,       14, 65497983,    62018,    59715,    39132
52197218,       10, 59743029,    65230,    61193,    37033
52205132,       11, 61504617,    65239,    61228,    37567
52206309,       12, 63365282,    65248,    61263,    38087
52210285,       13, 64439374,    65256,    61299,    38608
52211882,       14, 67546775,    65266,    61334,    39132
53456901,       10, 59728497,    65245,    60788,    37033
53463799,       11, 61487774,    65268,    60801,    37567
53478188,       12, 63361193,    65290,    60814,    38087
53482862,       13, 62405499,    65313,    60826,    38608
53484857,       14, 67543600,    65337,    60838,    39132
53484943,       10, 59732766,    65179,    60316,    37033
53486400,       11, 61491532,    65223,    60323,    37567
53486916,       12, 61471586,    65265,    60330,    38087
53488372,       13, 62400118,    65309,    60338,    38608
53492511,       14, 65571319,    65352,    60345,    39132
53496367,       10, 57847601,    64736,    60017,    37033
53496394,       11, 59526443,    64764,    60055,    37567
53498943,       12, 61464618,    64790,    60091,    38087
53499011,       13, 62410492,    64817,    60128,    38608
53501560,       14, 65558152,    64844,    60165,    39132
53504244,       10, 59754427,    66550,    60618,    37033
53508468,       11, 61520983,    66592,    60672,    37567
53515984,       12, 63359665,    66633,    60725,    38087
53544280,       13, 62438288,    66674,    60777,    38608
53548838,       14, 67540123,    66716,    60829,    39132
53549689,       10, 59762580,    66405,    60559,    37033
53550449,       11, 61524654,    66422,    60609,    37567
53551936,       12, 61456054,    66440,    60659,    38087
53563563,       13, 62433090,    66456,    60709,    38608
53576581,       14, 67538856,    66473,    60759,    39132
53581272,       10, 59758888,    67498,    60474,    37033
53594214,       11, 61528430,    67509,    60481,    37567
53594723,       12, 61484898,    67521,    60488,    38087
53606271,       13, 62479251,    67532,    60494,    38608
53616758,       14, 67573957,    67543,    60501,    39132
54840316,       10, 57862727,    67468,    59273,    37033
54852833,       11, 59566953,    67475,    59281,    37567
54854570,       12, 61486469,    67482,    59290,    38087
54857344,       13, 62453800,    67489,    59299,    38608
54863536,       14, 65583490,    67496,    59307,    39132
54865233,       10, 59753721,    67345,    60885,    37033
54870947,       11, 61531903,    67347,    60902,    37567
54877010,       12, 63390071,    67348,    60918,    38087
54877391,       13, 64484326,    67349,    60935,    38608
54901446,       14, 67576776,    67351,    60951,    39132
54901664,       10, 59796489,    69128,    60950,    37033
54930035,       11, 61561160,    69150,    61003,    37567
54931462,       12, 63417459,    69172,    61055,    38087
54940416,       13, 64509805,    69195,    61107,    38608
54952390,       14, 67603260,    69217,    61160,    39132
54961298,       10, 59828426,    70864,    60059,    37033
54965156,       11, 59632560,    70868,    60084,    37567
54966430,       12, 61534594,    70871,    60109,    38087
54970016,       13, 62509918,    70875,    60133,    38608
54975913,       10, 59848014,    73392,    60715,    37033
54976043,       11, 61613205,    73425,    60728,    37567
54983696,       12, 63485289,    73459,    60742,    38087
54988448,       13, 62524083,    73492,    60756,    38608
54998685,       10, 57945745,    73450,    59716,    37033
55007916,       11, 59639172,    73481,    59738,    37567
55012628,       10, 61537351,    57462,    62142,    37033
55015524,       11, 63344908,    57468,    62163,    37567
55019521,       12, 63254346,    57474,    62183,    38087
55019792,       13, 64333146,    57480,    62203,    38608
55019796,       14, 67424198,    57487,    62222,    39132
56257833,       10, 59653608,    58229,    61449,    37033
56266880,       11, 61411999,    58231,    61452,    37567
56268351,       12, 63234585,    58233,    61455,    38087
56272309,       13, 64338598,    58235,    61459,    38608
56274135,       14, 67417938,    58237,    61462,    39132
56274946,       10, 59658689,    58214,    61746,    37033
56277839,       11, 61415974,    58235,    61774,    37567
56282735,       12, 63252368,    58256,    61801,    38087
56287614,       13, 64339491,    58276,    61827,    38608
56288034,       14, 67429710,    58296,    61855,    39132
56292626,       10, 61564093,    58998,    62768,    37033
56297278,       11, 63366608,    59006,    62783,    37567
56305724,       10, 61594383,    59916,    62852,    37033
56307519,       11, 63396368,    59925,    62883,    37567
56313317,       12, 65172563,    59934,    62913,    38087
56317927,       13, 66366475,    59944,    62942,    38608
56336685,       14, 69440868,    59953,    62973,    39132
56338400,       10, 59715018,    62088,    61473,    37033
56351827,       11, 61481705,    62119,    61530,    37567
56352599,       12, 63307057,    62149,    61587,    38087
56354336,       13, 64417604,    62180,    61644,    38608
56368190,       14, 67499462,    62210,    61701,    39132
56369084,       10, 61619791,    61806,    62458,    37033
56371643,       11, 63419290,    61816,    62459,    37567
56375761,       12, 63318148,    61827,    62461,    38087
56377554,       13, 64425882,    61838,    62463,    38608
56382244,       14, 69487014,    61849,    62464,    39132
56382503,       10, 59723917,    62648,    61473,    37033
56391246,       11, 61485322,    62657,    61519,    37567
56399588,       12, 63298700,    62667,    61564,    38087
56412044,       13, 64417652,    62676,    61610,    38608
56418176,       14, 67491518,    62685,    61655,    39132
56422533,       10, 59712694,    62108,    61996,    37033
56422732,       11, 61483826,    62125,    62012,    37567
56422735,       12, 63321733,    62142,    62027,    38087
56422812,       13, 64431866,    62159,    62042,    38608
57625597,       14, 67495037,    62177,    62057,    39132
57625861,       10, 61631489,    62789,    62247,    37033
57680223,       11, 63430961,    62841,    62275,    37567
57686054,       12, 63344048,    62892,    62302,    38087
57702499,       13, 64424430,    62944,    62330,    38608
57765673,       14, 67518588,    62995,    62357,    39132
57794716,       10, 61620208,    61904,    62606,    37033
47138079,       11, 63419368,    61906,    62611,    37567
52641116,       12, 63320617,    61908,    62616,    38087
52650849,       13, 64425793,    61910,    62621,    38608
54066089,       14, 69486738,    61913,    62625,    39132
55382077,       10, 61615824,    63300,    62294,    37033
46628282,       11, 63414763,    63323,    62309,    37567
53621618,       12, 63346019,    63345,    62323,    38087
46461102,       13, 64423678,    63366,    62337,    38608
53490240,       14, 67529465,    63389,    62351,    39132
49271842,       10, 59745637,    65066,    61844,    37033
49338955,       11, 61508503,    65068,    61849,    37567
57728629,       13, 64434876,    65071,    61861,    38608
51283688,       14, 67567062,    65072,    61867,    39132
54866668,       10, 61653855,    64139,    62761,    37033
56297294,       11, 63466696,    64155,    62806,    37567
56337436,       12, 65224147,    64170,    62850,    38087
57645305,       13, 64464814,    64185,    62893,    38608
47028705,       14, 69506909,    64201,    62937,    39132
54889718,       10, 61646658,    64058,    62591,    37033
57655761,       10, 61658561,    64105,    62354,    37033
56381514,       11, 63462151,    64109,    62360,    37567
47760286,       12, 63346655,    64113,    62367,    38087
50737304,       13, 64462095,    64116,    62373,    38608
55015007,       14, 67529499,    64120,    62380,    39132
54979371,       10, 59794228,    67736,    61007,    37033
54985646,       11, 61559051,    67761,    61015,    37567
46382457,       12, 63388407,    67785,    61023,    38087
47767868,       13, 64518273,    67809,    61031,    38608
49211885,       14, 67571618,    67834,    61038,    39132
52041401,       10, 61711688,    67868,    62109,    37033
52043829,       11, 63515618,    67890,    62132,    37567
53555222,       12, 63402578,    67913,    62153,    38087
46304789,       13, 64521077,    67935,    62174,    38608
47880071,       14, 67591023,    67956,    62196,    39132
50640388,       10, 61717647,    69455,    62542,    37033
50678020,       11, 63494582,    69482,    62558,    37567
50761456,       12, 63428129,    69508,    62574,    38087
51309047,       13, 64565979,    69533,    62589,    38608
51406511,       14, 69590091,    69559,    62605,    39132
56270994,       10, 61713066,    69467,    62311,    37033
46309220,       11, 63516621,    69481,    62326,    37567
47825069,       12, 63431904,    69495,    62341,    38087
49278150,       13, 64556210,    69509,    62356,    38608
50767037,       14, 67620338,    69523,    62370,    39132
54915623,       10, 59831624,    70621,    61136,    37033
54894766,       11, 61608276,    70681,    61153,    37567
54978435,       12, 63412421,    70740,    61170,    38087
56366162,       13, 64543878,    70798,    61187,    38608
46465062,       14, 67651307,    70858,    61205,    39132
49202708,       10, 61733859,    70989,    62796,    37033
47768526,       11, 63540490,    71013,    62827,    37567
49233550,       12, 65336051,    71036,    62857,    38087
50657769,       13, 64562154,    71058,    62886,    38608
49283542,       14, 69629202,    71080,    62914,    39132
52156921,       10, 59868631,    72350,    61813,    37033
50754565,       11, 61634271,    72373,    61879,    37567
53500108,       10, 59867673,    73227,    61743,    37033
52150989,       11, 61632399,    73268,    61762,    37567
53565141,       12, 63498130,    73309,    61779,    38087
56349611,       13, 64568863,    73351,    61794,    38608
56396468,       14, 67697064,    73392,    61810,    39132
50664289,       10, 61765203,    73082,    62902,    37033
49352586,       11, 63566758,    73121,    62935,    37567
53561434,       12, 65361346,    73159,    62967,    38087
54917941,       13, 66546106,    73197,    62998,    38608
54922274,       14, 69657000,    73235,    63030,    39132
54970707,       10, 63449215,    60222,    64686,    37033
56280010,       11, 65261544,    60261,    64709,    37567
56274842,       12, 66998524,    60298,    64731,    38087
56343545,       13, 66381531,    60335,    64753,    38608
47813504,       14, 71378991,    60374,    64776,    39132
48574545,       10, 63420776,    58845,    64519,    37033
52067634,       11, 65250874,    58870,    64539,    37567
53484831,       12, 65188504,    58895,    64559,    38087
53479231,       13, 66355787,    58919,    64579,    38608
53577113,       14, 71377875,    58943,    64600,    39132
53821067,       10, 63422248,    58933,    65155,    37033
56406232,       11, 65253565,    58942,    65207,    37567
47794531,       12, 67008066,    58951,    65258,    38087
49268896,       13, 68302269,    58960,    65308,    38608
49319787,       14, 71398431,    58968,    65359,    39132
54883877,       10, 63456933,    59814,    64367,    37033
55019250,       11, 65261775,    59826,    64411,    37567
56270538,       12, 65170048,    59839,    64453,    38087
56321727,       13, 66369812,    59850,    64497,    38608
46292381,       14, 71375150,    59861,    64540,    39132
47773445,       10, 63448732,    60269,    64561,    37033
50749211,       11, 65261585,    60276,    64578,    37567
52158109,       12, 65179919,    60281,    64594,    38087
53567173,       13, 66369006,    60287,    64610,    38608
52149887,       14, 71379216,    60293,    64626,    39132
56305567,       11, 63401405,    61022,    63454,    37567
54965780,       12, 65205417,    61064,    63472,    38087
54961779,       13, 66388789,    61105,    63490,    38608
54996726,       14, 69464315,    61147,    63508,    39132
54938727,       10, 63502262,    61603,    64185,    37033
56336266,       11, 65297388,    61614,    64233,    37567
44288488,       12, 65215222,    61624,    64279,    38087
46304263,       13, 66398837,    61635,    64325,    38608
50668578,       14, 69483503,    61645,    64371,    39132
50739838,       10, 63488449,    61798,    65291,    37033
53597530,       11, 65299843,    61846,    65343,    37567
56278161,       12, 67039803,    61893,    65394,    38087
56398507,       13, 68363112,    61939,    65445,    38608
49258228,       14, 71428735,    61987,    65497,    39132
49332401,       10, 63498790,    62416,    64559,    37033
50714992,       11, 65309233,    62428,    64595,    37567
52083176,       12, 65209974,    62441,    64629,    38087
53515470,       13, 66415644,    62452,    64665,    38608
54871190,       14, 71416949,    62465,    64699,    39132
54041071,       10, 61638611,    63619,    63222,    37033
52057138,       11, 63452199,    63654,    63238,    37567
52181950,       12, 65244167,    63687,    63254,    38087
53432181,       13, 66437806,    63721,    63269,    38608
52038902,       14, 69512460,    63755,    63284,    39132
56257641,       10, 61632811,    62513,    63912,    37033
46323319,       11, 63432990,    62541,    63927,    37567
44238995,       12, 65195058,    62569,    63941,    38087
53561580,       13, 66407889,    62598,    63956,    38608
54959599,       14, 69472795,    62626,    63970,    39132
46290897,       10, 63490593,    62697,    64398,    37033
46442943,       11, 65302121,    62708,    64411,    37567
47737109,       12, 65200675,    62719,    64424,    38087
46356391,       13, 66415163,    62730,    64437,    38608
50759069,       14, 71413155,    62740,    64450,    39132
52023592,       10, 63514960,    65542,    64106,    37033
53492475,       11, 65358133,    65571,    64119,    37567
53567433,       12, 65266576,    65600,    64133,    38087
52199614,       13, 66469066,    65627,    64145,    38608
54839531,       14, 69552939,    65655,    64157,    39132
54973772,       10, 61680072,    65687,    64045,    37033
56336611,       11, 63482680,    65713,    64052,    37567
56328308,       12, 65245717,    65739,    64059,    38087
56343098,       13, 66468972,    65765,    64066,    38608
56364171,       14, 69552284,    65791,    64073,    39132
44189863,       10, 61639875,    65508,    63530,    37033
46393456,       11, 63450759,    65524,    63577,    37567
46420086,       12, 65262995,    65539,    63624,    38087
47741187,       13, 66465098,    65555,    63671,    38608
47809402,       14, 69548336,    65571,    63717,    39132
47748650,       10, 61683509,    65846,    63946,    37033
49343010,       11, 63489795,    65876,    63962,    37567
49355261,       12, 65246825,    65903,    63980,    38087
50741986,       13, 66464707,    65930,    63998,    38608
52038641,       14, 69530502,    65957,    64015,    39132
52041417,       10, 63519318,    64497,    64063,    37033
52057074,       11, 63448884,    64546,    64087,    37567
52205972,       12, 65220929,    64593,    64111,    38087
53498260,       13, 66421089,    64641,    64133,    38608
53519767,       14, 69503401,    64688,    64157,    39132
53540014,       10, 63534973,    67020,    64666,    37033
51377707,       11, 65350574,    67035,    64674,    37567
53608917,       12, 67113044,    67049,    64681,    38087
54936650,       13, 66474371,    67062,    64689,    38608
56288030,       14, 71511740,    67077,    64697,    39132
54929159,       10, 61665318,    66927,    63425,    37033
57665002,       11, 63468990,    66934,    63445,    37567
46315677,       12, 65285291,    66941,    63463,    38087
47768291,       13, 66477764,    66948,    63482,    38608
46389739,       14, 69569828,    66955,    63501,    39132
46406210,       10, 61692718,    68787,    63476,    37033
47781544,       11, 63513376,    68791,    63479,    37567
47859691,       12, 65311055,    68795,    63482,    38087
47890863,       13, 66508462,    68798,    63484,    38608
47900740,       10, 61697401,    68474,    63593,    37033
50799775,       11, 63500536,    68487,    63634,    37567
50801704,       12, 65287289,    68501,    63672,    38087
52022355,       13, 66492104,    68513,    63711,    38608
50694969,       14, 69576366,    68527,    63750,    39132
52118189,       10, 61708442,    69283,    63924,    37033
50751761,       11, 63519147,    69316,    63954,    37567
52126621,       12, 65301554,    69349,    63984,    38087
54868227,       13, 66500909,    69382,    64013,    38608
54901485,       14, 69592508,    69415,    64044,    39132
54889583,       10, 63602296,    71068,    64382,    37033
54947800,       11, 65421045,    71107,    64392,    37567
54928773,       12, 65332369,    71145,    64401,    38087
54973728,       13, 66514423,    71182,    64411,    38608
56298841,       14, 69634030,    71220,    64420,    39132
56304819,       10, 63625804,    73274,    64687,    37033
47772682,       11, 65439188,    73281,    64692,    37567
47805818,       12, 67200070,    73287,    64697,    38087
47776516,       14, 71607223,    73301,    64708,    39132
47762381,       10, 61754931,    72196,    63799,    37033
47875252,       11, 63575270,    72213,    63807,    37567
50616547,       12, 65344397,    72229,    63814,    38087
49245451,       13, 66556760,    72245,    63821,    38608
49281493,       14, 69638352,    72262,    63827,    39132
50709504,       10, 61771422,    72786,    63619,    37033
50769779,       11, 63574939,    72808,    63629,    37567
53517569,       12, 65364114,    72830,    63638,    38087
53519688,       13, 66557225,    72851,    63646,    38608
54969005,       14, 69648137,    72873,    63655,    39132
53565608,       10, 63630966,    73353,    64104,    37033
54861467,       11, 65444815,    73394,    64114,    37567
53465875,       12, 65369922,    73435,    64123,    38087
56313032,       13, 66544015,    73475,    64132,    38608
49199951,       10, 63634180,    73211,    64289,    37033
50710471,       11, 65444995,    73235,    64294,    37567
52109384,       12, 65357852,    73258,    64299,    38087
52373758,       13, 66544007,    73281,    64304,    38608
53546817,       14, 69653365,    73305,    64309,    39132
56268338,       10, 63640761,    73145,    64645,    37033
56414256,       11, 65439831,    73147,    64691,    37567
47777131,       12, 67196031,    73149,    64736,    38087
47864262,       14, 71596292,    73152,    64826,    39132
45730714,       10, 61767771,    73007,    63120,    37033
50710619,       11, 63566250,    73008,    63130,    37567
50711504,       12, 65361097,    73010,    63140,    38087
52184686,       13, 66546377,    73011,    63150,    38608
51303636,       14, 69656705,    73014,    63160,    39132
51365257,       10, 65281428,    57040,    66787,    37033
56245646,       11, 67141545,    57040,    66795,    37567
44300637,       12, 68835798,    57041,    66802,    38087
47143999,       13, 70227075,    57041,    66809,    38608
47882010,       14, 73311481,    57042,    66817,    39132
54979748,       10, 63385373,    57320,    65878,    37033
54985464,       11, 65218223,    57332,    65891,    37567
46405691,       12, 66971907,    57344,    65904,    38087
49212370,       13, 68273179,    57355,    65918,    38608
50741770,       14, 71349528,    57366,    65931,    39132
51003368,       11, 67141851,    57448,    66692,    37567
53581110,       12, 68817069,    57452,    66693,    38087
54846116,       13, 68267301,    57455,    66694,    38608
56325898,       14, 73288200,    57458,    66693,    39132
46358550,       10, 63442849,    58052,    64969,    37033
47734768,       11, 65232684,    58068,    64978,    37567
49226778,       12, 66961681,    58084,    64987,    38087
52092047,       13, 68286199,    58098,    64995,    38608
50784568,       14, 71338784,    58113,    65004,    39132
53446606,       10, 65322735,    58126,    67158,    37033
53515718,       11, 67158419,    58146,    67201,    37567
53529226,       12, 68819180,    58166,    67242,    38087
55004893,       13, 70265560,    58187,    67283,    38608
54970600,       14, 73283197,    58208,    67324,    39132
56362475,       10, 63459993,    59705,    65486,    37033
46427236,       11, 65270808,    59740,    65501,    37567
49184890,       12, 66991816,    59774,    65515,    38087
49261935,       13, 68316693,    59808,    65528,    38608
50701447,       14, 71372709,    59843,    65542,    39132
56242361,       10, 63445814,    60472,    65648,    37033
57686117,       11, 65274852,    60481,    65678,    37567
56362265,       12, 67011792,    60491,    65706,    38087
46294099,       13, 68334677,    60500,    65733,    38608
47797741,       14, 71382723,    60510,    65762,    39132
47866995,       10, 63450879,    60246,    65071,    37033
50647880,       11, 65265190,    60254,    65074,    37567
50742023,       12, 67009075,    60263,    65076,    38087
52083232,       13, 68324201,    60271,    65078,    38608
56381059,       14, 71392581,    60279,    65080,    39132
47057337,       10, 63465212,    61417,    66007,    37033
49301093,       11, 65260510,    61438,    66014,    37567
50730061,       12, 67028068,    61457,    66021,    38087
52054100,       13, 68323268,    61477,    66028,    38608
54888074,       14, 71400411,    61497,    66035,    39132
54925705,       10, 63465153,    61317,    65940,    37033
54979545,       11, 65260597,    61335,    65942,    37567
55013623,       12, 67027699,    61353,    65946,    38087
55013052,       13, 68318344,    61371,    65948,    38608
55001990,       14, 71399505,    61389,    65951,    39132
57660902,       11, 67224928,    63331,    66526,    37567
57804043,       13, 68340588,    63332,    66540,    38608
46431352,       14, 73384319,    63334,    66548,    39132
46276593,       10, 63503888,    63697,    65769,    37033
47785751,       11, 65338670,    63711,    65787,    37567
49220794,       12, 67061212,    63725,    65804,    38087
49274980,       13, 68399109,    63738,    65822,    38608
52148991,       14, 71452554,    63752,    65839,    39132
53548367,       10, 65370044,    62208,    66351,    37033
53614564,       11, 67240090,    62238,    66362,    37567
57731700,       12, 67035246,    62269,    66372,    38087
47746734,       13, 68357101,    62298,    66382,    38608
49239339,       14, 71422702,    62329,    66392,    39132
49334992,       10, 65398213,    63769,    66506,    37033
50673511,       11, 67270569,    63821,    66533,    37567
49308142,       12, 67064095,    63870,    66560,    38087
50742199,       13, 68392178,    63920,    66587,    38608
52181446,       14, 73402917,    63971,    66614,    39132
52061787,       10, 65399468,    65294,    66148,    37033
52089804,       11, 67256391,    65296,    66157,    37567
53612031,       12, 67090317,    65298,    66165,    38087
56331233,       13, 68380491,    65300,    66173,    38608
46378102,       14, 71489988,    65301,    66182,    39132
49190418,       11, 65360576,    65893,    65572,    37567
49290115,       12, 67077821,    65910,    65614,    38087
49305826,       13, 68430230,    65927,    65654,    38608
50627729,       14, 71475166,    65943,    65696,    39132
50777578,       10, 65406052,    64626,    66697,    37033
53620058,       11, 67260701,    64636,    66714,    37567
55000864,       12, 68903384,    64646,    66730,    38087
56268544,       13, 68368874,    64655,    66746,    38608
56318276,       14, 73386550,    64665,    66762,    39132
56350512,       10, 63524056,    64590,    65697,    37033
56408810,       11, 65337576,    64600,    65705,    37567
46441409,       12, 67052479,    64609,    65713,    38087
47774586,       13, 68374453,    64619,    65721,    38608
47880592,       14, 71447582,    64628,    65728,    39132
47863977,       10, 65426544,    67395,    66620,    37033
49304708,       11, 67286366,    67428,    66650,    37567
50782331,       12, 68956980,    67459,    66679,    38087
52048146,       13, 68451989,    67491,    66709,    38608
51246162,       14, 73448333,    67523,    66738,    39132
52051310,       11, 65404787,    67684,    65076,    37567
53567585,       12, 67105850,    67685,    65083,    38087
56347274,       13, 68443832,    67686,    65090,    38608
54972621,       14, 71502609,    67687,    65098,    39132
57660919,       10, 63590528,    69943,    65872,    37033
49172143,       11, 65406342,    69983,    65880,    37567
49220202,       12, 67145855,    70022,    65888,    38087
49374299,       13, 68471676,    70062,    65895,    38608
52159535,       14, 71548320,    70102,    65904,    39132
52211835,       10, 65504317,    71881,    66929,    37033
53456297,       11, 67359432,    71899,    66974,    37567
54927144,       12, 69028231,    71915,    67016,    38087
56270320,       13, 70494974,    71931,    67058,    38608
57655686,       14, 73519357,    71948,    67100,    39132
56317117,       10, 63610150,    70939,    65847,    37033
47739380,       11, 65426204,    70976,    65851,    37567
47833293,       12, 67171491,    71012,    65856,    38087
49341525,       13, 68488957,    71047,    65860,    38608
50682628,       14, 71576365,    71083,    65865,    39132
50693688,       10, 65500043,    71365,    66258,    37033
50732460,       12, 67159429,    71443,    66277,    38087
49278272,       13, 68504831,    71481,    66287,    38608
52141448,       14, 71563411,    71520,    66296,    39132
53475089,       10, 63605550,    71023,    65374,    37033
54893064,       11, 65423008,    71042,    65379,    37567
56300375,       12, 67165889,    71058,    65385,    38087
56357938,       13, 68486696,    71076,    65390,    38608
46292318,       14, 71571054,    71093,    65395,    39132
46333521,       10, 63605646,    71422,    65499,    37033
46362265,       11, 65420327,    71431,    65518,    37567
47744014,       12, 67166002,    71440,    65536,    38087
47866547,       13, 68470388,    71448,    65553,    38608
49187798,       14, 71570953,    71457,    65572,    39132
49354615,       10, 63619743,    72012,    65806,    37033
49372247,       11, 65434414,    72017,    65835,    37567
49209219,       12, 67175643,    72023,    65863,    38087
50635855,       13, 68517034,    72028,    65891,    38608
50707659,       14, 71580626,    72033,    65920,    39132
50721794,       10, 63636114,    72763,    65347,    37033
52042891,       11, 65450630,    72766,    65372,    37567
52118146,       12, 67192641,    72769,    65398,    38087
52131503,       13, 68514617,    72772,    65423,    38608
52112077,       14, 71573377,    72775,    65449,    39132
52159887,       10, 65527830,    72790,    66051,    37033
49988185,       11, 65452794,    72796,    66058,    37567
52063696,       12, 67197680,    72802,    66064,    38087
53586783,       13, 68501159,    72808,    66070,    38608
53587807,       14, 71592718,    72814,    66077,    39132
54963744,       10, 63638676,    73091,    65648,    37033
54979680,       11, 65436523,    73131,    65670,    37567
56322816,       12, 67192678,    73171,    65691,    38087
46439185,       13, 68501011,    73210,    65711,    38608
49210249,       14, 71605116,    73251,    65733,    39132
47753253,       10, 63637846,    73199,    65797,    37033
49254478,       12, 67197502,    73223,    65802,    38087
52020688,       13, 68500861,    73234,    65804,    38608
52046464,       14, 71604776,    73247,    65806,    39132
53615291,       10, 67156463,    58296,    68528,    37033
54906358,       12, 68827270,    58303,    68546,    38087
54948635,       13, 70269895,    58307,    68555,    38608
56287441,       14, 75214208,    58311,    68565,    39132
56317852,       10, 65357486,    59666,    67660,    37033
56371282,       11, 67190659,    59699,    67671,    37567
56425121,       12, 68839964,    59728,    67680,    38087
47028144,       13, 70290595,    59759,    67689,    38608
49238406,       14, 73317649,    59789,    67698,    39132
49242062,       10, 67214288,    61852,    68129,    37033
52092676,       11, 69110476,    61856,    68138,    37567
52067518,       12, 68890176,    61859,    68146,    38087
53563652,       13, 70324815,    61863,    68155,    38608
54842431,       14, 73365162,    61867,    68164,    39132
56319692,       10, 65336946,    59997,    67547,    37033
54920584,       11, 67191397,    60004,    67606,    37567
56339644,       12, 68858152,    60010,    67663,    38087
44178916,       13, 70290641,    60017,    67720,    38608
46425397,       14, 73318108,    60023,    67777,    39132
47746197,       10, 65335698,    60746,    67726,    37033
47796270,       11, 67205631,    60769,    67768,    37567
47800035,       12, 68894750,    60792,    67809,    38087
47864055,       13, 70311838,    60814,    67850,    38608
50754380,       14, 73375909,    60837,    67891,    39132
50706973,       10, 65342226,    60430,    67872,    37033
50796731,       11, 67205090,    60437,    67905,    37567
53477991,       12, 68858007,    60443,    67938,    38087
54956157,       13, 70312302,    60450,    67970,    38608
54966243,       14, 73337538,    60457,    68003,    39132
56305507,       10, 67188648,    60301,    68682,    37033
56326470,       11, 69088189,    60304,    68685,    37567
56357858,       12, 70655906,    60308,    68687,    38087
47726874,       13, 70310079,    60312,    68690,    38608
49222914,       14, 75244026,    60315,    68692,    39132
49279522,       10, 67189821,    60544,    68880,    37033
49285311,       11, 69104862,    60587,    68917,    37567
50705636,       12, 70665659,    60629,    68955,    38087
50747373,       13, 72262219,    60671,    68991,    38608
52041340,       14, 75221679,    60713,    69029,    39132
52117689,       10, 65348841,    61433,    67783,    37033
52124835,       11, 67201682,    61464,    67800,    37567
52134870,       12, 68867558,    61493,    67816,    38087
52168221,       13, 70320999,    61523,    67832,    38608
53516356,       14, 73370122,    61553,    67848,    39132
52208739,       10, 67193259,    61021,    68187,    37033
54915253,       11, 69093971,    61039,    68222,    37567
56307130,       12, 68871213,    61057,    68257,    38087
46439806,       13, 70315273,    61074,    68290,    38608
49233793,       14, 73360241,    61092,    68325,    39132
50661728,       10, 65355118,    60988,    67478,    37033
50726973,       11, 67209688,    61014,    67519,    37567
52071080,       13, 70307225,    61065,    67600,    38608
52106986,       10, 65355330,    61133,    67697,    37033
52149764,       11, 67205864,    61149,    67754,    37567
53601480,       12, 68868222,    61163,    67811,    38087
54980685,       13, 70292729,    61179,    67866,    38608
55015658,       14, 73350001,    61193,    67922,    39132
56369423,       10, 65375794,    62206,    67906,    37033
56403151,       11, 67233689,    62222,    67914,    37567
46308136,       12, 68889884,    62238,    67922,    38087
45673797,       13, 70341829,    62254,    67929,    38608
49340773,       14, 73370546,    62270,    67937,    39132
49269123,       10, 65380906,    62394,    68011,    37033
52182694,       11, 67233829,    62430,    68032,    37567
53529399,       12, 68873519,    62465,    68052,    38087
53563253,       13, 70341908,    62502,    68073,    38608
53621273,       14, 73361106,    62538,    68092,    39132
54890591,       10, 67214319,    62226,    68555,    37033
54935705,       11, 69128417,    62247,    68575,    37567
57685361,       12, 68885240,    62267,    68593,    38087
57740959,       13, 70339356,    62288,    68611,    38608
56359461,       14, 75275688,    62309,    68631,    39132
56375934,       10, 65385397,    62756,    67529,    37033
47765234,       11, 67238537,    62803,    67559,    37567
49187549,       12, 68895778,    62847,    67588,    38087
49223618,       13, 70333318,    62893,    67617,    38608
49305446,       14, 73377475,    62938,    67646,    39132
50641126,       10, 67235739,    62659,    68643,    37033
50790934,       11, 69131852,    62709,    68655,    37567
50798744,       12, 70684980,    62757,    68667,    38087
50779824,       13, 70339300,    62806,    68678,    38608
53492133,       14, 75287151,    62855,    68689,    39132
56381469,       10, 67236604,    62635,    68642,    37033
46319037,       11, 69131711,    62655,    68667,    37567
46338099,       12, 70678055,    62673,    68692,    38087
47840407,       13, 70339497,    62692,    68716,    38608
47806157,       14, 75259285,    62711,    68741,    39132
47874401,       10, 67269498,    67182,    68267,    37033
49283783,       12, 68972302,    67257,    68316,    38087
49314297,       13, 70405626,    67294,    68341,    38608
49334179,       14, 73458454,    67331,    68365,    39132
50650392,       10, 65428320,    67144,    67748,    37033
49324349,       11, 67289909,    67189,    67784,    37567
50739089,       12, 68967986,    67233,    67819,    38087
53493524,       13, 70403880,    67277,    67855,    38608
56255337,       14, 73466589,    67322,    67890,    39132
56274978,       10, 67273133,    67243,    68866,    37033
54913739,       11, 69186648,    67288,    68901,    37567
54108343,       12, 70770497,    67332,    68935,    38087
57705913,       13, 72339835,    67377,    68968,    38608
46356328,       14, 75350890,    67421,    69003,    39132
50798743,       10, 65442112,    66324,    67489,    37033
53540580,       11, 67276564,    66330,    67495,    37567
53574127,       12, 68922422,    66335,    67500,    38087
54909944,       13, 70392923,    66340,    67506,    38608
54888802,       14, 73406893,    66345,    67512,    39132
56307364,       10, 65462229,    67789,    67707,    37033
56343691,       11, 67324890,    67794,    67717,    37567
56369277,       12, 68951325,    67798,    67725,    38087
56318207,       13, 70431328,    67803,    67734,    38608
46433505,       14, 73445199,    67808,    67743,    39132
46467223,       10, 65457449,    68956,    67972,    37033
46281532,       11, 67317479,    68987,    67993,    37567
47791512,       12, 69000215,    69018,    68013,    38087
49196243,       13, 70433044,    69048,    68033,    38608
49229260,       14, 73498156,    69079,    68053,    39132
49247297,       14, 73475769,    69397,    68035,    39132
49347086,       10, 65490444,    69603,    67726,    37033
50676973,       11, 67358172,    69618,    67778,    37567
50671006,       12, 68978355,    69632,    67830,    38087
48550919,       13, 70442598,    69647,    67881,    38608
52045345,       10, 65496580,    71377,    67315,    37033
52124506,       11, 67333017,    71381,    67318,    37567
53485129,       12, 69015211,    71386,    67321,    38087
53496631,       13, 70451579,    71391,    67325,    38608
53521147,       14, 73503697,    71395,    67328,    39132
53550862,       10, 65496182,    70718,    67610,    37033
52433014,       11, 67352659,    70724,    67640,    37567
53466594,       12, 68995853,    70731,    67671,    38087
55013085,       13, 70457124,    70739,    67701,    38608
54870595,       14, 73495693,    70747,    67733,    39132
56389650,       10, 67372846,    72517,    68595,    37033
46281567,       11, 69265505,    72542,    68629,    37567
46352736,       12, 70809618,    72568,    68662,    38087
47819312,       13, 70487954,    72594,    68695,    38608
47748540,       14, 75409530,    72619,    68728,    39132
49223495,       10, 67372891,    72636,    68625,    37033
49307243,       11, 69265358,    72643,    68639,    37567
52056638,       12, 70809751,    72651,    68653,    38087
52201688,       13, 70487042,    72658,    68666,    38608
53565604,       14, 75409309,    72665,    68680,    39132
51351117,       10, 67123103,    57094,    69482,    37033
53490608,       13, 72205284,    57095,    69491,    38608
56285798,       14, 75205764,    57096,    69494,    39132
56299486,       10, 68990416,    57468,    70666,    37033
46291765,       12, 72450139,    57473,    70681,    38087
46462837,       13, 72235236,    57475,    70688,    38608
47731964,       14, 77109909,    57478,    70695,    39132
49247207,       10, 67169367,    57748,    69584,    37033
47848143,       12, 70624325,    57757,    69596,    38087
49219281,       13, 72216846,    57762,    69601,    38608
49205199,       14, 75202864,    57767,    69607,    39132
49220277,       10, 69019843,    58557,    70487,    37033
49278118,       11, 70960747,    58562,    70515,    37567
49376768,       12, 70639060,    58566,    70542,    38087
50687432,       13, 72209523,    58570,    70570,    38608
50749144,       14, 77114521,    58576,    70597,    39132
52034565,       10, 67159374,    59024,    70027,    37033
52034381,       11, 69072498,    59028,    70064,    37567
52141383,       12, 70660651,    59032,    70101,    38087
51325517,       13, 72223999,    59036,    70138,    38608
53561621,       14, 75239336,    59041,    70175,    39132
52143772,       10, 69018996,    58747,    70212,    37033
54943753,       11, 70970321,    58778,    70251,    37567
53563364,       12, 70660368,    58809,    70289,    38087
53512091,       13, 72228182,    58840,    70327,    38608
56277123,       14, 75248576,    58872,    70366,    39132
56318347,       11, 70986587,    59952,    70876,    37567
57709171,       12, 72482818,    59981,    70938,    38087
44350084,       13, 74190618,    60011,    71002,    38608
46320304,       10, 67193745,    59709,    69297,    37033
46332197,       11, 69092400,    59711,    69298,    37567
46452957,       12, 70651758,    59714,    69299,    38087
47734757,       13, 72243426,    59717,    69300,    38608
47796579,       14, 75229694,    59719,    69300,    39132
46393294,       10, 67170910,    59504,    69537,    37033
47836620,       11, 69048576,    59506,    69561,    37567
49210120,       12, 70651891,    59508,    69585,    38087
49249041,       13, 72250103,    59511,    69609,    38608
49363933,       14, 75232546,    59513,    69633,    39132
50672611,       10, 69115216,    64260,    70659,    37033
50689120,       11, 71051754,    64310,    70686,    37567
50714564,       12, 72538723,    64359,    70712,    38087
47138247,       13, 72303319,    64407,    70738,    38608
52132649,       14, 77208959,    64456,    70764,    39132
52113459,       10, 69109835,    64029,    70431,    37033
52157510,       11, 71051822,    64050,    70458,    37567
52168437,       12, 70722115,    64070,    70484,    38087
53523932,       13, 72319232,    64090,    70510,    38608
52151178,       14, 77216108,    64111,    70536,    39132
53515837,       10, 69112958,    64192,    70429,    37033
54981569,       11, 71051581,    64217,    70455,    37567
56287446,       12, 70706540,    64240,    70480,    38087
54997615,       13, 72319652,    64264,    70504,    38608
54981349,       14, 77206604,    64287,    70529,    39132
57728629,       10, 69109995,    63982,    70224,    37033
56334495,       11, 71051324,    63990,    70244,    37567
46401297,       12, 70718058,    63997,    70264,    38087
46327283,       13, 72319555,    64005,    70284,    38608
47795881,       14, 75308182,    64012,    70303,    39132
47836709,       12, 70706720,    64727,    70381,    38087
49363168,       13, 72298214,    64737,    70445,    38608
49308982,       10, 69140680,    66228,    70388,    37033
49349149,       11, 71079468,    66243,    70394,    37567
53495795,       12, 70730462,    66257,    70400,    38087
53509903,       13, 72329286,    66271,    70406,    38608
50759336,       14, 75317879,    66285,    70411,    39132
52150526,       10, 69165982,    68877,    70361,    37033
53578339,       11, 71108368,    68881,    70367,    37567
54911875,       12, 70792594,    68883,    70372,    38087
54933090,       13, 72372550,    68886,    70376,    38608
54943744,       14, 75398705,    68888,    70381,    39132
56233842,       10, 69185293,    69465,    71380,    37033
46284346,       11, 71126753,    69515,    71444,    37567
46293615,       12, 72619341,    69565,    71506,    38087
46437808,       13, 74337858,    69614,    71568,    38608
47773113,       14, 77311097,    69664,    71632,    39132
50754095,       10, 67292963,    68563,    69558,    37033
52084169,       11, 69190624,    68565,    69564,    37567
53469027,       13, 72362040,    68571,    69573,    38608
46413233,       14, 75357408,    68574,    69578,    39132
56348941,       11, 71104371,    68346,    70127,    37567
56296498,       12, 70768631,    68368,    70152,    38087
50720272,       13, 72365436,    68391,    70178,    38608
56260943,       14, 75365331,    68415,    70204,    39132
50616933,       10, 67309306,    69188,    69532,    37033
50675131,       11, 69206916,    69191,    69576,    37567
53550350,       12, 70787475,    69195,    69620,    38087
46428105,       13, 72380370,    69198,    69663,    38608
57774654,       14, 75383178,    69202,    69706,    39132
56351614,       10, 67331087,    69933,    68954,    37033
49225121,       11, 69227280,    69974,    68960,    37567
50767890,       12, 70780256,    70015,    68965,    38087
53480812,       13, 72386875,    70056,    68971,    38608
52098347,       14, 75395020,    70098,    68976,    39132
47780700,       10, 67328365,    70647,    69254,    37033
52189973,       11, 69233305,    70666,    69258,    37567
49363444,       12, 70777640,    70686,    69263,    38087
53599406,       13, 72404578,    70704,    69267,    38608
46454571,       14, 75399811,    70723,    69271,    39132
53490077,       10, 69192932,    70812,    70332,    37033
54988448,       11, 71137359,    70838,    70390,    37567
54988448,       12, 70811369,    70864,    70447,    38087
54988448,       14, 77327846,    70916,    70560,    39132
54998685,       10, 67336180,    71231,    69420,    37033
54998685,       11, 69219393,    71234,    69423,    37567
54998685,       12, 70812920,    71236,    69426,    38087
54998685,       13, 72388753,    71239,    69429,    38608
54998685,       14, 75417630,    71241,    69431,    39132
55007916,       10, 69223836,    72286,    70174,    37033
55007916,       11, 71172454,    72292,    70223,    37567
55007916,       12, 70822975,    72297,    70271,    38087
55007916,       13, 72428168,    72303,    70321,    38608
55007916,       14, 75428161,    72308,    70369,    39132
55012628,       10, 67362714,    73271,    68911,    37033
55012628,       11, 69255463,    73287,    68914,    37567
55012628,       12, 70833852,    73303,    68918,    38087
55012628,       13, 70483209,    73319,    68921,    38608
55012628,       14, 75455029,    73335,    68924,    39132
55015524,       10, 69225749,    73351,    70459,    37033
55015524,       11, 71165020,    73416,    70484,    37567
55019521,       10, 67349423,    73381,    69759,    37033
55019521,       11, 69246474,    73434,    69784,    37567
55019521,       12, 70846978,    73486,    69807,    38087
55019792,       10, 69223139,    73383,    70157,    37033
55019792,       11, 71163046,    73436,    70206,    37567
55019792,       12, 70849105,    73488,    70254,    38087
55019796,       10, 67370303,    72477,    69824,    37033
55019796,       11, 69263534,    72485,    69872,    37567
55019796,       12, 70806632,    72494,    69918,    38087
55019796,       13, 72428486,    72502,    69966,    38608
55019796,       14, 75405563,    72511,    70013,    39132
56257833,       10, 69032370,    58992,    71314,    37033
56257833,       11, 70982570,    59021,    71359,    37567
56257833,       12, 72484949,    59049,    71402,    38087
56257833,       13, 74167128,    59077,    71445,    38608
56257833,       14, 77168633,    59105,    71489,    39132
56266880,       12, 72448296,    57999,    71560,    38087
56266880,       13, 74156317,    57999,    71618,    38608
56268351,       10, 70878918,    58819,    72098,    37033
56268351,       11, 72861287,    58821,    72124,    37567
56268351,       12, 72495649,    58823,    72149,    38087
56268351,       13, 74182454,    58826,    72175,    38608
56268351,       14, 77159312,    58828,    72201,    39132
56272309,       10, 70930904,    59700,    72494,    37033
56272309,       11, 72878181,    59711,    72509,    37567
56272309,       12, 72490790,    59720,    72525,    38087
