Vector Track Size:     1261

17949557,       10, 21488651,    64485,    65406,    10392
17949748,       11, 21991105,    64511,    65429,    10922
18475390,       12, 22519294,    64537,    65452,    11463
18466313,       13, 24073616,    64562,    65474,    11979
17959617,       14, 25261299,    64588,    65496,    12493
19932468,       10, 21482647,    65632,    65792,    10392
15412299,       11, 21984352,    65643,    65819,    10922
15467072,       12, 23170939,    65654,    65846,    11463
15916162,       13, 24087256,    65665,    65872,    11979
15919678,       14, 25274580,    65676,    65898,    12493
15924159,       10, 22125586,    68395,    66950,    10392
15924353,       11, 22626809,    68397,    66964,    10922
15924380,       12, 23176532,    68398,    66978,    11463
15924775,       13, 24779317,    68399,    66991,    11979
15924858,       14, 25935871,    68401,    67004,    12493
15925083,       10, 22740716,    66560,    69104,    10392
15925452,       11, 23237262,    66586,    69164,    10922
15926269,       12, 23811863,    66611,    69224,    11463
15926273,       13, 25448883,    66636,    69282,    11979
15926963,       14, 26580626,    66661,    69339,    12493
15927293,       10, 21501235,    67857,    65170,    10392
15927299,       11, 22013667,    67868,    65179,    10922
15927445,       12, 22536975,    67879,    65190,    11463
15927478,       13, 24093242,    67889,    65199,    11979
15927480,       14, 25281320,    67899,    65209,    12493
15927894,       10, 23937977,    58516,    73121,    10392
15928691,       11, 24430388,    58528,    73128,    10922
15930341,       12, 25074578,    58539,    73136,    11463
15930928,       13, 26763347,    58549,    73144,    11979
15930938,       14, 27863892,    58561,    73150,    12493
15932274,       10, 18967247,    57435,    56757,    10392
15932687,       11, 19450746,    57439,    56764,    10922
15934201,       12, 19884601,    57445,    56772,    11463
15935002,       13, 21334563,    57450,    56779,    11979
15935426,       14, 22605180,    57456,    56786,    12493
15936978,       10, 19031770,    70172,    56706,    10392
15937386,       11, 19517046,    70178,    56711,    10922
15937514,       12, 19952032,    70183,    56716,    11463
15938203,       13, 21389256,    70189,    56720,    11979
15938791,       14, 22675040,    70193,    56724,    12493
15940323,       12, 20526410,    57305,    57855,    11463
15940456,       10, 18979834,    58188,    57453,    10392
15941464,       11, 19461783,    58237,    57467,    10922
15943298,       12, 19891683,    58288,    57481,    11463
15943584,       13, 21324537,    58336,    57495,    11979
15943677,       14, 22611054,    58385,    57509,    12493
15943680,       10, 18975379,    58741,    58140,    10392
15943773,       11, 19459235,    58742,    58141,    10922
15944945,       12, 20537040,    58743,    58142,    11463
15945346,       13, 21328915,    58744,    58142,    11979
15946601,       10, 18975647,    58883,    58193,    10392
15947258,       11, 20082590,    58912,    58228,    10922
15947759,       12, 20538559,    58943,    58266,    11463
15948742,       13, 21340499,    58971,    58302,    11979
15949124,       14, 22616905,    59000,    58338,    12493
15949816,       10, 19585113,    58840,    58453,    10392
15950907,       11, 20080711,    58858,    58494,    10922
15951913,       12, 20538398,    58876,    58537,    11463
15952250,       13, 22011992,    58892,    58578,    11979
15953925,       14, 23273248,    58909,    58618,    12493
15956639,       10, 19584811,    58747,    58306,    10392
15957308,       11, 20080455,    58748,    58315,    10922
15961580,       12, 20536517,    58749,    58324,    11463
15961858,       13, 21328674,    58750,    58333,    11979
15963915,       14, 22616926,    58751,    58342,    12493
15963926,       10, 19586363,    59001,    58713,    10392
15963984,       11, 20082187,    59030,    58764,    10922
15964698,       13, 22015003,    59087,    58866,    11979
15966584,       14, 23275230,    59117,    58916,    12493
15967208,       10, 19584870,    58735,    58760,    10392
15967348,       11, 20082230,    58749,    58802,    10922
15967922,       12, 20539547,    58764,    58846,    11463
15970537,       13, 22001743,    58777,    58887,    11979
15971674,       14, 23275162,    58790,    58928,    12493
15972860,       10, 18978687,    59437,    57466,    10392
15974308,       11, 19463248,    59466,    57486,    10922
15974523,       12, 19897048,    59496,    57507,    11463
15974982,       13, 21335815,    59524,    57528,    11979
15975901,       14, 22631009,    59553,    57548,    12493
15977636,       10, 18973535,    58535,    57769,    10392
15979490,       12, 19894460,    58535,    57774,    11463
15980800,       13, 21324485,    58535,    57777,    11979
15983341,       10, 18973112,    58721,    57852,    10392
15983416,       11, 19457112,    58719,    57859,    10922
15983777,       12, 20536819,    58719,    57866,    11463
16417969,       10, 19586377,    58762,    59116,    10392
16418637,       11, 20083044,    58772,    59153,    10922
16418838,       12, 20536289,    58781,    59192,    11463
16424105,       13, 22002019,    58790,    59229,    11979
16424561,       14, 23270363,    58800,    59265,    12493
16425153,       10, 18973322,    58507,    57711,    10392
16425215,       11, 19457050,    58520,    57719,    10922
16425264,       12, 19894514,    58533,    57728,    11463
16427589,       13, 21324460,    58546,    57736,    11979
16429933,       14, 22612008,    58558,    57745,    12493
16431257,       10, 18972675,    58300,    57384,    10392
16432032,       11, 19455804,    58305,    57383,    10922
16432509,       12, 19891855,    58310,    57383,    11463
16434534,       10, 18975452,    58424,    57965,    10392
16435452,       11, 19459336,    58436,    57991,    10922
16435808,       12, 20536970,    58449,    58018,    11463
16435845,       13, 21325279,    58462,    58045,    11979
16436294,       14, 22614778,    58476,    58072,    12493
16436734,       10, 18975699,    58315,    58040,    10392
16439861,       11, 19459475,    58322,    58071,    10922
16440694,       12, 20537143,    58329,    58105,    11463
16442454,       13, 21325505,    58337,    58137,    11979
16442466,       14, 22614541,    58343,    58169,    12493
16443072,       10, 18975750,    58451,    58133,    10392
16443257,       11, 19459447,    58514,    58181,    10922
16443386,       12, 20537076,    58580,    58232,    11463
16444127,       13, 21328658,    58643,    58280,    11979
16444235,       14, 22617098,    58706,    58329,    12493
16446065,       10, 18979203,    59439,    57794,    10392
16446823,       11, 19463184,    59442,    57805,    10922
16450233,       12, 20539904,    59445,    57818,    11463
16450257,       13, 21343483,    59448,    57828,    11979
16450912,       14, 22610539,    59451,    57839,    12493
16452752,       10, 19592431,    59541,    58813,    10392
16453258,       11, 20088142,    59544,    58817,    10922
16454529,       12, 20550245,    59548,    58822,    11463
16457726,       13, 22009067,    59552,    58827,    11979
16462130,       14, 23279092,    59557,    58832,    12493
16463285,       11, 20080761,    58552,    58559,    10922
16463557,       12, 20538502,    58618,    58559,    11463
16465757,       14, 23273506,    58741,    58558,    12493
16466981,       10, 18979317,    59553,    57791,    10392
16468367,       11, 19461405,    59566,    57853,    10922
16468832,       12, 20549740,    59580,    57919,    11463
16470643,       13, 21336716,    59593,    57982,    11979
16470721,       14, 22622808,    59606,    58044,    12493
16471326,       10, 18990418,    59910,    57482,    10392
16471739,       11, 19466680,    59937,    57509,    10922
16471792,       12, 19904589,    59966,    57538,    11463
16472150,       13, 21335877,    59992,    57564,    11979
16472892,       14, 22621268,    60019,    57591,    12493
16472917,       10, 19594732,    60457,    58544,    10392
16473098,       11, 20090629,    60487,    58598,    10922
16473979,       12, 20548567,    60519,    58656,    11463
16474290,       13, 22015442,    60549,    58709,    11979
16475992,       14, 23283922,    60579,    58764,    12493
16476312,       10, 19600527,    60789,    58497,    10392
16478619,       11, 20096474,    60792,    58505,    10922
16479143,       12, 20554702,    60794,    58515,    11463
16479858,       13, 21341348,    60797,    58523,    11979
16480908,       14, 23283677,    60801,    58532,    12493
16481095,       10, 18988595,    60799,    57844,    10392
16482439,       11, 19471567,    60846,    57864,    10922
16916919,       12, 20549837,    60896,    57886,    11463
16917009,       13, 21354588,    60943,    57906,    11979
16917655,       14, 22629143,    60990,    57927,    12493
16921338,       10, 18985885,    60429,    58109,    10392
16921446,       11, 19469829,    60481,    58137,    10922
16921570,       12, 20546993,    60536,    58168,    11463
16922235,       13, 21341426,    60588,    58196,    11979
16922390,       14, 22627810,    60642,    58226,    12493
16922813,       10, 18987828,    61504,    57531,    10392
16926389,       11, 19467140,    61519,    57535,    10922
16927789,       12, 19921591,    61535,    57540,    11463
16928130,       13, 21345968,    61550,    57544,    11979
16928313,       14, 22631381,    61565,    57548,    12493
16928755,       10, 19598475,    61433,    58363,    10392
16930458,       11, 20096775,    61446,    58410,    10922
16933785,       12, 20554700,    61458,    58460,    11463
16933865,       13, 21349523,    61471,    58506,    11979
16934678,       14, 23278207,    61484,    58553,    12493
16936293,       10, 19602119,    61280,    58856,    10392
16936924,       11, 20097895,    61311,    58885,    10922
16937843,       12, 20550774,    61345,    58916,    11463
16939195,       13, 22019618,    61376,    58945,    11979
16939218,       14, 23280284,    61408,    58974,    12493
16939268,       10, 19600734,    61336,    58466,    10392
16940083,       11, 20096778,    61370,    58472,    10922
16940157,       12, 20554551,    61405,    58480,    11463
16942592,       13, 21349406,    61440,    58488,    11979
16944090,       14, 23278104,    61473,    58494,    12493
16946357,       10, 18988043,    61147,    57170,    10392
16948828,       11, 19472062,    61150,    57181,    10922
16949153,       12, 19908634,    61153,    57192,    11463
16949316,       13, 21349750,    61157,    57203,    11979
16951032,       14, 22628400,    61161,    57213,    12493
16951826,       10, 18982934,    60147,    57682,    10392
16951941,       11, 19466740,    60170,    57731,    10922
16951969,       12, 19904613,    60194,    57783,    11463
16952417,       13, 21336754,    60218,    57832,    11979
16952594,       14, 22629507,    60241,    57882,    12493
16953157,       10, 19604113,    62146,    58636,    10392
16953183,       11, 20100271,    62148,    58674,    10922
16954941,       12, 20559327,    62150,    58714,    11463
16955630,       13, 22026056,    62151,    58752,    11979
16956217,       10, 19610503,    62813,    58398,    10392
16956228,       11, 20106187,    62850,    58423,    10922
16958122,       12, 20564991,    62889,    58449,    11463
16961262,       13, 21366529,    62925,    58475,    11979
16961326,       14, 23288122,    62962,    58500,    12493
16966474,       10, 18999503,    62457,    57728,    10392
16966819,       11, 19483369,    62518,    57783,    10922
16967957,       12, 20561188,    62582,    57840,    11463
16968352,       13, 21354102,    62641,    57894,    11979
16968910,       14, 22640409,    62700,    57948,    12493
16969070,       10, 19606613,    63671,    58773,    10392
16971484,       12, 20570306,    63697,    58794,    11463
16972407,       13, 22036835,    63709,    58805,    11979
16973961,       14, 23301257,    63722,    58816,    12493
16978728,       11, 19483408,    63104,    57725,    10922
16980222,       10, 18998298,    62693,    57454,    10392
16980231,       11, 19483044,    62697,    57470,    10922
16980748,       12, 19917956,    62700,    57486,    11463
16982078,       13, 21353226,    62704,    57503,    11979
16982588,       14, 22639246,    62708,    57519,    12493
16982914,       10, 18998218,    62751,    57334,    10392
16986031,       11, 19482331,    62757,    57335,    10922
16987151,       12, 19919866,    62763,    57336,    11463
16987765,       13, 21345409,    62768,    57338,    11979
17425520,       14, 22639067,    62775,    57340,    12493
17426181,       10, 18999435,    62892,    57879,    10392
17426229,       11, 19481657,    62920,    57914,    10922
17426673,       12, 20563618,    62949,    57952,    11463
17427403,       13, 21358007,    62976,    57987,    11979
17427868,       14, 22633759,    63004,    58022,    12493
17428014,       10, 18997740,    63098,    58200,    10392
17430025,       11, 20104132,    63133,    58231,    10922
17435612,       12, 20559874,    63170,    58263,    11463
17436144,       13, 21361656,    63206,    58294,    11979
17440715,       14, 22636955,    63241,    58324,    12493
17441243,       10, 19604764,    63822,    58482,    10392
17441299,       11, 20100897,    63873,    58487,    10922
17441354,       12, 20568919,    63925,    58492,    11463
17441746,       13, 21363327,    63974,    58497,    11979
17442681,       14, 23304385,    64024,    58501,    12493
17444984,       13, 22021578,    61744,    58567,    11979
17446193,       14, 23287410,    61744,    58573,    12493
17447281,       10, 19003915,    65290,    57999,    10392
17447501,       11, 19487898,    65296,    58019,    10922
17448206,       12, 20567236,    65302,    58039,    11463
17450562,       13, 21374961,    65308,    58060,    11979
17450567,       14, 22646006,    65315,    58079,    12493
17452224,       10, 19617804,    64284,    58256,    10392
17452671,       11, 20113719,    64307,    58258,    10922
17453128,       12, 20574573,    64330,    58259,    11463
17453267,       13, 21363252,    64353,    58261,    11979
17455381,       14, 22648993,    64375,    58262,    12493
17456342,       10, 19008952,    64385,    57699,    10392
17456457,       11, 19492655,    64426,    57757,    10922
17456817,       12, 20571074,    64471,    57817,    11463
17458656,       13, 21358919,    64512,    57875,    11979
17459250,       14, 22642901,    64553,    57932,    12493
17460140,       10, 19004281,    65726,    57072,    10392
17460151,       11, 19488455,    65732,    57075,    10922
17460303,       12, 19939925,    65738,    57078,    11463
17460737,       13, 21372834,    65745,    57082,    11979
17463066,       14, 22656259,    65752,    57085,    12493
17464196,       10, 19003972,    65543,    58099,    10392
17464216,       11, 19487961,    65561,    58145,    10922
17464291,       12, 20580220,    65579,    58193,    11463
17467131,       13, 21373741,    65597,    58239,    11979
17469773,       14, 22657638,    65614,    58283,    12493
17469862,       10, 19008549,    64376,    57822,    10392
17469875,       11, 19490942,    64380,    57839,    10922
17470131,       12, 20570967,    64385,    57857,    11463
17471444,       13, 21364978,    64389,    57874,    11979
17472132,       14, 22650598,    64394,    57891,    12493
17472245,       10, 19614796,    65213,    58791,    10392
17472857,       11, 20110712,    65266,    58805,    10922
17474247,       12, 20570540,    65322,    58819,    11463
17474325,       13, 22040930,    65375,    58832,    11979
17474470,       14, 23300953,    65427,    58845,    12493
17475958,       10, 19007125,    64436,    58010,    10392
17477124,       11, 19491105,    64440,    58016,    10922
17477916,       12, 20573294,    64444,    58021,    11463
17477935,       13, 21365016,    64448,    58027,    11979
17478008,       14, 22642895,    64452,    58033,    12493
17478132,       10, 19014396,    66063,    56882,    10392
17478838,       11, 19498357,    66095,    56889,    10922
17479177,       12, 19939075,    66128,    56895,    11463
17480412,       13, 21376144,    66161,    56903,    11979
17480413,       14, 22656112,    66192,    56909,    12493
17481231,       10, 19624739,    67104,    58820,    10392
17481422,       11, 20120463,    67110,    58829,    10922
17481532,       12, 20578818,    67117,    58837,    11463
17484264,       13, 22057375,    67122,    58846,    11979
17485778,       14, 23315328,    67129,    58854,    12493
17488501,       10, 19628810,    67806,    58400,    10392
17488716,       11, 20124790,    67836,    58408,    10922
17489592,       12, 20593991,    67867,    58416,    11463
17490083,       13, 21380464,    67897,    58424,    11979
17920261,       14, 23317757,    67926,    58432,    12493
17920627,       10, 19020815,    68559,    57826,    10392
17920773,       11, 19507013,    68560,    57835,    10922
17921474,       10, 19020656,    68832,    57723,    10392
17923675,       11, 19504661,    68834,    57725,    10922
17924511,       12, 20588258,    68835,    57727,    11463
17926436,       13, 21394114,    68837,    57729,    11979
17927152,       14, 22669854,    68838,    57731,    12493
17928580,       10, 19026040,    69221,    57395,    10392
17929101,       11, 19510279,    69236,    57399,    10922
17930031,       12, 19947459,    69254,    57403,    11463
17930561,       13, 21393997,    69271,    57405,    11979
17931359,       14, 22668816,    69288,    57410,    12493
17931783,       10, 19020543,    68445,    57682,    10392
17931840,       11, 19504851,    68457,    57697,    10922
17932719,       12, 19945078,    68468,    57711,    11463
17933010,       13, 21377159,    68479,    57726,    11979
17933090,       14, 22663405,    68490,    57740,    12493
17933136,       10, 19027268,    69513,    57726,    10392
17935566,       11, 19511149,    69547,    57762,    10922
17935733,       12, 20601633,    69581,    57798,    11463
17937868,       13, 21388805,    69614,    57833,    11979
17938294,       14, 22673844,    69647,    57868,    12493
17938759,       10, 19020467,    68379,    57530,    10392
17939093,       11, 19504642,    68386,    57549,    10922
17940635,       12, 19945285,    68393,    57568,    11463
17941142,       13, 21377071,    68399,    57586,    11979
17941210,       14, 22662980,    68406,    57605,    12493
17941714,       10, 19637500,    68104,    58526,    10392
17942705,       11, 20133776,    68130,    58571,    10922
17943052,       12, 20589412,    68157,    58616,    11463
17945192,       13, 22050524,    68183,    58660,    11979
17945927,       14, 23317792,    68209,    58703,    12493
17946118,       10, 19634878,    69371,    58398,    10392
17947115,       11, 20134517,    69377,    58402,    10922
17947292,       12, 20593540,    69382,    58405,    11463
17948134,       13, 21393120,    69388,    58408,    11979
17949470,       14, 23320793,    69393,    58411,    12493
17949968,       10, 19038450,    69936,    58005,    10392
17950397,       11, 19522876,    69970,    58010,    10922
17950508,       12, 20595977,    70005,    58014,    11463
17951017,       14, 22673506,    70072,    58022,    12493
17952144,       12, 20589272,    68187,    58728,    11463
17952376,       14, 23317878,    68187,    58785,    12493
17954395,       10, 19033231,    70151,    56900,    10392
17954440,       11, 19517127,    70155,    56915,    10922
17954931,       12, 19952042,    70159,    56929,    11463
17955434,       13, 21389597,    70163,    56943,    11979
17956786,       14, 22676425,    70167,    56957,    12493
17957107,       10, 19035700,    70850,    57981,    10392
17959773,       11, 19519722,    70855,    58044,    10922
17960165,       12, 20602243,    70860,    58109,    11463
17963052,       13, 21406289,    70865,    58170,    11979
17963479,       14, 22679204,    70870,    58232,    12493
17963581,       10, 19037207,    71376,    57838,    10392
17966032,       11, 19519791,    71421,    57873,    10922
17966306,       12, 20602185,    71468,    57908,    11463
17966750,       13, 21399098,    71511,    57942,    11979
17967312,       14, 22684079,    71554,    57976,    12493
17967579,       10, 19037208,    71325,    57809,    10392
17967957,       11, 19519598,    71332,    57816,    10922
17968218,       12, 20598785,    71340,    57823,    11463
17970537,       13, 21399037,    71347,    57829,    11979
17972451,       14, 22674469,    71354,    57836,    12493
17973313,       10, 19647656,    71258,    58454,    10392
17974973,       11, 20144048,    71280,    58518,    10922
17975909,       12, 20603756,    71301,    58584,    11463
17977839,       14, 23328607,    71342,    58708,    12493
17979957,       10, 19647405,    70973,    58503,    10392
17980209,       11, 20144167,    70979,    58542,    10922
17981972,       12, 20603625,    70985,    58581,    11463
17982014,       13, 22076514,    70991,    58619,    11979
17983590,       14, 23333883,    70996,    58655,    12493
17984205,       10, 19035057,    71522,    56846,    10392
17985261,       11, 19519235,    71583,    56859,    10922
17985277,       12, 19962238,    71646,    56872,    11463
17985978,       13, 21399848,    71704,    56883,    11979
18423097,       14, 22686585,    71764,    56895,    12493
18423967,       10, 19039822,    72150,    57930,    10392
18424564,       11, 19527291,    72157,    57931,    10922
18425101,       12, 20605687,    72164,    57932,    11463
18426488,       13, 21405416,    72170,    57933,    11979
18426749,       10, 19039993,    72101,    57576,    10392
18429355,       11, 19524417,    72109,    57605,    10922
18430123,       12, 19966453,    72118,    57634,    11463
18430129,       13, 21404841,    72127,    57662,    11979
18430511,       14, 22689918,    72135,    57690,    12493
18430783,       10, 19045320,    72835,    57364,    10392
18430792,       12, 19969719,    72838,    57365,    11463
18430872,       10, 19046888,    72959,    56728,    10392
18431457,       11, 19528006,    72963,    56733,    10922
18432511,       12, 19968747,    72968,    56737,    11463
18434024,       13, 21410398,    72972,    56741,    11979
18434080,       14, 22685912,    72976,    56745,    12493
18434324,       10, 19045683,    73148,    57182,    10392
18434612,       11, 19529594,    73159,    57219,    10922
18434619,       12, 19963900,    73170,    57255,    11463
18435325,       14, 22683640,    73192,    57325,    12493
18436069,       10, 19650433,    72017,    58738,    10392
18436551,       11, 20148866,    72044,    58755,    10922
18439998,       12, 20608939,    72071,    58773,    11463
18441176,       13, 22077187,    72097,    58790,    11979
18441325,       14, 23343867,    72122,    58806,    12493
18441644,       10, 20200601,    57162,    60304,    10392
18442785,       11, 20701424,    57180,    60331,    10922
18446156,       12, 21177129,    57199,    60360,    11463
18446419,       13, 22006398,    57218,    60387,    11979
18448220,       14, 23924483,    57237,    60414,    12493
18448403,       10, 19588090,    57961,    59451,    10392
18448469,       11, 20083746,    57992,    59479,    10922
18449105,       12, 20541715,    58025,    59508,    11463
18450469,       13, 22001066,    58056,    59536,    11979
18451678,       14, 23269329,    58087,    59563,    12493
18451737,       10, 19580518,    57686,    59713,    10392
18453384,       11, 20075926,    57694,    59719,    10922
18454037,       12, 20544066,    57703,    59726,    11463
18454375,       13, 22003873,    57711,    59732,    11979
18454717,       14, 23271452,    57720,    59738,    12493
18455348,       10, 19586929,    58514,    59305,    10392
18455774,       11, 20082647,    58515,    59315,    10922
18456043,       12, 20535988,    58515,    59326,    11463
18456374,       13, 22000236,    58515,    59336,    11979
18456399,       14, 23269338,    58516,    59346,    12493
18457606,       10, 20209926,    58946,    60921,    10392
18457890,       11, 20710364,    58984,    60921,    10922
18458604,       13, 22695436,    59060,    60923,    11979
18459085,       14, 23932915,    59096,    60923,    12493
18459458,       10, 19584156,    58733,    59881,    10392
18460541,       11, 20081386,    58746,    59919,    10922
18461781,       12, 21187748,    58762,    59959,    11463
18461792,       13, 22001567,    58775,    59998,    11979
18463172,       14, 23274216,    58789,    60038,    12493
18466031,       10, 19584001,    59011,    59834,    10392
18468799,       11, 20079432,    59033,    59837,    10922
18471665,       12, 21187755,    59056,    59841,    11463
18471690,       13, 22013789,    59078,    59844,    11979
18472037,       14, 23272149,    59100,    59847,    12493
18472224,       10, 19584003,    58497,    59919,    10392
18473027,       11, 20081251,    58503,    59936,    10922
18474492,       12, 21187807,    58510,    59955,    11463
18477028,       13, 21998102,    58517,    59972,    11979
18477796,       14, 23266003,    58523,    59990,    12493
18478790,       10, 20211108,    58317,    60739,    10392
18479254,       11, 20710561,    58334,    60751,    10922
18480863,       12, 21187018,    58352,    60765,    11463
18481221,       13, 22682697,    58369,    60777,    11979
18482725,       14, 23931745,    58386,    60789,    12493
18482738,       10, 20214088,    59529,    60263,    10392
18485561,       11, 20714930,    59559,    60306,    10922
18486980,       12, 21199273,    59591,    60353,    11463
18487004,       13, 22009965,    59620,    60397,    11979
18488209,       14, 23942236,    59650,    60441,    12493
18488833,       12, 21197509,    60597,    60578,    11463
18489892,       13, 22697707,    60600,    60578,    11979
18920116,       10, 19600030,    61478,    59692,    10392
18920317,       11, 20090034,    61536,    59742,    10922
18920888,       12, 21209317,    61597,    59793,    11463
18921319,       13, 22022041,    61655,    59843,    11979
18921514,       14, 23286397,    61712,    59892,    12493
18921553,       10, 20219620,    60374,    60852,    10392
18922117,       11, 20720260,    60376,    60855,    10922
18922574,       12, 21203439,    60379,    60860,    11463
18924281,       13, 22695882,    60381,    60863,    11979
18927135,       14, 23943897,    60383,    60867,    12493
18927247,       10, 19595519,    60352,    60158,    10392
18927900,       11, 20091633,    60392,    60161,    10922
18928074,       12, 21198887,    60435,    60164,    11463
18929140,       13, 22014448,    60475,    60167,    11979
18929386,       14, 23284631,    60515,    60169,    12493
18930870,       10, 20221242,    60363,    60711,    10392
18931835,       11, 20720746,    60405,    60743,    10922
18934334,       12, 21197750,    60450,    60775,    11463
18934578,       13, 22695960,    60492,    60805,    11979
18934952,       14, 23944058,    60535,    60834,    12493
18935308,       10, 20221727,    61511,    60724,    10392
18935403,       11, 20722980,    61521,    60728,    10922
18935797,       12, 21201233,    61531,    60733,    11463
18935865,       13, 22705266,    61541,    60737,    11979
18935892,       14, 23953106,    61551,    60741,    12493
18937197,       10, 20221579,    61850,    60451,    10392
18937763,       11, 20732538,    61866,    60454,    10922
18938943,       13, 22020222,    61897,    60464,    11979
18939128,       14, 23952517,    61912,    60471,    12493
18940077,       10, 19588452,    59796,    59461,    10392
18940184,       12, 20551460,    59802,    59472,    11463
18940277,       13, 22011714,    59804,    59477,    11979
18940279,       14, 23280829,    59807,    59482,    12493
18940759,       10, 19599162,    61185,    59465,    10392
18941498,       11, 20095668,    61185,    59468,    10922
18944337,       12, 20553793,    61185,    59473,    11463
18945041,       13, 22022718,    61186,    59475,    11979
18947026,       10, 19607167,    62022,    59420,    10392
18949037,       11, 20103276,    62035,    59458,    10922
18955254,       12, 20555809,    62049,    59497,    11463
18955360,       13, 22023389,    62063,    59534,    11979
18956450,       14, 23292461,    62076,    59572,    12493
18956515,       10, 20233846,    62759,    61058,    10392
18956969,       11, 20734820,    62775,    61080,    10922
18957594,       12, 21217522,    62792,    61103,    11463
18957729,       13, 22707972,    62808,    61124,    11979
18958242,       14, 23951840,    62823,    61145,    12493
18958303,       10, 19609718,    62880,    59922,    10392
18959611,       11, 20106961,    62924,    59928,    10922
18959710,       12, 21212958,    62969,    59934,    11463
18960055,       13, 22029358,    63012,    59941,    11979
18960331,       14, 23286667,    63055,    59947,    12493
18961105,       11, 20731703,    61895,    60261,    10922
18963501,       12, 21209739,    61896,    60275,    11463
18964929,       13, 22018168,    61899,    60287,    11979
18965674,       14, 23288504,    61904,    60294,    12493
18965748,       12, 21211114,    63041,    59902,    11463
18965763,       10, 19611070,    63216,    60133,    10392
18966210,       11, 20106928,    63216,    60136,    10922
18966731,       12, 21210995,    63217,    60139,    11463
18967459,       14, 23288915,    63218,    60145,    12493
18968827,       10, 19610914,    62529,    60134,    10392
18969593,       12, 21210787,    62531,    60151,    11463
18972394,       13, 22024551,    62531,    60160,    11979
18972700,       14, 23294640,    62532,    60168,    12493
18973755,       10, 20232174,    63605,    60730,    10392
18974066,       11, 20731317,    63632,    60783,    10922
18974643,       12, 21224334,    63660,    60837,    11463
18974665,       13, 22717993,    63686,    60888,    11979
18974967,       14, 23963467,    63713,    60940,    12493
18975464,       10, 20230319,    63350,    61123,    10392
18975583,       11, 20731304,    63384,    61180,    10922
18976173,       12, 21216108,    63420,    61239,    11463
18976359,       13, 22715134,    63455,    61295,    11979
18976481,       14, 23952064,    63488,    61351,    12493
18977151,       10, 19609357,    62737,    59624,    10392
18978311,       11, 20105812,    62749,    59626,    10922
18979192,       12, 20564161,    62759,    59629,    11463
18981419,       13, 22023105,    62770,    59631,    11979
18982119,       14, 23292291,    62779,    59634,    12493
18983061,       11, 20742574,    64028,    60803,    10922
18984452,       12, 21224518,    64028,    60838,    11463
19420155,       14, 23965676,    64030,    60902,    12493
19420669,       10, 19620790,    64209,    60092,    10392
19421128,       11, 20116918,    64256,    60105,    10922
19422554,       12, 21221855,    64305,    60118,    11463
19422583,       13, 22035976,    64351,    60130,    11979
19423068,       14, 23305519,    64395,    60141,    12493
19423917,       10, 19617170,    64017,    60191,    10392
19425569,       11, 20745422,    64040,    60202,    10922
19427920,       12, 21221907,    64065,    60213,    11463
19428086,       13, 22036135,    64088,    60223,    11979
19428815,       14, 23305376,    64111,    60233,    12493
19429099,       11, 20114329,    64810,    59329,    10922
19430658,       12, 20572148,    64819,    59367,    11463
19431808,       13, 22033412,    64826,    59403,    11979
19432594,       14, 23299630,    64834,    59438,    12493
19433071,       10, 19615442,    65070,    59265,    10392
19433931,       11, 20111458,    65098,    59275,    10922
19435125,       12, 20566189,    65126,    59285,    11463
19435207,       13, 22042869,    65153,    59296,    11979
19435263,       14, 23299601,    65180,    59306,    12493
19435270,       10, 20243707,    64633,    61048,    10392
19436373,       11, 20744682,    64649,    61097,    10922
19436587,       12, 21228343,    64666,    61148,    11463
19436869,       13, 22715749,    64683,    61194,    11979
19437151,       14, 23961027,    64699,    61241,    12493
19437840,       10, 20251639,    67333,    60618,    10392
19438682,       11, 20753790,    67343,    60659,    10922
19439974,       12, 21228953,    67354,    60701,    11463
19439984,       13, 22739621,    67364,    60741,    11979
19440545,       14, 23975006,    67375,    60781,    12493
19440603,       10, 19636377,    67951,    59885,    10392
19441574,       11, 20132731,    67983,    59908,    10922
19442502,       12, 21241203,    68018,    59932,    11463
19442956,       13, 22049364,    68050,    59955,    11979
19443788,       14, 23316971,    68082,    59977,    12493
19443811,       10, 20263069,    69292,    61010,    10392
19444044,       11, 20764424,    69335,    61061,    10922
19444192,       12, 21247550,    69378,    61113,    11463
19444792,       13, 22750970,    69420,    61162,    11979
19444794,       14, 23986195,    69462,    61212,    12493
19444913,       10, 20260766,    68819,    60697,    10392
19445051,       11, 20760559,    68848,    60715,    10922
19445265,       12, 21244521,    68879,    60733,    11463
19445913,       13, 22749449,    68908,    60750,    11979
19446314,       14, 23984763,    68936,    60767,    12493
19446929,       10, 19635483,    69243,    59475,    10392
19450785,       11, 20132020,    69266,    59492,    10922
19450944,       12, 20591214,    69289,    59509,    11463
19451635,       13, 22064172,    69311,    59525,    11979
19452282,       14, 23321453,    69333,    59541,    12493
19453624,       10, 19638538,    69800,    60107,    10392
19454668,       11, 20135028,    69811,    60116,    10922
19454843,       12, 21250544,    69824,    60124,    11463
19455193,       13, 22059743,    69836,    60133,    11979
19456089,       14, 23328850,    69847,    60141,    12493
19457364,       10, 19633370,    68582,    59027,    10392
19457605,       11, 20129891,    68620,    59040,    10922
19458031,       12, 20585284,    68659,    59053,    11463
19460414,       13, 22054009,    68695,    59065,    11979
19462018,       14, 23319345,    68731,    59078,    12493
19462055,       10, 19630737,    69883,    59824,    10392
19462455,       11, 20145870,    69941,    59859,    10922
19462511,       12, 21250147,    70001,    59895,    11463
19463251,       13, 22060046,    70059,    59930,    11979
19464555,       14, 23326838,    70115,    59964,    12493
19466642,       10, 19635225,    68120,    59648,    10392
19468892,       11, 20132703,    68139,    59675,    10922
19470210,       12, 20587114,    68157,    59702,    11463
19470710,       14, 23317006,    68193,    59752,    12493
19470892,       10, 20271559,    70902,    60718,    10392
19471250,       11, 20773100,    70950,    60741,    10922
19471377,       12, 21257318,    70999,    60764,    11463
19472210,       13, 22759744,    71046,    60785,    11979
19472565,       14, 23995132,    71094,    60806,    12493
19473629,       10, 20271670,    71009,    60770,    10392
19474422,       11, 20773974,    71072,    60796,    10922
19475177,       12, 21257420,    71137,    60824,    11463
19475685,       13, 22759030,    71199,    60850,    11979
19477945,       14, 23994455,    71259,    60876,    12493
19479015,       10, 19646925,    70775,    59983,    10392
19480676,       12, 21251235,    70903,    60111,    11463
19480899,       13, 22075404,    70965,    60173,    11979
19480917,       14, 23334440,    71027,    60235,    12493
19481497,       10, 19642567,    70266,    60080,    10392
19486440,       11, 20139013,    70270,    60090,    10922
19487931,       12, 21250178,    70272,    60099,    11463
19920165,       13, 22059670,    70275,    60107,    11979
19920173,       14, 23334198,    70276,    60115,    12493
19920195,       10, 19640537,    70216,    59964,    10392
19921251,       11, 20138734,    70222,    59976,    10922
19929333,       12, 21250022,    70227,    59989,    11463
19940841,       13, 22060133,    70232,    60001,    11979
19945404,       14, 23326586,    70237,    60013,    12493
19946072,       10, 19643573,    69972,    58808,    10392
19950137,       11, 20139878,    69979,    58816,    10922
19954069,       12, 20598111,    69987,    58823,    11463
19959537,       13, 22060983,    69994,    58830,    11979
19960742,       14, 23329423,    70001,    58838,    12493
19962047,       10, 19646421,    71234,    59891,    10392
19968458,       11, 20142955,    71241,    59893,    10922
19968518,       12, 21251265,    71248,    59895,    11463
19968544,       13, 22069834,    71255,    59896,    11979
19968653,       14, 23327295,    71262,    59898,    12493
19968871,       10, 19640914,    71711,    59853,    10392
19968889,       11, 20139222,    71728,    59865,    10922
19973165,       12, 21260125,    71745,    59875,    11463
19979317,       13, 22069638,    71759,    59884,    11979
19981131,       14, 23336101,    71776,    59892,    12493
19981510,       10, 19643004,    71686,    60078,    10392
19981611,       11, 20139227,    71718,    60090,    10922
19982750,       12, 21259989,    71750,    60102,    11463
19986001,       13, 22069486,    71781,    60113,    11979
19987293,       14, 23338321,    71812,    60124,    12493
16046273,       10, 20271710,    71361,    60762,    10392
16544156,       11, 20773934,    71375,    60827,    10922
17047130,       12, 21257400,    71390,    60892,    11463
17049737,       13, 22759088,    71404,    60954,    11979
17577446,       14, 23993048,    71418,    61016,    12493
18064921,       10, 19643569,    70034,    58913,    10392
18599540,       11, 20139714,    70043,    58926,    10922
19073342,       12, 20598174,    70052,    58939,    11463
16948121,       13, 22060813,    70061,    58952,    11979
16956723,       14, 23329627,    70070,    58964,    12493
18957937,       10, 19645202,    71793,    59452,    10392
19440598,       11, 20137211,    71806,    59473,    10922
15970913,       12, 20606846,    71818,    59494,    11463
16426787,       13, 22073205,    71830,    59515,    11979
16415592,       14, 23340588,    71842,    59535,    12493
18467919,       10, 19640528,    70034,    59870,    10392
18475404,       12, 21250042,    70035,    59928,    11463
18485450,       13, 22060176,    70035,    59956,    11979
19454643,       14, 23326786,    70035,    59983,    12493
19943886,       12, 21258718,    72051,    60540,    11463
19960796,       13, 22762366,    72050,    60547,    11979
19976077,       10, 19655761,    72515,    59799,    10392
15943082,       11, 20152606,    72521,    59830,    10922
17433309,       12, 21262474,    72529,    59862,    11463
17445870,       13, 22075941,    72535,    59893,    11979
17451936,       14, 23342816,    72542,    59923,    12493
17462996,       10, 19654504,    72662,    59280,    10392
17935531,       11, 20151201,    72700,    59340,    10922
19426428,       12, 20612616,    72741,    59399,    11463
19431231,       13, 22074315,    72779,    59455,    11979
19468378,       14, 23341623,    72816,    59511,    12493
16539113,       10, 19655832,    73244,    59860,    10392
15955031,       11, 20146583,    73249,    59864,    10922
17466159,       12, 21260460,    73255,    59866,    11463
17928205,       10, 20279507,    73444,    60404,    10392
18465574,       13, 22769820,    73443,    60589,    11979
16952405,       10, 19655093,    73016,    59263,    10392
19972992,       11, 20151718,    73023,    59300,    10922
18964929,       12, 20611268,    73030,    59339,    11463
15971704,       13, 22083179,    73036,    59379,    11979
16470198,       14, 23340855,    73040,    59417,    12493
17435384,       10, 20206193,    57037,    61954,    10392
17564600,       11, 20706506,    57042,    61955,    10922
16961976,       12, 21829297,    57049,    61956,    11463
19426424,       13, 22690301,    57054,    61957,    11979
19455656,       14, 23928095,    57060,    61958,    12493
15978466,       11, 21337310,    57283,    62492,    10922
16961859,       10, 20205301,    57176,    61606,    10392
17433619,       11, 20705809,    57184,    61620,    10922
17480215,       12, 21181397,    57192,    61636,    11463
17952458,       13, 22692289,    57200,    61651,    11979
17490000,       14, 23928890,    57208,    61665,    12493
18437731,       10, 20833516,    57128,    62480,    10392
18945773,       11, 21337502,    57130,    62491,    10922
19457410,       12, 21831047,    57133,    62503,    11463
18958047,       13, 22691493,    57136,    62514,    11979
16036134,       14, 24587766,    57138,    62525,    12493
16434943,       10, 20833403,    57051,    62547,    10392
17940591,       11, 21336948,    57056,    62559,    10922
18454791,       12, 21832114,    57062,    62572,    11463
18474671,       13, 23375283,    57067,    62584,    11979
19428030,       14, 24587615,    57072,    62595,    12493
16921194,       11, 21335734,    56937,    62209,    10922
16936104,       12, 21830770,    56938,    62223,    11463
16942613,       13, 22690024,    56939,    62237,    11979
16944227,       14, 23925046,    56939,    62251,    12493
16439433,       10, 20833384,    57102,    62897,    10392
17474187,       11, 21338077,    57103,    62908,    10922
17474124,       12, 21828681,    57104,    62918,    11463
17480437,       13, 23379611,    57104,    62929,    11979
17478074,       14, 24589005,    57104,    62939,    12493
17921999,       10, 20831221,    57167,    63282,    10392
17453156,       11, 21335249,    57172,    63332,    10922
17950338,       12, 21830192,    57177,    63384,    11463
17961419,       13, 23376439,    57182,    63434,    11979
17965396,       14, 24587034,    57187,    63484,    12493
17470904,       10, 20841250,    58379,    62302,    10392
17966151,       11, 21345252,    58442,    62305,    10922
17480818,       13, 22688825,    58571,    62312,    11979
18461292,       14, 23935871,    58633,    62315,    12493
18968111,       10, 20218618,    59256,    61377,    10392
19468918,       11, 20719279,    59283,    61378,    10922
19484209,       13, 22696368,    59337,    61381,    11979
15412440,       14, 23939920,    59363,    61383,    12493
16917937,       10, 20216613,    58222,    61873,    10392
16439390,       11, 20717459,    58221,    61874,    10922
16444293,       13, 22687712,    58220,    61877,    11979
16945098,       10, 20841248,    58411,    62416,    10392
17941195,       11, 21345190,    58419,    62470,    10922
17967185,       12, 21842360,    58429,    62527,    11463
19481767,       13, 23371171,    58438,    62580,    11979
16480437,       14, 24593125,    58447,    62633,    12493
18935342,       10, 20229319,    59902,    62169,    10392
18473363,       11, 21354657,    59934,    62195,    10922
17928196,       12, 21850999,    59968,    62222,    11463
17444075,       13, 22699786,    60001,    62249,    11979
17927705,       14, 23946088,    60034,    62274,    12493
19956945,       10, 20218286,    59430,    61291,    10392
16443058,       11, 20719404,    59439,    61320,    10922
16965949,       12, 21195150,    59448,    61351,    11463
18049514,       13, 22696384,    59457,    61379,    11979
17963192,       14, 23939909,    59466,    61408,    12493
18966499,       10, 20843798,    58687,    63156,    10392
19472832,       11, 21347781,    58693,    63201,    10922
19973220,       12, 21838997,    58700,    63247,    11463
15480296,       13, 23373987,    58706,    63290,    11979
16964245,       14, 24594546,    58712,    63333,    12493
17467711,       10, 20219822,    60415,    61102,    10392
18453331,       11, 20720550,    60443,    61113,    10922
18455750,       12, 21202997,    60472,    61124,    11463
18921297,       13, 22697237,    60499,    61134,    11979
15958129,       14, 23944929,    60527,    61145,    12493
16926785,       11, 20724124,    60846,    61005,    10922
18940204,       12, 21206583,    60846,    61009,    11463
18974130,       10, 20224998,    60146,    61554,    10392
19458624,       11, 20725850,    60154,    61564,    10922
19435082,       12, 21204226,    60163,    61576,    11463
19425427,       13, 22698988,    60172,    61586,    11979
19441470,       14, 23946763,    60179,    61597,    12493
17928764,       12, 21855813,    61436,    62061,    11463
17434418,       13, 22711233,    61436,    62101,    11979
17456275,       14, 23948598,    61437,    62142,    12493
15955406,       10, 20228694,    61199,    61213,    10392
15967931,       11, 20729322,    61215,    61226,    10922
16967399,       12, 21206589,    61232,    61242,    11463
16976128,       13, 22703934,    61248,    61255,    11979
18464806,       14, 23941910,    61264,    61269,    12493
18472648,       10, 20224244,    60473,    62037,    10392
16438387,       11, 20725253,    60478,    62043,    10922
16442725,       12, 21849536,    60484,    62050,    11463
16984927,       13, 22700862,    60490,    62055,    11979
17976203,       14, 23948954,    60496,    62062,    12493
18439093,       10, 20857093,    61258,    62395,    10392
18474718,       12, 21857656,    61277,    62396,    11463
18589621,       13, 22709562,    61286,    62397,    11979
18422747,       14, 24601612,    61296,    62398,    12493
18441686,       10, 20853903,    61702,    62742,    10392
18450226,       11, 21357751,    61716,    62776,    10922
18961050,       12, 21863114,    61729,    62811,    11463
19105057,       13, 23393859,    61742,    62843,    11979
19430635,       14, 24613103,    61755,    62876,    12493
19925453,       10, 20862644,    61998,    62863,    10392
16031747,       11, 21367433,    62047,    62890,    10922
15412458,       12, 21858562,    62097,    62918,    11463
15949220,       13, 23400041,    62144,    62944,    11979
16417104,       14, 24618782,    62192,    62970,    12493
16446089,       10, 20860687,    62122,    62354,    10392
16925330,       11, 21364360,    62167,    62378,    10922
16935447,       12, 21861834,    62213,    62403,    11463
16948807,       13, 22713036,    62256,    62426,    11979
17440076,       14, 24617211,    62301,    62450,    12493
17450295,       10, 20224455,    61616,    62136,    10392
16957118,       11, 20725497,    61628,    62154,    10922
17928751,       12, 21861928,    61640,    62172,    11463
17953121,       13, 22710865,    61651,    62189,    11979
17978242,       14, 23956358,    61663,    62205,    12493
17978299,       11, 20730535,    62297,    61131,    10922
17488978,       10, 20237151,    63618,    61734,    10392
18441307,       11, 20738057,    63682,    61744,    10922
18485546,       12, 21223762,    63748,    61756,    11463
18485523,       13, 22725075,    63810,    61767,    11979
18452928,       14, 23970066,    63871,    61777,    12493
18979860,       10, 20864928,    62434,    62974,    10392
19481974,       11, 21368801,    62440,    63008,    10922
19448341,       12, 21865069,    62448,    63041,    11463
15970692,       13, 23400168,    62454,    63074,    11979
16418871,       14, 24615405,    62461,    63106,    12493
16568770,       10, 20248131,    64419,    61904,    10392
16432544,       11, 20748999,    64467,    61917,    10922
17455308,       12, 21875850,    64518,    61930,    11463
18445591,       13, 22721881,    64567,    61942,    11979
19427929,       14, 23968565,    64615,    61953,    12493
15920834,       10, 20258666,    65977,    61582,    10392
15945826,       11, 20760035,    66020,    61591,    10922
16454889,       13, 22735398,    66107,    61608,    11979
17430508,       14, 23981681,    66149,    61616,    12493
18444714,       11, 20757841,    66089,    61955,    10922
17939053,       12, 21887803,    66137,    61981,    11463
16942533,       13, 22733992,    66182,    62006,    11979
17069417,       14, 23978817,    66228,    62031,    12493
17471405,       12, 21225011,    65021,    61066,    11463
17964706,       13, 22725981,    65036,    61066,    11979
19561337,       14, 23961377,    65050,    61066,    12493
19591130,       10, 20245305,    65169,    61667,    10392
19984361,       11, 20747132,    65179,    61671,    10922
17482175,       12, 21223963,    65189,    61674,    11463
18046351,       13, 22731698,    65199,    61677,    11979
18579984,       14, 23967479,    65209,    61680,    12493
18483771,       13, 22731435,    65003,    61541,    11979
19967386,       10, 20244757,    65457,    62261,    10392
16446806,       11, 21373115,    65520,    62300,    10922
17469671,       12, 21883754,    65586,    62340,    11463
17483318,       14, 24636080,    65712,    62416,    12493
17963127,       10, 20245230,    65231,    61413,    10392
17967216,       11, 20746593,    65278,    61458,    10922
18426584,       12, 21226187,    65327,    61506,    11463
20159814,       13, 22730037,    65373,    61550,    11979
15917457,       14, 23969193,    65419,    61594,    12493
15981930,       10, 20877660,    64092,    62697,    10392
16429078,       11, 21377257,    64098,    62697,    10922
16958147,       12, 21872702,    64103,    62697,    11463
17463550,       10, 20237003,    63826,    61933,    10392
18461269,       11, 20737699,    63827,    61935,    10922
19432268,       12, 21869349,    63827,    61936,    11463
19470663,       14, 23970075,    63828,    61938,    12493
19970419,       10, 20234801,    63843,    62215,    10392
15926392,       11, 21364620,    63847,    62223,    10922
16456682,       12, 21871468,    63851,    62232,    11463
16469106,       13, 22723379,    63854,    62240,    11979
16953053,       14, 23971064,    63858,    62247,    12493
16965025,       10, 20869558,    65089,    62471,    10392
16983145,       11, 21374443,    65100,    62477,    10922
17435679,       12, 21873166,    65110,    62483,    11463
17478102,       13, 22730858,    65120,    62489,    11979
18447328,       14, 24620329,    65130,    62494,    12493
18924320,       10, 20871767,    65033,    63289,    10392
18449075,       11, 21372076,    65039,    63337,    10922
15956199,       12, 21870954,    65045,    63386,    11463
15451584,       13, 23415570,    65051,    63432,    11979
15944239,       14, 24619742,    65057,    63479,    12493
16461366,       11, 21374755,    65361,    62531,    10922
16954788,       12, 21873101,    65426,    62571,    11463
16972108,       13, 23418629,    65488,    62608,    11979
17426796,       14, 24638550,    65550,    62645,    12493
16954329,       10, 20248056,    64408,    61972,    10392
16952677,       12, 21875924,    64444,    61995,    11463
17469420,       13, 22723420,    64461,    62005,    11979
17455890,       14, 23969941,    64478,    62016,    12493
18438373,       10, 20253825,    67672,    61243,    10392
18456104,       11, 20759615,    67677,    61255,    10922
17969471,       12, 21246027,    67683,    61267,    11463
18457754,       13, 22740791,    67689,    61277,    11979
18472644,       14, 23985589,    67695,    61289,    12493
19466575,       10, 20885037,    67547,    62299,    10392
19935714,       11, 21388522,    67585,    62332,    10922
15917541,       12, 21897579,    67624,    62365,    11463
15444317,       13, 22745161,    67662,    62396,    11979
15963422,       14, 24646030,    67699,    62428,    12493
15936263,       10, 20880818,    67320,    62515,    10392
15969061,       11, 21384487,    67348,    62557,    10922
16454336,       12, 21882154,    67377,    62600,    11463
16463543,       13, 23429122,    67404,    62641,    11979
16471758,       14, 24637847,    67432,    62681,    12493
16475531,       10, 20264608,    68720,    61464,    10392
16932612,       11, 20766275,    68777,    61486,    10922
16956208,       12, 21245330,    68836,    61507,    11463
17929845,       13, 22750717,    68891,    61528,    11979
17474098,       14, 23991363,    68946,    61550,    12493
18462108,       10, 20273259,    69895,    60980,    10392
18438000,       12, 21254286,    69940,    60982,    11463
18439968,       14, 23992522,    69983,    60982,    12493
18572757,       10, 20267946,    69774,    61621,    10392
18478698,       11, 20765286,    69785,    61623,    10922
18977217,       12, 21256576,    69796,    61625,    11463
18939287,       13, 22752985,    69807,    61627,    11979
19483788,       14, 23997869,    69818,    61628,    12493
19426065,       10, 20259437,    68493,    60828,    10392
19937004,       11, 20760946,    68516,    60829,    10922
15924338,       12, 21244611,    68541,    60830,    11463
16545068,       13, 22737755,    68564,    60832,    11979
16451330,       14, 23983719,    68587,    60833,    12493
15951701,       10, 20888287,    68879,    62501,    10392
16459032,       11, 21393427,    68886,    62534,    10922
16926902,       12, 21891886,    68894,    62567,    11463
16440642,       13, 23438079,    68901,    62599,    11979
17922936,       14, 24648256,    68908,    62631,    12493
17438367,       10, 20266370,    69179,    61910,    10392
17982079,       12, 21895425,    69178,    61920,    11463
17931644,       10, 20266192,    69853,    61827,    10392
18949338,       11, 20767792,    69859,    61832,    10922
19447036,       12, 21904667,    69865,    61836,    11463
19478746,       13, 22752846,    69870,    61840,    11979
19925345,       14, 23998778,    69876,    61845,    12493
16468555,       12, 21265115,    71685,    61340,    11463
15967838,       10, 20269123,    70048,    61278,    10392
15962568,       11, 20775522,    70062,    61305,    10922
16460730,       12, 21255029,    70076,    61331,    11463
16927669,       13, 22747659,    70090,    61357,    11979
17489344,       14, 23997858,    70103,    61382,    12493
17918971,       10, 20904031,    71215,    62394,    10392
17920952,       11, 21407652,    71226,    62407,    10922
17939647,       12, 21902650,    71238,    62422,    11463
17926648,       13, 22763082,    71250,    62437,    11979
18937459,       14, 24650656,    71260,    62450,    12493
18919674,       10, 20273402,    69992,    62119,    10392
19942147,       11, 20774794,    69999,    62145,    10922
19472897,       12, 21900537,    70005,    62172,    11463
15961103,       13, 22753881,    70011,    62198,    11979
15983260,       14, 23997055,    70018,    62223,    12493
16418597,       10, 20275499,    70060,    62023,    10392
16437961,       11, 20776496,    70071,    62045,    10922
16438519,       12, 21900510,    70082,    62068,    11463
17054156,       13, 22753916,    70092,    62088,    11979
17934128,       14, 23999007,    70102,    62109,    12493
18439357,       10, 20286979,    72718,    61551,    10392
18475441,       11, 20787855,    72750,    61563,    10922
18481020,       12, 21266757,    72781,    61574,    11463
18925739,       13, 22762782,    72812,    61585,    11979
18981595,       14, 24011145,    72843,    61596,    12493
18930227,       10, 20281621,    72338,    61062,    10392
19459731,       11, 20782803,    72349,    61068,    10922
19426296,       12, 21265929,    72360,    61075,    11463
19455216,       13, 22760085,    72371,    61080,    11979
19967478,       14, 24006237,    72382,    61087,    12493
19987423,       10, 20281637,    72925,    61277,    10392
15917616,       11, 20787940,    72929,    61287,    10922
15932877,       12, 21266044,    72933,    61298,    11463
16935249,       13, 22768720,    72937,    61307,    11979
17091630,       14, 24002721,    72941,    61318,    12493
16975449,       10, 20278919,    73262,    61221,    10392
16478627,       11, 20785450,    73300,    61227,    10922
16946657,       12, 21265436,    73341,    61234,    11463
17458130,       13, 22768840,    73379,    61239,    11979
16954501,       14, 24002823,    73417,    61245,    12493
17473185,       10, 20282639,    72403,    62234,    10392
16986899,       11, 21411399,    72407,    62244,    10922
17940733,       12, 21916415,    72412,    62254,    11463
17478092,       13, 22765490,    72417,    62263,    11979
18557325,       14, 24010544,    72421,    62272,    12493
17969405,       10, 20914819,    72890,    62620,    10392
18955350,       11, 21418617,    72892,    62629,    10922
18969498,       12, 21913240,    72894,    62638,    11463
18969751,       13, 23453242,    72896,    62645,    11979
18919678,       14, 24662170,    72898,    62654,    12493
19438206,       10, 20285614,    72748,    61742,    10392
19469322,       11, 20787186,    72755,    61746,    10922
19484600,       12, 21915083,    72763,    61750,    11463
15425175,       13, 22767018,    72769,    61753,    11979
15937510,       14, 24011160,    72777,    61757,    12493
16426990,       12, 21828488,    57364,    63256,    11463
16963823,       13, 23376151,    57387,    63255,    11979
16925385,       14, 24585576,    57411,    63256,    12493
16929985,       10, 21461632,    57873,    64836,    10392
16986738,       11, 21963600,    57906,    64846,    10922
16987558,       12, 22491261,    57940,    64857,    11463
17981281,       13, 24040463,    57972,    64866,    11979
18430881,       14, 25231620,    58003,    64876,    12493
18920859,       10, 21452603,    57392,    64659,    10392
18939290,       11, 21947868,    57402,    64664,    10922
18960675,       12, 22473145,    57413,    64669,    11463
18985129,       13, 24045713,    57422,    64673,    11979
19948968,       14, 25228645,    57432,    64678,    12493
19454893,       10, 20836945,    57537,    63516,    10392
15941356,       11, 21340881,    57560,    63535,    10922
15941259,       12, 21846914,    57586,    63555,    11463
15441267,       13, 23376148,    57610,    63573,    11979
15963240,       14, 24595813,    57634,    63592,    12493
16461196,       10, 20838002,    57404,    63847,    10392
16444065,       11, 21341799,    57404,    63852,    10922
16949603,       12, 22475010,    57405,    63856,    11463
16921430,       13, 23377559,    57405,    63860,    11979
17967626,       14, 24587912,    57406,    63864,    12493
17968270,       10, 21458043,    57957,    64355,    10392
18432870,       11, 21960019,    57972,    64381,    10922
18446933,       12, 22489767,    57988,    64408,    11463
18965788,       13, 23371557,    58002,    64434,    11979
19559623,       14, 25233224,    58018,    64458,    12493
15923823,       12, 21846946,    58221,    63541,    11463
16441911,       13, 23370414,    58259,    63564,    11979
15950237,       14, 24590782,    58297,    63589,    12493
16464836,       12, 22474644,    56895,    65111,    11463
16966344,       13, 24044656,    56895,    65125,    11979
16947139,       14, 25222440,    56895,    65139,    12493
17458148,       10, 20841716,    58714,    63837,    10392
17944154,       11, 21345983,    58749,    63846,    10922
17473531,       12, 22484840,    58785,    63856,    11463
17975386,       13, 23374195,    58819,    63865,    11979
17987042,       14, 24596258,    58853,    63874,    12493
18437817,       10, 21462411,    59594,    64639,    10392
17946070,       11, 21964392,    59601,    64693,    10922
18470152,       12, 22502055,    59608,    64749,    11463
18932534,       13, 24053508,    59615,    64801,    11979
18941761,       14, 25241730,    59622,    64853,    12493
18937453,       10, 20855648,    61035,    63197,    10392
18463272,       11, 21359112,    61063,    63210,    10922
18966696,       12, 21856144,    61092,    63224,    11463
19435223,       13, 23395300,    61120,    63236,    11979
19427886,       14, 24605774,    61148,    63249,    12493
19443284,       10, 21465132,    60485,    64839,    10392
19469522,       11, 21967431,    60495,    64842,    10922
19925348,       12, 22494163,    60504,    64846,    11463
15963806,       13, 24054916,    60513,    64851,    11979
15963060,       10, 21471488,    61065,    64986,    10392
16423940,       11, 21974296,    61109,    65009,    10922
16443862,       12, 22497490,    61154,    65033,    11463
17456727,       13, 24061332,    61199,    65055,    11979
17488576,       14, 25243404,    61243,    65077,    12493
16985822,       10, 21471599,    60801,    64594,    10392
16986653,       11, 21973720,    60804,    64595,    10922
17437178,       12, 22493834,    60806,    64596,    11463
18486271,       13, 24054859,    60809,    64597,    11979
18964736,       14, 25245268,    60811,    64599,    12493
19470308,       10, 20849965,    60574,    63601,    10392
19480878,       11, 21353656,    60593,    63609,    10922
15939072,       12, 21850317,    60613,    63616,    11463
15941460,       13, 23385820,    60632,    63624,    11979
16434439,       14, 24606935,    60651,    63631,    12493
16441016,       10, 20856057,    61061,    64197,    10392
16476431,       11, 21971584,    61078,    64246,    10922
16935956,       12, 22500470,    61096,    64297,    11463
17918870,       13, 23399677,    61113,    64345,    11979
17972771,       14, 25245367,    61130,    64394,    12493
17973270,       10, 20854399,    60037,    62998,    10392
17488193,       11, 21358426,    60045,    63004,    10922
18473880,       12, 21848972,    60053,    63010,    11463
18960050,       13, 23383564,    60062,    63016,    11979
18978256,       14, 24603440,    60069,    63022,    12493
19441064,       10, 21466736,    60166,    65070,    10392
19423823,       11, 21968972,    60195,    65110,    10922
15932241,       12, 22495733,    60224,    65152,    11463
15962641,       13, 24051305,    60252,    65191,    11979
15969312,       14, 25242676,    60280,    65231,    12493
15976880,       11, 21979008,    62256,    64449,    10922
15937919,       10, 21481200,    63115,    64812,    10392
16426574,       11, 21983102,    63174,    64875,    10922
17428323,       12, 22508641,    63236,    64942,    11463
17469452,       13, 24072109,    63294,    65004,    11979
17957834,       14, 25251866,    63351,    65066,    12493
17979646,       10, 20863574,    62151,    63152,    10392
18473543,       11, 21367453,    62163,    63160,    10922
18422259,       12, 21858663,    62177,    63168,    11463
18435624,       13, 23396030,    62189,    63175,    11979
19421171,       14, 24615289,    62201,    63182,    12493
18934489,       10, 20859645,    62104,    63755,    10392
19444062,       11, 21365048,    62115,    63767,    10922
19480886,       12, 22506066,    62127,    63779,    11463
19935672,       13, 23397512,    62138,    63790,    11979
16059919,       14, 24616410,    62149,    63801,    12493
15928324,       10, 21478804,    62601,    64322,    10392
16432156,       11, 21980925,    62637,    64362,    10922
16415610,       13, 23396722,    62711,    64441,    11979
16917792,       10, 20864456,    63497,    64206,    10392
16452120,       11, 21979226,    63502,    64225,    10922
16965819,       12, 22504577,    63507,    64245,    11463
17450872,       13, 23403191,    63512,    64263,    11979
17955437,       14, 24624400,    63516,    64282,    12493
18066243,       10, 20864039,    63333,    63125,    10392
18956490,       11, 21367788,    63337,    63132,    10922
18964748,       12, 21859437,    63341,    63140,    11463
18973813,       13, 23404663,    63345,    63147,    11979
19435837,       14, 24614516,    63349,    63154,    12493
19483256,       10, 21477300,    63572,    64502,    10392
16460793,       11, 21977124,    63585,    64514,    10922
16946187,       12, 22514393,    63598,    64527,    11463
17488668,       13, 24075781,    63611,    64540,    11979
17476702,       14, 25264436,    63624,    64552,    12493
17947028,       10, 21481124,    62959,    64926,    10392
18452390,       11, 21983734,    62971,    64942,    10922
18470272,       12, 22508493,    62983,    64959,    11463
18922978,       13, 24071854,    62995,    64975,    11979
18454070,       14, 25251778,    63009,    64990,    12493
19419959,       10, 20874520,    64202,    63188,    10392
19451475,       11, 21378157,    64213,    63212,    10922
19463843,       12, 21875231,    64224,    63236,    11463
19475076,       13, 23406870,    64235,    63260,    11979
19486711,       10, 21486165,    65716,    64380,    10392
15917583,       11, 21987938,    65721,    64385,    10922
15969019,       12, 22526270,    65726,    64390,    11463
16423803,       13, 23419079,    65730,    64395,    11979
16427125,       14, 25273667,    65735,    64400,    12493
16441356,       10, 21486821,    65722,    65060,    10392
16439810,       11, 21988749,    65755,    65090,    10922
16932583,       12, 22528072,    65788,    65119,    11463
17454766,       14, 25278709,    65851,    65175,    12493
17480251,       11, 21378971,    64358,    63619,    10922
17488648,       12, 21876400,    64385,    63629,    11463
17940650,       13, 23406722,    64411,    63638,    11979
17951965,       14, 24619498,    64437,    63647,    12493
18483745,       10, 20870372,    65170,    63857,    10392
18965619,       11, 21373549,    65172,    63878,    10922
19445699,       12, 22516035,    65174,    63900,    11463
18968528,       13, 23411422,    65176,    63920,    11979
15926388,       14, 24620821,    65178,    63940,    12493
15970935,       12, 22520818,    64472,    64773,    11463
16927947,       13, 24075560,    64472,    64775,    11979
16933298,       14, 25260040,    64472,    64777,    12493
16982633,       10, 20871794,    65339,    63084,    10392
16968671,       11, 21375376,    65367,    63101,    10922
17928710,       12, 21868563,    65396,    63118,    11463
18441281,       14, 24623075,    65451,    63151,    12493
18932687,       10, 20868770,    64942,    63425,    10392
19439981,       11, 21372634,    64959,    63464,    10922
19445184,       12, 21870682,    64976,    63504,    11463
19458439,       13, 23415542,    64993,    63542,    11979
19468010,       14, 24619553,    65010,    63580,    12493
19448107,       10, 20871611,    65115,    63166,    10392
19965098,       11, 21375147,    65142,    63189,    10922
19478762,       12, 21870730,    65171,    63213,    11463
15412376,       13, 23415672,    65198,    63235,    11979
15421037,       14, 24622618,    65225,    63258,    12493
15957938,       10, 21491084,    64872,    64757,    10392
15459515,       11, 21992747,    64875,    64760,    10922
15918833,       12, 22520953,    64878,    64763,    11463
16422119,       13, 24084426,    64881,    64766,    11979
17439079,       14, 25260272,    64884,    64767,    12493
17476968,       10, 21500620,    67622,    64704,    10392
17485072,       11, 22002648,    67622,    64711,    10922
16985972,       12, 22540758,    67622,    64717,    11463
17936515,       13, 24097107,    67622,    64723,    11979
17921158,       14, 25283252,    67622,    64729,    12493
18434903,       11, 21383447,    66994,    63654,    10922
18443520,       12, 21879895,    66994,    63654,    11463
19439742,       14, 24630004,    66995,    63654,    12493
19458747,       10, 20880075,    67299,    63862,    10392
18975457,       11, 21388986,    67323,    63868,    10922
18971730,       12, 22524219,    67349,    63874,    11463
19426176,       13, 23428152,    67373,    63879,    11979
15960764,       14, 24635617,    67397,    63884,    12493
15974925,       10, 20878747,    67270,    63647,    10392
16432163,       11, 21382411,    67282,    63658,    10922
15947800,       12, 21882043,    67295,    63670,    11463
16934564,       13, 23428346,    67308,    63680,    11979
16980670,       14, 24635504,    67320,    63690,    12493
17467276,       10, 20882117,    67115,    64204,    10392
17940550,       11, 21997441,    67152,    64218,    10922
17949094,       13, 23429874,    67226,    64245,    11979
18953464,       14, 24634733,    67261,    64258,    12493
18922155,       10, 20889178,    68841,    63876,    10392
15963311,       11, 21392839,    68869,    63885,    10922
15983297,       12, 22534530,    68898,    63895,    11463
16425886,       13, 23436997,    68924,    63903,    11979
16425685,       14, 24645108,    68951,    63912,    12493
15929636,       13, 23433161,    69711,    64214,    11979
15936240,       10, 21507070,    69304,    64455,    10392
15940452,       11, 22012081,    69357,    64485,    10922
16453820,       12, 22540176,    69411,    64515,    11463
16466923,       13, 24106301,    69463,    64544,    11979
15966491,       14, 25298270,    69514,    64573,    12493
16454441,       10, 20891815,    69221,    62923,    10392
16937100,       11, 21395841,    69240,    62932,    10922
17426703,       12, 21894569,    69257,    62942,    11463
17443113,       13, 23440517,    69275,    62951,    11979
17461264,       14, 24647912,    69292,    62961,    12493
16964025,       10, 20890586,    68603,    63376,    10392
17476663,       12, 21890043,    68609,    63378,    11463
17921234,       13, 23424649,    68612,    63379,    11979
17444249,       14, 24642447,    68615,    63380,    12493
17974932,       10, 20889216,    69047,    63883,    10392
17934272,       11, 21398826,    69086,    63890,    10922
18427136,       12, 22536357,    69127,    63899,    11463
18941447,       13, 23437099,    69166,    63906,    11979
18920895,       14, 24645517,    69203,    63914,    12493
19428180,       11, 22007414,    68937,    64469,    10922
19586754,       13, 24106205,    68976,    64582,    11979
15975952,       14, 25283830,    68995,    64636,    12493
17450838,       10, 20887717,    68251,    63813,    10392
18060037,       11, 21392692,    68279,    63823,    10922
17975112,       12, 22534650,    68308,    63834,    11463
17933997,       13, 23420786,    68335,    63844,    11979
17962205,       14, 24640901,    68361,    63854,    12493
18475521,       10, 21506980,    69598,    64293,    10392
18924360,       11, 22008784,    69609,    64306,    10922
18986018,       12, 22548779,    69619,    64320,    11463
18943670,       14, 24653793,    69639,    64344,    12493
19482675,       10, 21515583,    70183,    64313,    10392
15420635,       11, 22017706,    70229,    64355,    10922
15936130,       12, 22542939,    70277,    64399,    11463
15940441,       13, 23436600,    70322,    64440,    11979
16932736,       14, 25294577,    70366,    64482,    12493
16945381,       10, 20890777,    68537,    63183,    10392
16448539,       11, 21394617,    68554,    63201,    10922
16973678,       12, 21888866,    68571,    63220,    11463
16939126,       13, 23424067,    68587,    63236,    11979
17945716,       14, 24642429,    68602,    63253,    12493
17953135,       10, 20891719,    69859,    63307,    10392
18432133,       11, 21410075,    69864,    63315,    10922
18473507,       12, 21906171,    69868,    63323,    11463
18490104,       13, 23434637,    69873,    63330,    11979
19419996,       14, 24653416,    69877,    63338,    12493
18947984,       10, 20902775,    71055,    64260,    10392
18966218,       11, 22019303,    71075,    64280,    10922
19456340,       12, 22549325,    71096,    64300,    11463
15937431,       13, 23450551,    71116,    64319,    11979
15944132,       14, 24654933,    71135,    64337,    12493
15966749,       13, 23438964,    70773,    64194,    11979
15970212,       14, 24657044,    70774,    64195,    12493
16932645,       10, 21519311,    70999,    64714,    10392
16967432,       11, 22021699,    71015,    64755,    10922
16967834,       12, 22550326,    71033,    64800,    11463
16476762,       13, 24116454,    71049,    64840,    11979
17460649,       14, 25297290,    71066,    64881,    12493
18450876,       10, 21516851,    71068,    64400,    10392
18466096,       11, 22019295,    71083,    64411,    10922
18453301,       12, 22549084,    71097,    64423,    11463
18929689,       13, 23447242,    71112,    64434,    11979
18938873,       14, 25294435,    71126,    64445,    12493
18955676,       10, 21520334,    70982,    65120,    10392
18944012,       11, 22022232,    70992,    65169,    10922
19451615,       12, 22547042,    71003,    65219,    11463
19444690,       14, 25297800,    71024,    65314,    12493
18949621,       10, 20903185,    70721,    63642,    10392
15433540,       11, 21408578,    70740,    63687,    10922
15970260,       12, 22544194,    70760,    63733,    11463
16917073,       13, 23437535,    70779,    63776,    11979
16435451,       14, 24655369,    70798,    63820,    12493
16939925,       10, 20903491,    71341,    63544,    10392
16452178,       11, 21406996,    71379,    63554,    10922
16939042,       13, 23445105,    71453,    63575,    11979
17431444,       14, 24658473,    71490,    63585,    12493
17958830,       10, 20902890,    71496,    64229,    10392
18584227,       11, 22019331,    71507,    64275,    10922
18951420,       12, 22549225,    71518,    64319,    11463
19459979,       13, 23443552,    71527,    64362,    11979
19962423,       14, 25302394,    71537,    64405,    12493
15983450,       10, 20904698,    71463,    64147,    10392
16424273,       11, 22019329,    71473,    64190,    10922
15971899,       12, 22549468,    71484,    64235,    11463
16416761,       13, 23443524,    71495,    64277,    11979
16956720,       14, 24663358,    71505,    64319,    12493
17426882,       10, 21515815,    71669,    64310,    10392
18461799,       11, 22017902,    71676,    64337,    10922
18431963,       12, 22552402,    71683,    64364,    11463
18462696,       13, 23443429,    71690,    64390,    11979
18953646,       14, 25302336,    71697,    64416,    12493
18980075,       10, 21514214,    71741,    64648,    10392
19444787,       11, 22016098,    71782,    64689,    10922
16460690,       13, 24115438,    71863,    64771,    11979
16986754,       14, 25300080,    71903,    64811,    12493
19077684,       10, 20908290,    71960,    64054,    10392
15973571,       11, 21412262,    71983,    64057,    10922
16921562,       12, 22552608,    72007,    64061,    11463
18969781,       13, 23448250,    72030,    64065,    11979
16930949,       14, 24666261,    72053,    64068,    12493
17963041,       10, 20913935,    72595,    64042,    10392
19601699,       11, 21417751,    72596,    64067,    10922
16443834,       12, 22558671,    72598,    64092,    11463
17484264,       13, 23449825,    72599,    64115,    11979
17484264,       14, 24666186,    72600,    64139,    12493
17485778,       11, 22028592,    72344,    64272,    10922
17485778,       12, 22552785,    72354,    64277,    11463
17485778,       13, 23449886,    72364,    64283,    11979
17485778,       14, 24666341,    72373,    64289,    12493
17488501,       10, 20908774,    73289,    64218,    10392
17488501,       11, 22027260,    73301,    64262,    10922
17488501,       12, 22553486,    73314,    64308,    11463
17488501,       13, 23454104,    73326,    64351,    11979
17488501,       14, 25302743,    73338,    64394,    12493
17488716,       10, 20908852,    73469,    64151,    10392
17488716,       11, 22027205,    73477,    64206,    10922
17488716,       12, 22553430,    73486,    64260,    11463
17488716,       13, 23453994,    73494,    64312,    11979
17489592,       12, 21914051,    72832,    62988,    11463
17489592,       13, 23450949,    72832,    62994,    11979
17489592,       14, 24662102,    72832,    63001,    12493
17490083,       10, 21526308,    72899,    64379,    10392
17490083,       11, 22028559,    72905,    64383,    10922
17490083,       12, 22559798,    72913,    64388,    11463
17490083,       13, 23454265,    72919,    64392,    11979
17490083,       14, 25302556,    72925,    64397,    12493
17920261,       10, 21451444,    57838,    66128,    10392
17920261,       11, 21956103,    57865,    66142,    10922
17920261,       12, 23135719,    57892,    66156,    11463
17920261,       13, 24039744,    57916,    66169,    11979
17920261,       14, 25230412,    57942,    66182,    12493
17920627,       10, 21446857,    57118,    65111,    10392
17920627,       12, 22474689,    57121,    65113,    11463
17920627,       13, 24048847,    57122,    65115,    11979
17920627,       14, 25228972,    57124,    65116,    12493
17920773,       10, 21453196,    57744,    65049,    10392
17920773,       11, 21955110,    57779,    65055,    10922
17920773,       12, 22486860,    57816,    65061,    11463
17920773,       13, 24040647,    57850,    65067,    11979
17920773,       14, 25232597,    57884,    65072,    12493
17921474,       10, 21463662,    57861,    65321,    10392
17921474,       11, 21961108,    57864,    65329,    10922
17921474,       12, 22486802,    57867,    65338,    11463
17921474,       13, 24049574,    57869,    65346,    11979
17921474,       14, 25232255,    57871,    65355,    12493
17923675,       10, 22067725,    56761,    66271,    10392
17923675,       11, 22568749,    56762,    66271,    10922
17923675,       12, 23118796,    56764,    66272,    11463
17923675,       13, 24029727,    56766,    66272,    11979
17924511,       10, 22068638,    57167,    67008,    10392
17924511,       11, 22567042,    57189,    67048,    10922
17924511,       12, 23115834,    57213,    67089,    11463
17924511,       13, 24730086,    57234,    67128,    11979
17924511,       14, 25880740,    57256,    67167,    12493
17926436,       10, 22082882,    58164,    67602,    10392
17926436,       11, 22577642,    58197,    67664,    10922
17926436,       12, 23131719,    58231,    67726,    11463
17926436,       14, 25884423,    58295,    67845,    12493
17927152,       10, 22081527,    59254,    67473,    10392
17927152,       11, 22583361,    59282,    67533,    10922
17927152,       12, 23132282,    59311,    67593,    11463
17927152,       13, 24741274,    59340,    67651,    11979
17927152,       14, 25891243,    59367,    67709,    12493
17928580,       10, 21456239,    58701,    65256,    10392
17928580,       11, 21958211,    58723,    65256,    10922
17928580,       13, 24044215,    58766,    65255,    11979
17929101,       10, 22079072,    59031,    66650,    10392
17929101,       11, 22580549,    59056,    66668,    10922
17929101,       12, 23127074,    59082,    66686,    11463
17929101,       13, 24744207,    59107,    66704,    11979
17929101,       14, 25892377,    59131,    66722,    12493
17930031,       10, 21466732,    60097,    65354,    10392
17930031,       11, 21970466,    60149,    65382,    10922
17930031,       12, 22492465,    60202,    65412,    11463
17930031,       13, 24052653,    60252,    65440,    11979
17930031,       14, 25248906,    60302,    65467,    12493
17930561,       10, 22076660,    58394,    66601,    10392
17930561,       11, 22577910,    58398,    66617,    10922
17930561,       12, 23126841,    58398,    66636,    11463
17930561,       14, 25885751,    58397,    66670,    12493
17931359,       10, 22075543,    58409,    67143,    10392
17931359,       11, 22576787,    58448,    67171,    10922
17931359,       12, 23127876,    58488,    67201,    11463
17931359,       13, 24726492,    58525,    67229,    11979
17931359,       14, 25883960,    58563,    67258,    12493
17931783,       10, 22088107,    60484,    67020,    10392
17931783,       11, 22585745,    60547,    67047,    10922
17931783,       12, 23136443,    60610,    67075,    11463
17931783,       13, 24739636,    60671,    67102,    11979
17931783,       14, 25899418,    60731,    67128,    12493
17931840,       10, 22093596,    59873,    66626,    10392
17931840,       11, 22594475,    59900,    66632,    10922
17931840,       12, 23140264,    59928,    66639,    11463
17931840,       13, 24736671,    59955,    66645,    11979
17931840,       14, 25896099,    59982,    66651,    12493
17932719,       10, 21459720,    59814,    65448,    10392
17932719,       11, 21956430,    59826,    65457,    10922
17932719,       12, 22498635,    59838,    65466,    11463
17932719,       13, 24052679,    59849,    65475,    11979
17932719,       14, 25242438,    59861,    65484,    12493
17933010,       10, 22086945,    60056,    66443,    10392
17933010,       11, 22588197,    60075,    66476,    10922
17933010,       12, 23139371,    60094,    66510,    11463
17933010,       13, 24736823,    60113,    66543,    11979
17933010,       14, 25896153,    60131,    66574,    12493
17933090,       10, 21464303,    60280,    66133,    10392
17933090,       11, 21975280,    60328,    66161,    10922
17933090,       12, 23138371,    60376,    66188,    11463
17933090,       13, 24057130,    60422,    66214,    11979
17933090,       14, 25247313,    60469,    66241,    12493
17933136,       10, 22084140,    60000,    66228,    10392
17933136,       11, 22587640,    60038,    66266,    10922
17933136,       12, 23139224,    60077,    66304,    11463
17933136,       13, 24050784,    60114,    66341,    11979
17933136,       14, 25896111,    60152,    66377,    12493
17935566,       10, 21468240,    60601,    65808,    10392
17935566,       11, 21973121,    60632,    65817,    10922
17935566,       12, 23138146,    60663,    65826,    11463
17935566,       13, 24055991,    60693,    65835,    11979
17935566,       14, 25246416,    60723,    65844,    12493
17935733,       10, 22093180,    61050,    66365,    10392
17935733,       11, 22593789,    61057,    66398,    10922
17935733,       12, 23140724,    61063,    66433,    11463
17935733,       13, 24066760,    61069,    66465,    11979
17935733,       14, 25902695,    61075,    66497,    12493
17937868,       10, 22088197,    60087,    66977,    10392
17937868,       11, 22585675,    60099,    67027,    10922
17937868,       12, 23137200,    60111,    67079,    11463
17937868,       13, 24737739,    60123,    67128,    11979
17937868,       14, 25893770,    60135,    67176,    12493
17938294,       10, 22096471,    61905,    66527,    10392
17938294,       11, 22597229,    61910,    66540,    10922
17938294,       12, 23149771,    61916,    66553,    11463
17938294,       13, 24747141,    61923,    66565,    11979
17938294,       14, 25911995,    61930,    66575,    12493
17938759,       10, 22084367,    60504,    67077,    10392
17938759,       11, 22585698,    60540,    67094,    10922
17938759,       12, 23137364,    60576,    67112,    11463
17938759,       13, 24739613,    60611,    67129,    11979
17938759,       14, 25899390,    60645,    67145,    12493
17939093,       10, 22089959,    61294,    67093,    10392
17939093,       11, 22592595,    61297,    67132,    10922
17939093,       12, 23143715,    61298,    67171,    11463
17939093,       13, 24747854,    61301,    67209,    11979
17939093,       14, 25894340,    61303,    67246,    12493
17940635,       10, 21470757,    61463,    66049,    10392
17940635,       11, 21966936,    61492,    66058,    10922
17940635,       12, 23144831,    61521,    66068,    11463
17940635,       13, 24063726,    61550,    66077,    11979
17940635,       14, 25249951,    61579,    66085,    12493
17941142,       10, 21464014,    60358,    65807,    10392
17941142,       11, 21966363,    60376,    65808,    10922
17941142,       12, 23138190,    60394,    65811,    11463
17941142,       14, 25246087,    60429,    65814,    12493
17941210,       10, 22086828,    60082,    66248,    10392
17941210,       11, 22587817,    60087,    66278,    10922
17941210,       12, 23139051,    60092,    66307,    11463
17941210,       13, 24050704,    60097,    66336,    11979
17941210,       14, 25896361,    60102,    66365,    12493
17941714,       10, 22099686,    62862,    66961,    10392
17941714,       11, 22599993,    62880,    66977,    10922
17941714,       12, 23153495,    62899,    66993,    11463
17941714,       13, 24759449,    62917,    67009,    11979
17941714,       14, 25907764,    62935,    67024,    12493
17942705,       10, 21481941,    62788,    65292,    10392
17942705,       11, 21981429,    62844,    65302,    10922
17942705,       12, 22508527,    62902,    65313,    11463
17942705,       13, 24073159,    62957,    65323,    11979
17942705,       14, 25252912,    63011,    65333,    12493
17943052,       10, 21487779,    63996,    65768,    10392
17943052,       11, 21991903,    64014,    65809,    10922
17943052,       12, 23164819,    64033,    65851,    11463
17943052,       13, 24076509,    64051,    65891,    11979
17943052,       14, 25265892,    64068,    65931,    12493
17945192,       10, 21479614,    62871,    65448,    10392
17945192,       11, 21981449,    62875,    65485,    10922
17945192,       12, 22509258,    62880,    65525,    11463
17945192,       13, 24073120,    62885,    65562,    11979
17945192,       14, 25254619,    62889,    65599,    12493
17945927,       10, 22097165,    63369,    66381,    10392
17945927,       11, 22597577,    63370,    66387,    10922
17945927,       12, 23150060,    63371,    66394,    11463
17945927,       13, 24070676,    63372,    66400,    11979
17945927,       14, 25906709,    63373,    66407,    12493
17946118,       10, 22097083,    63513,    66646,    10392
17946118,       11, 22598969,    63535,    66707,    10922
17946118,       12, 23146775,    63557,    66767,    11463
17946118,       13, 24765015,    63579,    66825,    11979
17946118,       14, 25918442,    63601,    66883,    12493
17947115,       10, 21479371,    63150,    65587,    10392
17947115,       11, 21981435,    63153,    65592,    10922
17947115,       12, 22509043,    63156,    65597,    11463
17947115,       13, 24073037,    63159,    65603,    11979
17947115,       14, 25254649,    63162,    65607,    12493
17947292,       10, 21479616,    62999,    65771,    10392
17947292,       11, 21982272,    63023,    65804,    10922
17947292,       12, 23154538,    63048,    65838,    11463
17947292,       13, 24074889,    63072,    65871,    11979
17947292,       14, 25250824,    63095,    65903,    12493
17948134,       10, 22096565,    61979,    66325,    10392
17948134,       11, 22597088,    61987,    66343,    10922
17948134,       12, 23149658,    61995,    66362,    11463
17948134,       13, 24067313,    62002,    66380,    11979
17948134,       14, 25905907,    62010,    66397,    12493
17949470,       10, 21487494,    64083,    65302,    10392
17949470,       11, 21993470,    64091,    65310,    10922
17949470,       12, 22512138,    64101,    65317,    11463
17949470,       13, 24079573,    64110,    65324,    11979
17949470,       14, 25268700,    64118,    65331,    12493
17949968,       10, 21485851,    65457,    65581,    10392
17949968,       11, 21987342,    65457,    65597,    10922
17949968,       12, 22512770,    65458,    65614,    11463
17949968,       13, 24087278,    65458,    65630,    11979
17949968,       14, 25262971,    65459,    65645,    12493
17950397,       10, 21489837,    64093,    65909,    10392
17950397,       11, 21992243,    64103,    65923,    10922
17950397,       12, 23158352,    64113,    65938,    11463
17950397,       13, 24076627,    64122,    65952,    11979
17950397,       14, 25266953,    64132,    65966,    12493
17950508,       10, 22112614,    64606,    66396,    10392
17950508,       11, 22613384,    64638,    66435,    10922
17950508,       12, 23161331,    64672,    66474,    11463
17950508,       13, 24071314,    64704,    66511,    11979
17950508,       14, 25914649,    64735,    66548,    12493
17951017,       10, 21498986,    65860,    65984,    10392
17951017,       11, 22000544,    65894,    66019,    10922
17951017,       12, 23175496,    65927,    66055,    11463
17951017,       14, 25275988,    65990,    66121,    12493
17952144,       10, 22109275,    64123,    66943,    10392
17952144,       11, 22610431,    64134,    67007,    10922
17952144,       12, 23163702,    64145,    67071,    11463
17952144,       13, 24761531,    64156,    67132,    11979
17952144,       14, 25919175,    64166,    67194,    12493
17952376,       10, 21499003,    66049,    66186,    10392
17952376,       11, 22614227,    66091,    66191,    10922
17952376,       12, 23171769,    66134,    66197,    11463
17954395,       10, 22109228,    64569,    66847,    10392
17954395,       11, 22609953,    64574,    66870,    10922
17954395,       12, 23162868,    64579,    66892,    11463
17954395,       13, 24759071,    64583,    66913,    11979
17954395,       14, 25915841,    64588,    66935,    12493
17954440,       10, 22106169,    65151,    66917,    10392
17954440,       11, 22607277,    65190,    66945,    10922
17954440,       12, 23156528,    65230,    66974,    11463
17954440,       13, 24770292,    65269,    67002,    11979
17954440,       14, 25915926,    65306,    67028,    12493
17954931,       10, 21484716,    64953,    65307,    10392
17954931,       11, 21986552,    64983,    65317,    10922
17954931,       12, 22512519,    65013,    65328,    11463
17954931,       13, 24083387,    65041,    65340,    11979
17954931,       14, 25261356,    65067,    65350,    12493
17955434,       10, 21485777,    65199,    65720,    10392
17955434,       11, 21984696,    65200,    65729,    10922
17955434,       12, 22512524,    65200,    65738,    11463
17955434,       13, 24085390,    65201,    65747,    11979
17955434,       14, 25262206,    65202,    65755,    12493
17956786,       10, 21499248,    67661,    65886,    10392
17956786,       11, 22001185,    67705,    65922,    10922
17956786,       12, 23184797,    67752,    65957,    11463
17956786,       13, 24097601,    67796,    65991,    11979
17956786,       14, 25279252,    67838,    66024,    12493
17957107,       10, 21507559,    67878,    65459,    10392
17957107,       11, 22009417,    67918,    65466,    10922
17957107,       12, 22538130,    67958,    65474,    11463
17957107,       13, 24092983,    67995,    65480,    11979
17957107,       14, 25281360,    68033,    65486,    12493
17959773,       10, 21508818,    67943,    65933,    10392
17959773,       11, 22010550,    67955,    65940,    10922
17959773,       12, 23185149,    67967,    65949,    11463
17959773,       13, 24094506,    67978,    65956,    11979
17959773,       14, 25279776,    67989,    65963,    12493
17960165,       10, 21497620,    66367,    65556,    10392
17960165,       11, 21999616,    66411,    65590,    10922
17960165,       12, 22528745,    66457,    65624,    11463
17960165,       13, 24083873,    66499,    65657,    11979
17960165,       14, 25273264,    66541,    65689,    12493
17963052,       10, 21496239,    66585,    65767,    10392
17963052,       11, 21995110,    66636,    65797,    10922
17963052,       12, 23167652,    66688,    65827,    11463
17963052,       13, 24085853,    66737,    65855,    11979
17963052,       14, 25269990,    66785,    65884,    12493
17963479,       10, 22114915,    67042,    66336,    10392
17963479,       11, 22616147,    67063,    66391,    10922
