Vector Track Size:     7265

12106254,        0, 12106254,    56526,    56641,     -268
12110450,        3, 13307256,    56628,    56642,     1256
12110466,        0, 12110450,    57503,    56919,     -268
12110536,        1, 13144070,    57514,    56943,      239
12110581,        2, 13581630,    57577,    56839,      745
12110690,        3, 13302544,    57577,    56863,     1256
12112982,        4, 13823152,    57577,    56885,     1751
12113952,        0, 12110536,    58029,    56833,     -268
12114049,        1, 13150530,    58033,    56856,      239
12114311,        0, 12110581,    57387,    57123,     -268
12114406,        2, 13581681,    57402,    57152,      745
12114448,        2, 13576526,    57952,    57131,      745
12114695,        3, 13304267,    57963,    57133,     1256
12114731,        4, 13824813,    57974,    57136,     1751
12114816,        1, 13143352,    57416,    56556,      239
12114909,        3, 13302196,    57415,    56595,     1256
12114918,        0, 12113952,    56795,    56659,     -268
12115087,        2, 13126242,    56787,    56674,      745
12115202,        3, 13307133,    56787,    56682,     1256
12115312,        4, 13828130,    56791,    56686,     1751
12117024,        0, 12114049,    57302,    56587,     -268
12117259,        1, 13143179,    57307,    56593,      239
12117465,        2, 13137689,    57313,    56600,      745
12119483,        3, 13302605,    57319,    56606,     1256
12120545,        4, 13823067,    57324,    56613,     1751
12120590,        0, 12114311,    58149,    56599,     -268
12120782,        2, 13133688,    58188,    56600,      745
12120803,        0, 12114406,    58397,    56531,     -268
12121052,        1, 13148632,    58415,    56561,      239
12121463,        2, 13133299,    58432,    56588,      745
12121515,        3, 13314256,    58453,    56616,     1256
12121518,        4, 13827569,    58477,    56636,     1751
12121625,        0, 12114448,    58341,    56512,     -268
12121642,        0, 12114695,    56973,    56856,     -268
12121644,        1, 13139507,    56986,    56862,      239
12121861,        3, 13303758,    56722,    57202,     1256
12121990,        0, 12114816,    57110,    57170,     -268
12123865,        0, 12114909,    56972,    57022,     -268
12123899,        0, 12114918,    57039,    56876,     -268
12123902,        0, 12115087,    58472,    56922,     -268
12123903,        1, 13146559,    58532,    56966,      239
12124050,        2, 13576448,    58591,    57010,      745
12124104,        3, 13309657,    58650,    57057,     1256
12124513,        4, 13830944,    58708,    57106,     1751
12126721,        0, 12115202,    58544,    56911,     -268
12126878,        1, 13146275,    58552,    56918,      239
12127014,        2, 13581104,    58560,    56923,      745
12127042,        1, 13146516,    58349,    56960,      239
12127053,        0, 12117024,    57232,    57205,     -268
12127193,        1, 13595560,    57266,    57234,      239
12127949,        2, 13578232,    57304,    57269,      745
12128307,        3, 13303039,    57338,    57308,     1256
12128561,        4, 13823728,    57369,    57351,     1751
12128852,        0, 12117259,    59477,    57108,     -268
12128864,        3, 13310878,    59477,    57137,     1256
12128947,        4, 13831984,    59480,    57146,     1751
12128990,        0, 12117465,    59053,    57126,     -268
12130498,        2, 13588872,    59121,    57246,      745
12130769,        0, 12119483,    59670,    56587,     -268
12130820,        1, 13160014,    59683,    56593,      239
12131015,        2, 13140515,    59695,    56599,      745
12133297,        3, 13313852,    59707,    56606,     1256
12133739,        4, 13834366,    59722,    56615,     1751
12134354,        0, 12120545,    58853,    56760,     -268
12134698,        1, 13146374,    58880,    56784,      239
12135002,        2, 13575134,    58908,    56804,      745
12135154,        3, 13309075,    58940,    56823,     1256
12135157,        0, 12120590,    58998,    56771,     -268
12135425,        1, 13150823,    59016,    56774,      239
12135537,        2, 13138297,    59039,    56777,      745
12136840,        3, 13308968,    59063,    56784,     1256
12137044,        0, 12120782,    60425,    56797,     -268
12137185,        1, 13153093,    60464,    56816,      239
12137335,        2, 13588070,    60501,    56831,      745
12139432,        3, 13316282,    60541,    56846,     1256
12139809,        4, 13830598,    60585,    56860,     1751
12139830,        1, 13156379,    60316,    56577,      239
12139894,        4, 13380012,    60312,    56584,     1751
12140887,        4, 13378255,    60217,    56533,     1751
12140929,        1, 13602827,    58847,    57188,      239
12141264,        0, 12121515,    58832,    57008,     -268
12141627,        1, 13146578,    58859,    57028,      239
12141711,        2, 13581276,    58886,    57049,      745
12141829,        3, 13309713,    58913,    57070,     1256
12143422,        4, 13831132,    58940,    57090,     1751
12143515,        1, 13602560,    58834,    57204,      239
12143524,        2, 13581067,    58855,    57211,      745
12143573,        3, 13309596,    58875,    57217,     1256
12143642,        4, 13831096,    58896,    57224,     1751
12145449,        2, 13581993,    59770,    56818,      745
12145485,        3, 13313769,    59772,    56825,     1256
12146418,        1, 13158293,    60571,    56849,      239
12146642,        2, 13588177,    60574,    56852,      745
12146873,        3, 13316458,    60579,    56855,     1256
12146971,        4, 13830726,    60586,    56860,     1751
12147609,        0, 12121644,    60420,    56936,     -268
12147812,        2, 13145089,    60262,    56763,      745
12147830,        4, 13830674,    60421,    56943,     1751
12147857,        1, 13158186,    60802,    56840,      239
12149561,        0, 12123899,    60996,    56926,     -268
12149597,        1, 13158354,    60996,    56927,      239
12149899,        2, 13588477,    60996,    56929,      745
12149968,        3, 13320561,    60995,    56929,     1256
12151893,        0, 12123902,    61293,    56748,     -268
12151905,        1, 13158148,    61302,    56749,      239
12151930,        2, 13147438,    61310,    56749,      745
12151943,        3, 13320469,    61317,    56750,     1256
12153194,        4, 13841548,    61325,    56751,     1751
12153230,        2, 13147263,    61443,    56782,      745
12153303,        3, 13320727,    61443,    56788,     1256
12153312,        0, 12124050,    61380,    56932,     -268
12153648,        1, 13153773,    61387,    56939,      239
12153958,        2, 13590856,    61393,    56945,      745
12155865,        3, 13320607,    61398,    56950,     1256
12155888,        4, 13841624,    61400,    56957,     1751
12156027,        0, 12124104,    61059,    56926,     -268
12156186,        1, 13158358,    61063,    56936,      239
12156269,        2, 13588082,    61066,    56947,      745
12156282,        3, 13320764,    61069,    56957,     1256
12156540,        4, 13837144,    61073,    56967,     1751
12158667,        0, 12124513,    62590,    57111,     -268
12158862,        1, 13165301,    62595,    57126,      239
12159879,        2, 13595112,    62600,    57141,      745
12160228,        3, 13323759,    62606,    57156,     1256
12160449,        4, 13838263,    62611,    57171,     1751
12160593,        3, 13320546,    61119,    56743,     1256
12161910,        4, 13841622,    61121,    56753,     1751
12162042,        2, 13147460,    61456,    56620,      745
12162323,        0, 12127014,    60801,    56571,     -268
12162337,        1, 13157839,    60829,    56596,      239
12165044,        2, 13145195,    60864,    56608,      745
12165115,        0, 12127042,    60783,    56518,     -268
12165116,        1, 13157797,    60796,    56535,      239
12166269,        2, 13145029,    60815,    56553,      745
12166282,        3, 12892014,    60835,    56569,     1256
12166351,        4, 13380338,    60851,    56581,     1751
12166916,        0, 12127053,    61163,    56603,     -268
12166930,        1, 13157868,    61225,    56652,      239
12166986,        2, 13147547,    61284,    56700,      745
12520807,        3, 13320811,    61346,    56750,     1256
12521096,        4, 13841610,    61404,    56797,     1751
12521409,        0, 12127193,    62360,    56737,     -268
12521462,        1, 13164807,    62377,    56737,      239
12521532,        2, 13152065,    62397,    56739,      745
12521543,        3, 13322910,    62416,    56742,     1256
12521653,        0, 12127949,    61481,    56750,     -268
12521711,        0, 12128307,    61488,    56551,     -268
12521741,        1, 13156827,    61486,    56562,      239
12522272,        2, 13590814,    61627,    57118,      745
12522518,        0, 12128852,    61975,    57121,     -268
12523060,        1, 13160320,    61979,    57128,      239
12523134,        2, 13594923,    61981,    57133,      745
12523414,        3, 13317541,    61986,    57136,     1256
12523461,        4, 13839381,    61992,    57138,     1751
12523851,        0, 12128864,    61710,    57163,     -268
12523956,        1, 13160209,    61722,    57186,      239
12524301,        2, 13590982,    61731,    57208,      745
12524349,        3, 13318593,    61740,    57228,     1256
12524888,        4, 13839371,    61747,    57247,     1751
12524973,        0, 12128947,    61909,    56809,     -268
12524997,        0, 12128990,    62017,    57126,     -268
12525140,        0, 12130498,    63019,    57215,     -268
12525313,        1, 13609981,    63026,    57236,      239
12525660,        2, 13591400,    63035,    57258,      745
12525687,        3, 13324838,    63045,    57280,     1256
12525951,        4, 13845657,    63057,    57301,     1751
12525983,        2, 13601658,    64202,    57252,      745
12526201,        0, 12130820,    63924,    57088,     -268
12526241,        1, 13172398,    63925,    57128,      239
12526680,        2, 13602008,    63925,    57167,      745
12527009,        3, 13324081,    63925,    57206,     1256
12527260,        3, 13334009,    64412,    56835,     1256
12527269,        3, 13322834,    62624,    56660,     1256
12527473,        4, 13837505,    62627,    56663,     1751
12527743,        0, 12133739,    64208,    56619,     -268
12527776,        1, 13171336,    64250,    56627,      239
12527796,        2, 13158789,    64292,    56632,      745
12527837,        3, 13331111,    64332,    56636,     1256
12528017,        4, 13387274,    64374,    56641,     1751
12528227,        0, 12134354,    63121,    56716,     -268
12529014,        3, 13327420,    63158,    56721,     1256
12529055,        0, 12134698,    63721,    56497,     -268
12529229,        1, 13170772,    63726,    56516,      239
12529319,        0, 12135002,    63776,    56812,     -268
12529910,        1, 13170352,    63812,    56843,      239
12530161,        0, 12135154,    63705,    57093,     -268
12530416,        1, 13170288,    63731,    57093,      239
12530583,        2, 13601937,    63757,    57099,      745
12530697,        0, 12135157,    63066,    57111,     -268
12530811,        1, 13160992,    63082,    57121,      239
12531879,        2, 13597397,    63100,    57137,      745
12532076,        0, 12135425,    63212,    56939,     -268
12532276,        1, 13160692,    63219,    56958,      239
12532664,        3, 13324904,    63233,    56988,     1256
12532740,        4, 13847972,    63242,    56999,     1751
12532832,        1, 13160631,    63485,    56784,      239
12533118,        0, 12136840,    65879,    56820,     -268
12533432,        1, 13178252,    65916,    56829,      239
12533483,        2, 13166066,    65953,    56840,      745
12533488,        3, 13330689,    65993,    56849,     1256
12533507,        0, 12137044,    65720,    57065,     -268
12533515,        1, 13178162,    65731,    57080,      239
12533544,        2, 13608485,    65741,    57092,      745
12534403,        3, 13329636,    65751,    57104,     1256
12534741,        4, 13849951,    65760,    57116,     1751
12534767,        2, 13160855,    66355,    56831,      745
12534785,        0, 12137335,    66431,    57054,     -268
12535137,        0, 12139432,    66536,    57026,     -268
12535439,        1, 13166934,    64620,    57207,      239
12535518,        0, 12139830,    64684,    57172,     -268
12535566,        3, 13331560,    64703,    57247,     1256
12535821,        0, 12139894,    64618,    56777,     -268
12536343,        1, 13171581,    64627,    56792,      239
12536405,        2, 13154453,    64636,    56814,      745
12536651,        3, 13333811,    64640,    56836,     1256
12536794,        4, 13844905,    64643,    56857,     1751
12536811,        2, 13165959,    65627,    56570,      745
12536814,        3, 12911869,    65634,    56590,     1256
12537265,        4, 13394328,    65640,    56609,     1751
12537829,        1, 13169729,    65631,    56529,      239
12537866,        0, 12141264,    65317,    56693,     -268
12538258,        1, 13169416,    65345,    56745,      239
12538483,        2, 13166039,    65373,    56797,      745
12538491,        3, 13329129,    65396,    56845,     1256
12538493,        4, 13849961,    65419,    56882,     1751
12538724,        0, 12141627,    65613,    56999,     -268
12538737,        1, 13169911,    65618,    57000,      239
12538783,        2, 13608210,    65622,    57001,      745
12538886,        3, 13329078,    65628,    57002,     1256
12539746,        4, 13850001,    65633,    57003,     1751
12539810,        0, 12141711,    65331,    57189,     -268
12539904,        3, 13329509,    65352,    57210,     1256
12539917,        0, 12141829,    65132,    57114,     -268
12540026,        1, 13167304,    65153,    57160,      239
12540159,        3, 13331773,    65193,    57252,     1256
12540323,        4, 13851390,    65212,    57296,     1751
12540352,        3, 13336354,    67649,    57092,     1256
12540500,        4, 13856347,    67653,    57100,     1751
12540570,        0, 12143515,    67431,    56902,     -268
12540920,        1, 13178643,    67440,    56908,      239
12540954,        2, 13614870,    67449,    56914,      745
12541254,        3, 13335962,    67458,    56920,     1256
12541268,        4, 13856396,    67469,    56927,     1751
12541367,        2, 13614724,    67577,    56944,      745
12541473,        0, 12143573,    67486,    56939,     -268
12541639,        1, 13178607,    67488,    56947,      239
12541718,        2, 13614862,    67490,    56953,      745
12541732,        3, 13335850,    67492,    56954,     1256
12542242,        4, 13856560,    67493,    56957,     1751
12542376,        0, 12143642,    67712,    57176,     -268
12542380,        1, 13184809,    67730,    57224,      239
12542517,        2, 13610388,    67748,    57272,      745
12542772,        3, 13337641,    67767,    57320,     1256
12543082,        4, 13857203,    67785,    57368,     1751
12543085,        0, 12145449,    67359,    56719,     -268
12543157,        1, 13177747,    67362,    56732,      239
12543163,        2, 13171975,    67365,    56747,      745
12543377,        3, 13335818,    67369,    56764,     1256
12543383,        4, 13856355,    67369,    56781,     1751
12543436,        1, 13177792,    67590,    56570,      239
12543657,        0, 12146418,    67144,    56719,     -268
12543744,        1, 13176139,    67153,    56728,      239
12543881,        2, 13171938,    67160,    56734,      745
12543910,        1, 13176327,    67075,    56662,      239
12543921,        3, 13335873,    67076,    56670,     1256
12544165,        0, 12146873,    68403,    56682,     -268
12544377,        1, 13182898,    68414,    56693,      239
12544686,        0, 12146971,    68437,    56625,     -268
12544793,        2, 13167781,    68450,    56649,      745
12544845,        0, 12147609,    68205,    57111,     -268
12545001,        1, 13181003,    68218,    57127,      239
12545003,        0, 12147812,    68450,    56867,     -268
12545066,        1, 13180690,    68462,    56889,      239
12545078,        4, 13860972,    68461,    56886,     1751
12545896,        0, 12147857,    68145,    57048,     -268
12546263,        1, 13180989,    68145,    57063,      239
12546612,        4, 13860624,    68143,    57110,     1751
12546741,        0, 12149561,    69277,    57019,     -268
12547034,        1, 13185431,    69301,    57047,      239
12547074,        2, 13621602,    69299,    57007,      745
12547283,        4, 13863462,    69298,    57012,     1751
12548272,        0, 12149899,    69820,    57179,     -268
12548332,        1, 13187524,    69859,    57190,      239
12548609,        2, 13616605,    69895,    57203,      745
12548648,        3, 13343638,    69935,    57223,     1256
12548901,        0, 12149968,    69620,    56820,     -268
12549224,        1, 13184347,    69644,    56839,      239
12549352,        0, 12151893,    69039,    56595,     -268
12549390,        1, 13184430,    69072,    56610,      239
12549401,        2, 13178327,    69105,    56625,      745
12549515,        3, 13340669,    69140,    56638,     1256
12549532,        4, 13408235,    69172,    56650,     1751
12549630,        0, 12151905,    69570,    56547,     -268
12549676,        1, 13184362,    69587,    56573,      239
12550854,        2, 13174524,    69615,    56601,      745
12550885,        3, 12923660,    69644,    56628,     1256
12551334,        4, 13412963,    69675,    56655,     1751
12551339,        0, 12151930,    69481,    56657,     -268
12551474,        1, 13184402,    69505,    56681,      239
12551725,        0, 12151943,    69599,    56737,     -268
12551793,        1, 13184455,    69607,    56777,      239
12551826,        2, 13174612,    69615,    56816,      745
12552026,        3, 13346692,    69618,    56857,     1256
12552072,        4, 13867868,    69620,    56895,     1751
12552107,        0, 12153194,    70255,    56754,     -268
12552633,        0, 12153230,    69860,    56816,     -268
12552754,        1, 13190186,    69864,    56849,      239
12553191,        2, 13615140,    69868,    56884,      745
12553198,        3, 13346616,    69872,    56919,     1256
12553199,        4, 13867777,    69878,    56952,     1751
12553444,        3, 13348955,    70319,    56705,     1256
12553498,        4, 13414552,    70321,    56711,     1751
12553578,        0, 12153312,    70428,    56548,     -268
12553618,        1, 13191580,    70472,    56561,      239
12553647,        0, 12153648,    68906,    57052,     -268
12553895,        1, 13185238,    68918,    57067,      239
12553896,        2, 13614487,    68931,    57084,      745
12554094,        3, 13342680,    68942,    57098,     1256
12554260,        4, 13863379,    68952,    57110,     1751
12554606,        0, 12153958,    70455,    56958,     -268
12554689,        1, 13191866,    70461,    56961,      239
12554698,        2, 13621007,    70467,    56965,      745
12554899,        3, 13348966,    70474,    56967,     1256
12555329,        4, 13863904,    70481,    56968,     1751
12555365,        0, 12155865,    71208,    57022,     -268
12555505,        0, 12155888,    71037,    56846,     -268
12555529,        0, 12156027,    70646,    57065,     -268
12555743,        1, 13191852,    70649,    57065,      239
12555865,        0, 12156186,    70715,    57053,     -268
12556074,        1, 13192074,    70725,    57058,      239
12556274,        2, 13621252,    70733,    57064,      745
12556282,        3, 13348985,    70742,    57068,     1256
12556365,        4, 13870119,    70751,    57072,     1751
12556418,        3, 13353048,    71205,    56933,     1256
12556540,        0, 12156282,    70994,    56922,     -268
12556642,        2, 13620850,    71004,    56975,      745
12557046,        0, 12156540,    72293,    57004,     -268
12557087,        1, 13198795,    72295,    57006,      239
12557263,        2, 13627531,    72300,    57008,      745
12557308,        3, 13355203,    72308,    57011,     1256
12557374,        4, 13870504,    72316,    57014,     1751
12557581,        2, 13181221,    71243,    56728,      745
12557583,        0, 12158862,    71126,    56728,     -268
12557672,        1, 13191584,    71169,    56742,      239
12557755,        2, 13181106,    71210,    56757,      745
12557836,        3, 13353140,    71250,    56769,     1256
12558068,        4, 13874227,    71286,    56783,     1751
12558082,        0, 12159879,    71859,    56618,     -268
12558184,        1, 13197023,    71865,    56627,      239
12558264,        2, 13185661,    71868,    56632,      745
12558729,        3, 12930305,    71871,    56638,     1256
12558874,        4, 13419569,    71872,    56645,     1751
12559130,        0, 12160228,    71485,    56824,     -268
12559137,        1, 13190592,    71493,    56825,      239
12559176,        2, 13181035,    71498,    56826,      745
12559181,        4, 13874162,    71506,    56827,     1751
12559241,        0, 12160449,    72155,    57067,     -268
12559279,        2, 13627982,    72185,    57124,      745
12559405,        0, 12160593,    72206,    57170,     -268
12559737,        3, 13356221,    72235,    57227,     1256
12559824,        0, 12161910,    70669,    56657,     -268
12559955,        1, 13191533,    70709,    56679,      239
12559980,        2, 13178861,    70749,    56697,      745
12559991,        3, 13349051,    70789,    56719,     1256
12560076,        4, 13870046,    70835,    56741,     1751
12560461,        1, 13187976,    71388,    57216,      239
12560749,        0, 12162323,    72649,    56854,     -268
12561033,        1, 13198421,    72662,    56855,      239
12561083,        2, 13187398,    72672,    56861,      745
12561136,        3, 13355435,    72678,    56868,     1256
12561307,        4, 13878040,    72682,    56877,     1751
12561544,        3, 13359455,    72867,    56896,     1256
12562019,        1, 13198412,    72848,    56635,      239
12562133,        0, 12165115,    72641,    56672,     -268
12562155,        0, 12165116,    72849,    56561,     -268
12562432,        1, 13198380,    72876,    56563,      239
12562546,        0, 12166269,    73114,    56675,     -268
12562788,        1, 13197288,    73115,    56677,      239
12562825,        2, 13187574,    73115,    56678,      745
12562835,        3, 13359587,    73115,    56680,     1256
12562977,        4, 13426178,    73116,    56683,     1751
12563068,        0, 12166282,    73123,    56630,     -268
12563261,        1, 13197360,    73149,    56663,      239
12563282,        2, 13187630,    73174,    56695,      745
12563476,        3, 13359476,    73199,    56728,     1256
12563724,        4, 13880787,    73222,    56759,     1751
12563781,        0, 12166351,    73426,    56757,     -268
12563794,        1, 13197206,    73440,    56760,      239
12564061,        2, 13187653,    73452,    56761,      745
12564232,        3, 13359488,    73464,    56762,     1256
12564262,        4, 13880608,    73476,    56764,     1751
12564346,        1, 13194598,    73115,    57110,      239
12564521,        0, 12166930,    73378,    57147,     -268
12564654,        1, 13194378,    73386,    57169,      239
12564747,        0, 12166986,    73345,    56857,     -268
12565035,        1, 13197367,    73400,    56903,      239
12565355,        2, 13630154,    73455,    56946,      745
12565403,        3, 13303529,    57632,    58306,     1256
12565415,        4, 13823862,    57632,    58311,     1751
12565673,        4, 14270538,    57891,    58776,     1751
12566011,        2, 13577601,    57835,    58552,      745
12566239,        3, 13721560,    57844,    58578,     1256
12566351,        4, 14268139,    57853,    58608,     1751
12566401,        0, 12521462,    57856,    58568,     -268
12566586,        2, 13577917,    57884,    58610,      745
12566602,        3, 13723861,    57960,    58877,     1256
12566806,        4, 14266045,    57785,    58646,     1751
12567175,        0, 12521653,    57896,    58743,     -268
12567253,        0, 12521711,    57337,    58707,     -268
12567269,        1, 13594801,    57364,    58710,      239
12567327,        2, 13578999,    57388,    58712,      745
12567333,        0, 12521741,    57265,    58849,     -268
12567468,        1, 13593726,    57297,    58876,      239
12567580,        2, 14011671,    57330,    58903,      745
12567927,        3, 13719863,    57362,    58930,     1256
12567988,        4, 14266219,    57393,    58957,     1751
12567994,        0, 12522272,    57878,    57631,     -268
12568257,        1, 13599185,    57905,    57640,      239
12568359,        0, 12522518,    57421,    57932,     -268
12568531,        1, 13594470,    57442,    57954,      239
12568627,        0, 12523060,    57522,    59025,     -268
12568812,        2, 14013624,    57527,    59071,      745
12569030,        0, 12523134,    57376,    59147,     -268
12569093,        1, 14035793,    57375,    59176,      239
12569256,        2, 14013502,    57375,    59206,      745
12569473,        4, 14267223,    57375,    59267,     1751
12569630,        0, 12523414,    57295,    57888,     -268
12569818,        1, 13592848,    57300,    57912,      239
12570187,        2, 13579511,    57308,    57936,      745
12570258,        3, 13301782,    57315,    57964,     1256
12570502,        4, 13822401,    57324,    57990,     1751
12570917,        1, 13591543,    56723,    57828,      239
12571071,        3, 13306475,    56775,    57829,     1256
12571090,        4, 13827196,    56800,    57829,     1751
12571644,        4, 13826684,    58468,    57985,     1751
12572428,        0, 12523956,    58453,    57859,     -268
12573797,        1, 13598524,    58464,    57899,      239
12574385,        2, 13575641,    58476,    57939,      745
12574785,        3, 13313342,    58488,    57979,     1256
12574995,        4, 13826938,    58500,    58018,     1751
12575214,        0, 12524301,    56791,    59178,     -268
12575760,        1, 14033738,    56796,    59193,      239
12576053,        2, 14002561,    56802,    59208,      745
12576563,        3, 13725151,    56805,    59226,     1256
12921679,        4, 14271871,    56809,    59242,     1751
12921925,        0, 12524349,    56895,    58998,     -268
12925692,        1, 13592159,    56916,    59031,      239
12926092,        2, 14004999,    56934,    59060,      745
12926202,        3, 13720446,    56948,    59089,     1256
12926294,        4, 14265876,    56961,    59114,     1751
12926361,        0, 12524888,    56994,    58186,     -268
12926779,        1, 13589868,    57001,    58199,      239
12927069,        2, 13571302,    57007,    58211,      745
12927097,        3, 13301813,    57007,    58223,     1256
12927214,        1, 13594839,    57253,    58396,      239
12927244,        2, 13580875,    57314,    58415,      745
12927503,        3, 13303499,    57374,    58434,     1256
12927592,        4, 13824078,    57432,    58451,     1751
12927640,        0, 12524997,    56930,    58308,     -268
12927704,        3, 13303476,    56979,    58338,     1256
12927752,        0, 12525140,    58244,    58358,     -268
12927763,        1, 13596572,    58258,    58362,      239
12927971,        2, 13576212,    58270,    58366,      745
12928003,        3, 13311298,    58283,    58370,     1256
12928023,        4, 13825536,    58296,    58374,     1751
12928083,        0, 12525313,    58553,    58322,     -268
12928095,        2, 13580439,    58572,    58396,      745
12928214,        3, 13311247,    58582,    58433,     1256
12928250,        4, 13825524,    58592,    58468,     1751
12928330,        0, 12525660,    58166,    58910,     -268
12928490,        1, 13598952,    58217,    58970,      239
12928555,        2, 14009656,    58269,    59029,      745
12928598,        3, 13731965,    58324,    59088,     1256
12928726,        1, 13597019,    58531,    58531,      239
12928854,        2, 13577621,    58532,    58535,      745
12928880,        3, 13311382,    58534,    58540,     1256
12929091,        0, 12525951,    57135,    58791,     -268
12929286,        1, 13594753,    57140,    58817,      239
12929460,        2, 14011675,    57141,    58843,      745
12929891,        3, 13719823,    57141,    58870,     1256
12930168,        0, 12525983,    56783,    58850,     -268
12930225,        1, 13591952,    56787,    58870,      239
12930308,        2, 14004083,    56791,    58890,      745
12930502,        3, 13723317,    56797,    58911,     1256
12930621,        4, 14270094,    56804,    58930,     1751
12930772,        4, 13826425,    58536,    57655,     1751
12930818,        0, 12526241,    58299,    57429,     -268
12930827,        3, 13310360,    58319,    57430,     1256
12931102,        4, 13824739,    58326,    57434,     1751
12931137,        0, 12526680,    57159,    57644,     -268
12931306,        0, 12527009,    60189,    57221,     -268
12931350,        1, 13605299,    60192,    57229,      239
12931354,        0, 12527260,    59214,    58087,     -268
12931429,        0, 12527269,    59427,    58367,     -268
12931486,        2, 13582945,    59458,    58365,      745
12931913,        3, 13311572,    59523,    58327,     1256
12931950,        4, 13832814,    59550,    58330,     1751
12931971,        0, 12527743,    59414,    58737,     -268
12932114,        1, 13601560,    59416,    58741,      239
12932344,        2, 13585783,    59420,    58744,      745
12932512,        3, 13726131,    59423,    58750,     1256
12932600,        4, 14277422,    59428,    58756,     1751
12932766,        0, 12527776,    59226,    58849,     -268
12933306,        1, 13600519,    59231,    58887,      239
12933584,        0, 12527796,    59000,    58467,     -268
12933672,        1, 13601698,    59015,    58482,      239
12933674,        4, 14273128,    59230,    58908,     1751
12934288,        0, 12528017,    59509,    58825,     -268
12934615,        1, 13601886,    59521,    58869,      239
12934620,        0, 12528227,    59148,    57399,     -268
12934680,        1, 13602742,    59162,    57416,      239
12934765,        2, 13584857,    59177,    57437,      745
12935106,        3, 13307820,    59190,    57458,     1256
12935615,        4, 13828586,    59201,    57485,     1751
12935707,        0, 12529014,    59659,    57896,     -268
12935721,        0, 12529055,    59125,    57896,     -268
12935731,        1, 13599689,    59149,    57903,      239
12936052,        2, 13586423,    59174,    57909,      745
12936385,        3, 13308512,    59197,    57915,     1256
12936606,        4, 13829424,    59216,    57921,     1751
12936651,        2, 14020165,    59336,    59129,      745
12936728,        1, 14042515,    59385,    59168,      239
12937347,        2, 14020301,    59392,    59169,      745
12937379,        0, 12529910,    60496,    57974,     -268
12937603,        1, 13606924,    60496,    57981,      239
12938556,        3, 13315601,    60494,    57989,     1256
12938582,        0, 12530161,    60388,    57884,     -268
12938613,        1, 13605863,    60424,    57894,      239
12938822,        2, 13586887,    60457,    57905,      745
12939376,        3, 13315660,    60488,    57914,     1256
12939396,        4, 13829797,    60517,    57922,     1751
12939478,        0, 12530416,    58703,    59174,     -268
12939660,        1, 14041943,    58708,    59174,      239
12939730,        2, 14013981,    58713,    59175,      745
12939751,        3, 13727065,    58719,    59176,     1256
12939817,        4, 14274420,    58724,    59177,     1751
12940051,        2, 14016472,    60017,    59075,      745
12940164,        0, 12530697,    60073,    59049,     -268
12940358,        2, 14016697,    60082,    59082,      745
12940635,        0, 12530811,    60308,    59144,     -268
12940755,        1, 13606441,    60316,    59164,      239
12941316,        2, 14016125,    60322,    59185,      745
12941571,        3, 13734463,    60320,    59209,     1256
12941681,        0, 12531879,    60387,    58713,     -268
12941682,        1, 13604062,    60419,    58720,      239
12941812,        2, 13585959,    60443,    58727,      745
12942061,        3, 13732852,    60467,    58737,     1256
12942111,        4, 14273452,    60486,    58742,     1751
12942127,        1, 13604342,    60033,    58640,      239
12942217,        0, 12532276,    58910,    58713,     -268
12942254,        0, 12532664,    60030,    57551,     -268
12942394,        2, 13584205,    60052,    57575,      745
12942496,        1, 13605193,    59981,    57513,      239
12942566,        2, 13583994,    59982,    57523,      745
12942986,        3, 13312247,    59984,    57534,     1256
12943529,        4, 13833404,    59987,    57544,     1751
12943563,        0, 12532832,    60567,    57322,     -268
12943720,        2, 13585348,    60586,    57345,      745
12943756,        3, 13317157,    60596,    57356,     1256
12943890,        4, 13831384,    60607,    57367,     1751
12943957,        0, 12533118,    58715,    57668,     -268
12944002,        1, 13598537,    58715,    57676,      239
12944006,        3, 13307907,    58714,    57693,     1256
12944079,        0, 12533432,    60999,    58431,     -268
12944293,        1, 13608210,    61009,    58456,      239
12944337,        2, 13586242,    61021,    58479,      745
12944713,        3, 13319133,    61033,    58503,     1256
12944954,        4, 13838535,    61044,    58526,     1751
12945076,        2, 13587232,    60897,    58193,      745
12945265,        0, 12533488,    61412,    58223,     -268
12945867,        1, 13603906,    61414,    58226,      239
12946859,        2, 13590080,    61416,    58229,      745
12946879,        3, 13319858,    61417,    58232,     1256
12946903,        4, 13840902,    61419,    58234,     1751
12946929,        0, 12533507,    60770,    58364,     -268
12947062,        1, 13608449,    60785,    58393,      239
12947741,        2, 13587341,    60803,    58419,      745
12947778,        3, 13317973,    60820,    58443,     1256
12947937,        4, 13838587,    60837,    58466,     1751
12948122,        1, 13608344,    61199,    58247,      239
12948133,        4, 13840901,    61226,    58246,     1751
12948310,        0, 12533544,    61231,    58381,     -268
12948349,        1, 13608089,    61233,    58397,      239
12948350,        2, 13590056,    61235,    58412,      745
12948366,        3, 13319093,    61241,    58423,     1256
12948674,        4, 13839874,    61253,    58430,     1751
12948811,        0, 12534403,    60736,    58581,     -268
12949248,        1, 13608901,    60751,    58596,      239
12949250,        2, 13585961,    60766,    58610,      745
12949527,        3, 13733127,    60782,    58624,     1256
12949576,        4, 14281763,    60797,    58638,     1751
12949619,        0, 12534741,    62360,    58540,     -268
12949687,        1, 13615753,    62370,    58553,      239
12950147,        2, 13593283,    62387,    58566,      745
12950907,        3, 13324325,    62401,    58577,     1256
12950988,        4, 13838721,    62412,    58586,     1751
12951177,        0, 12534767,    62400,    58474,     -268
12951208,        1, 13616063,    62413,    58496,      239
12951297,        2, 13594436,    62427,    58520,      745
12952322,        3, 13324227,    62438,    58543,     1256
12952385,        4, 13838868,    62446,    58565,     1751
12952566,        0, 12534785,    62589,    58477,     -268
12952840,        1, 13616046,    62607,    58515,      239
12952981,        2, 13593424,    62623,    58552,      745
12952986,        3, 13324269,    62637,    58589,     1256
12953550,        4, 13845523,    62649,    58625,     1751
12953567,        4, 13840332,    61083,    57469,     1751
12953818,        0, 12535439,    62505,    57483,     -268
12954016,        2, 13592721,    62515,    57482,      745
12954102,        4, 13835715,    62533,    57485,     1751
12954557,        0, 12535518,    62331,    57248,     -268
12954611,        1, 13616696,    62358,    57273,      239
12954797,        2, 13592821,    62384,    57299,      745
12954844,        3, 13323756,    62410,    57325,     1256
12954848,        4, 13838333,    62435,    57351,     1751
12955095,        0, 12535566,    62376,    57259,     -268
12955121,        1, 13616630,    62380,    57287,      239
12955145,        2, 13592854,    62384,    57315,      745
12955185,        3, 13323667,    62386,    57344,     1256
12955217,        4, 13838250,    62389,    57374,     1751
12955598,        0, 12535821,    61282,    57702,     -268
12955625,        1, 13606154,    61296,    57709,      239
12955698,        2, 13589159,    61307,    57712,      745
12955820,        4, 13840495,    61325,    57711,     1751
12956019,        0, 12536343,    61233,    59087,     -268
12956285,        1, 13607895,    61260,    59113,      239
12956324,        2, 14023546,    61289,    59133,      745
12957153,        3, 13738284,    61318,    59152,     1256
12957280,        4, 14285020,    61349,    59173,     1751
12957301,        0, 12536405,    61301,    59183,     -268
12957348,        3, 13738065,    61322,    59213,     1256
12957353,        0, 12536651,    62411,    59148,     -268
12957589,        3, 13741092,    62443,    59170,     1256
12957596,        0, 12536794,    62249,    57711,     -268
12957604,        1, 13614209,    62260,    57744,      239
12957809,        2, 13593870,    62268,    57775,      745
12957920,        1, 13612922,    61929,    57828,      239
12957922,        2, 13588998,    61930,    57829,      745
12958288,        0, 12536814,    62075,    57708,     -268
12958742,        3, 13315100,    62101,    57762,     1256
12958769,        0, 12537265,    62122,    59010,     -268
12958845,        1, 13614887,    62124,    59054,      239
12958920,        4, 14281619,    62125,    59184,     1751
12958967,        1, 13610125,    61661,    58444,      239
12959147,        4, 13839873,    61683,    58440,     1751
12959175,        0, 12537866,    61453,    58384,     -268
12959460,        2, 13590136,    61455,    58449,      745
12959635,        0, 12538258,    61798,    58841,     -268
12959827,        1, 13611018,    61798,    58842,      239
12959842,        3, 13737223,    61797,    58842,     1256
12960118,        0, 12538483,    61734,    58631,     -268
12960258,        1, 13611072,    61747,    58668,      239
12960287,        2, 13592242,    61759,    58705,      745
12960352,        3, 13737356,    61771,    58742,     1256
12960467,        4, 14284237,    61783,    58777,     1751
12960541,        0, 12538491,    62167,    58687,     -268
12960639,        1, 13615979,    62191,    58692,      239
12960833,        2, 13593191,    62222,    58696,      745
12960918,        3, 13739992,    62252,    58699,     1256
12961134,        4, 14280267,    62277,    58705,     1751
12961331,        0, 12538493,    62037,    58808,     -268
12961431,        1, 13610928,    62054,    58822,      239
12961728,        0, 12538724,    62024,    57459,     -268
12961862,        1, 13611885,    62027,    57478,      239
12962087,        2, 13592816,    62031,    57495,      745
12962217,        3, 13315213,    62036,    57510,     1256
12962325,        4, 13835803,    62047,    57516,     1751
12962350,        2, 13592674,    61955,    57304,      745
12963030,        3, 13317665,    61959,    57325,     1256
12963223,        4, 13839331,    61963,    57344,     1751
12963259,        0, 12538783,    61534,    57463,     -268
12963540,        1, 13605683,    61544,    57480,      239
12963814,        0, 12538886,    61594,    57296,     -268
12963832,        2, 13591770,    61614,    57341,      745
12963989,        0, 12539746,    62698,    58174,     -268
12964495,        1, 13615273,    62711,    58190,      239
12964565,        0, 12539810,    62760,    58399,     -268
12964578,        1, 13615151,    62806,    58401,      239
12964647,        2, 13590496,    62850,    58403,      745
12964680,        3, 13325440,    62896,    58405,     1256
12964932,        4, 13846511,    62942,    58407,     1751
12964939,        2, 13600621,    64467,    58119,      745
12964947,        3, 13333140,    64473,    58123,     1256
12964966,        4, 13844693,    64482,    58125,     1751
12964969,        0, 12539917,    64564,    58049,     -268
12965206,        4, 13844758,    64638,    58048,     1751
12965422,        0, 12540026,    64178,    58174,     -268
12965483,        0, 12540159,    64059,    58395,     -268
12965499,        1, 13621921,    64076,    58399,      239
12965588,        2, 13601045,    64091,    58404,      745
12965763,        3, 13324610,    64104,    58412,     1256
12965893,        4, 13844178,    64119,    58413,     1751
12965925,        2, 14026172,    62725,    58856,      745
12965929,        3, 13739935,    62729,    58857,     1256
12966081,        4, 14289021,    62733,    58858,     1751
12966438,        0, 12540352,    62916,    58855,     -268
12966641,        1, 13615711,    62930,    58872,      239
12966689,        2, 13593090,    62638,    58574,      745
12966976,        0, 12540570,    62905,    58773,     -268
12967363,        1, 13616097,    62920,    58776,      239
12967591,        0, 12540920,    64077,    58516,     -268
12967638,        1, 13622139,    64128,    58528,      239
12967678,        2, 13600082,    64180,    58539,      745
12967695,        3, 13331275,    64232,    58551,     1256
12967702,        4, 13844148,    64282,    58562,     1751
12968146,        0, 12540954,    64370,    58830,     -268
12968227,        1, 13622613,    64397,    58834,      239
12968279,        0, 12541254,    62927,    57295,     -268
12968286,        2, 13591993,    62948,    57293,      745
12968330,        0, 12541268,    63076,    57621,     -268
12968577,        1, 13612402,    63078,    57623,      239
12968846,        2, 13589706,    63080,    57625,      745
12968886,        3, 13326120,    63082,    57628,     1256
12969051,        4, 13846970,    63083,    57631,     1751
12969407,        0, 12541367,    62614,    57283,     -268
12969564,        1, 13616565,    62620,    57284,      239
12970142,        2, 13592787,    62626,    57285,      745
12970195,        3, 13323599,    62632,    57286,     1256
12970215,        4, 13838130,    62638,    57288,     1751
12970448,        0, 12541473,    64032,    57635,     -268
12970605,        2, 13599451,    64125,    57644,      745
12970637,        3, 13321538,    64171,    57651,     1256
12970897,        4, 13841841,    64216,    57658,     1751
12970915,        2, 13599610,    64242,    57409,      745
12970933,        3, 13330743,    64247,    57413,     1256
12971157,        4, 13843788,    64252,    57416,     1751
12971165,        0, 12541718,    64265,    57385,     -268
12971191,        0, 12541732,    64265,    57441,     -268
12971288,        1, 13623019,    64270,    57458,      239
12971620,        2, 13599473,    64276,    57475,      745
12971842,        3, 13330791,    64280,    57492,     1256
12971919,        4, 13842098,    64286,    57509,     1751
12971921,        0, 12542242,    64338,    57867,     -268
12972109,        1, 13620842,    64342,    57873,      239
12972215,        2, 13600630,    64346,    57878,      745
12972315,        3, 13333254,    64350,    57884,     1256
12972549,        4, 13841947,    64354,    57890,     1751
12972557,        0, 12542376,    64024,    57989,     -268
12972636,        4, 13842697,    64018,    58057,     1751
12972702,        2, 13596397,    64553,    58008,      745
12972954,        1, 13614799,    62705,    59190,      239
12973319,        0, 12542772,    64464,    59036,     -268
12973488,        1, 13621634,    64493,    59045,      239
12973568,        2, 14030824,    64521,    59055,      745
12973804,        3, 13750871,    64550,    59064,     1256
12973934,        4, 14288439,    64577,    59074,     1751
12973966,        2, 13600774,    63925,    57837,      745
12974398,        0, 12543085,    63489,    58027,     -268
12974798,        1, 13610751,    63518,    58044,      239
12975189,        2, 13601152,    63549,    58059,      745
12975474,        3, 13322548,    63581,    58075,     1256
12975860,        4, 13842562,    63614,    58092,     1751
12975935,        0, 12543157,    63746,    57775,     -268
12976053,        0, 12543163,    63799,    57921,     -268
12976175,        1, 13620555,    63808,    57923,      239
12976197,        2, 13600690,    63817,    57925,      745
12976255,        3, 13322453,    63827,    57927,     1256
12976294,        4, 13841853,    63834,    57929,     1751
12976431,        0, 12543377,    63110,    57745,     -268
12976436,        1, 13613271,    63152,    57799,      239
12976461,        2, 13596004,    63193,    57854,      745
12976615,        3, 13326725,    63233,    57911,     1256
12976680,        4, 13847526,    63272,    57966,     1751
12976802,        1, 13613233,    63307,    57739,      239
12977704,        2, 13595945,    63309,    57740,      745
12977740,        3, 13326123,    63312,    57742,     1256
12978254,        0, 12543436,    63762,    57803,     -268
12978272,        1, 13620556,    63770,    57864,      239
12978287,        0, 12543657,    63849,    58912,     -268
12978398,        1, 13621571,    63896,    58920,      239
12978825,        0, 12543744,    63669,    58924,     -268
12979616,        2, 14033137,    63676,    58943,      745
12979661,        0, 12543881,    63300,    59163,     -268
12980382,        1, 13613850,    63301,    59174,      239
12980476,        2, 14034760,    63690,    59193,      745
12980920,        0, 12543921,    63475,    59182,     -268
13332906,        1, 13613702,    63477,    59183,      239
13338505,        3, 13745213,    63495,    59184,     1256
13338589,        4, 14291526,    63508,    59195,     1751
13338592,        0, 12544165,    63630,    58416,     -268
13338689,        1, 13620211,    63670,    58431,      239
13339262,        2, 13601107,    63711,    58444,      745
13339274,        3, 13324584,    63758,    58466,     1256
13339496,        4, 13844230,    63807,    58487,     1751
13339565,        0, 12544377,    63831,    58487,     -268
13339592,        1, 13620159,    63831,    58502,      239
13339595,        2, 13600322,    63832,    58517,      745
13340054,        4, 13844136,    63831,    58546,     1751
13340064,        0, 12544686,    63154,    58700,     -268
13340931,        1, 13611516,    63162,    58706,      239
13341329,        2, 13599022,    63169,    58714,      745
13341366,        3, 13742479,    63176,    58721,     1256
13341414,        4, 14289524,    63184,    58728,     1751
13341450,        0, 12544793,    63131,    58692,     -268
13341764,        1, 13611540,    63150,    58715,      239
13341769,        2, 13599099,    63173,    58736,      745
13341976,        0, 12544845,    63398,    58533,     -268
13342026,        1, 13611265,    63409,    58541,      239
13342181,        2, 13598937,    63422,    58550,      745
13342397,        3, 13325507,    63434,    58560,     1256
13342565,        4, 13846401,    63446,    58569,     1751
13342818,        1, 13620333,    63723,    58899,      239
13343014,        2, 14033168,    63726,    58929,      745
13343122,        3, 13740253,    63734,    58962,     1256
13343623,        4, 14286201,    63748,    58988,     1751
13343981,        3, 13740303,    63588,    58738,     1256
13344246,        0, 12545066,    63512,    58610,     -268
13345006,        1, 13611376,    63525,    58640,      239
13345465,        2, 13599074,    63536,    58666,      745
13345562,        0, 12545078,    63514,    58873,     -268
13345596,        1, 13611293,    63541,    58915,      239
13345815,        2, 14030345,    63567,    58964,      745
13346071,        3, 13740319,    63594,    59017,     1256
13346271,        4, 14291579,    63622,    59069,     1751
13346289,        0, 12545896,    66091,    58310,     -268
13346297,        1, 13627862,    66107,    58317,      239
13346486,        2, 13603016,    66118,    58320,      745
13346597,        3, 13330306,    66126,    58322,     1256
13347052,        4, 13849347,    66136,    58328,     1751
13347059,        0, 12546263,    66256,    58235,     -268
13347811,        1, 13627763,    66269,    58250,      239
13348010,        2, 13603038,    66283,    58267,      745
13348391,        3, 13339616,    66298,    58284,     1256
13348423,        4, 13853596,    66312,    58297,     1751
13348508,        3, 13746291,    65666,    58831,     1256
13349001,        0, 12546741,    66236,    58887,     -268
13349089,        1, 13629135,    66239,    58890,      239
13349110,        3, 13330428,    66133,    57610,     1256
13349236,        4, 13853277,    66136,    57612,     1751
13349381,        0, 12547074,    65803,    57456,     -268
13349525,        1, 13629865,    65828,    57506,      239
13350247,        2, 13606322,    65857,    57552,      745
13350304,        3, 13328012,    65882,    57595,     1256
13350349,        4, 13848785,    65898,    57633,     1751
13350470,        3, 13330371,    66064,    57434,     1256
13350478,        0, 12548272,    66508,    57879,     -268
13351034,        1, 13625681,    66515,    57882,      239
13351369,        2, 13602553,    66525,    57885,      745
13351430,        3, 13339645,    66538,    57891,     1256
13351694,        4, 13853150,    66552,    57897,     1751
13351906,        0, 12548332,    66558,    57796,     -268
13352002,        1, 13625503,    66560,    57810,      239
13352058,        3, 13756905,    66539,    58769,     1256
13352068,        4, 14295555,    66539,    58779,     1751
13352099,        0, 12548648,    66601,    58615,     -268
13352162,        1, 13624611,    66606,    58635,      239
13352165,        2, 13604683,    66610,    58656,      745
13352279,        0, 12548901,    64665,    58094,     -268
13352318,        1, 13623231,    64617,    57395,      239
13352339,        3, 13331385,    64615,    57427,     1256
13352417,        4, 13844359,    64617,    57441,     1751
13352859,        0, 12549352,    64631,    58010,     -268
13352861,        4, 13853965,    64721,    58011,     1751
13352885,        0, 12549390,    64754,    59044,     -268
13353045,        1, 13619405,    64749,    59045,      239
13353188,        0, 12549401,    64617,    59218,     -268
13353282,        1, 13621422,    64618,    59240,      239
13353728,        2, 14030885,    64619,    59262,      745
13353773,        3, 13752081,    64619,    59284,     1256
13353956,        4, 14298895,    64620,    59305,     1751
13354071,        0, 12549515,    64909,    57728,     -268
13354125,        0, 12549532,    65206,    57668,     -268
13354455,        1, 13618434,    65263,    57691,      239
13354479,        0, 12549630,    65456,    57746,     -268
13354524,        2, 13607283,    65470,    57742,      745
13354531,        3, 13327946,    65480,    57747,     1256
13354703,        4, 13848791,    65488,    57754,     1751
13354723,        0, 12549676,    65655,    58021,     -268
13355272,        3, 13328642,    65695,    58090,     1256
13355341,        0, 12550854,    65227,    58390,     -268
13355384,        1, 13617108,    65240,    58407,      239
13355445,        0, 12550885,    65131,    58529,     -268
13355838,        0, 12551334,    65470,    58641,     -268
13356040,        1, 13619941,    65473,    58652,      239
13356188,        2, 13606838,    65476,    58662,      745
13356451,        3, 13746422,    65477,    58672,     1256
13357151,        4, 14294946,    65480,    58682,     1751
13357201,        0, 12551339,    65036,    58836,     -268
13357268,        1, 13617674,    65083,    58850,      239
13357433,        2, 14039704,    65126,    58860,      745
13357601,        0, 12551474,    65501,    58837,     -268
13357906,        1, 13619954,    65507,    58846,      239
13357914,        2, 14039849,    65511,    58856,      745
13357932,        0, 12551725,    64778,    57554,     -268
13357995,        1, 13618216,    64781,    57556,      239
13358064,        0, 12551793,    65153,    57604,     -268
13358110,        1, 13618366,    65159,    57623,      239
13358390,        2, 13605946,    65164,    57640,      745
13358724,        3, 13327711,    65169,    57659,     1256
13358796,        4, 13852865,    65174,    57676,     1751
13358939,        0, 12551826,    64795,    57390,     -268
13358991,        1, 13618254,    64825,    57406,      239
13359497,        1, 13618240,    65230,    57309,      239
13359567,        0, 12552072,    64832,    57438,     -268
13359611,        1, 13618407,    64835,    57448,      239
13359759,        0, 12552107,    64801,    57322,     -268
13359810,        3, 13331733,    64939,    57317,     1256
13359916,        4, 13851128,    64981,    57320,     1751
13360218,        1, 13630577,    68158,    58283,      239
13360310,        2, 13609592,    68175,    58284,      745
13360496,        3, 13338200,    68193,    58286,     1256
13360515,        4, 13860189,    68208,    58287,     1751
13360524,        0, 12552754,    67273,    58328,     -268
13360666,        2, 13614285,    67308,    58344,      745
13360757,        0, 12553191,    68031,    58586,     -268
13360927,        3, 13755101,    68052,    58632,     1256
13361115,        0, 12553198,    67388,    58827,     -268
13361145,        3, 13753283,    67421,    58895,     1256
13361183,        0, 12553199,    67319,    58723,     -268
13361216,        1, 13628627,    67330,    58761,      239
13361298,        2, 13612457,    67330,    58796,      745
13361325,        3, 13753183,    67332,    58828,     1256
13361743,        4, 14300146,    67336,    58858,     1751
13362125,        4, 13857220,    67810,    57292,     1751
13362149,        4, 13855446,    67293,    57601,     1751
13362162,        0, 12553578,    67687,    57245,     -268
13362448,        1, 13184808,    67708,    57262,      239
13362783,        2, 13610214,    67727,    57282,      745
13362824,        3, 13337600,    67749,    57304,     1256
13362974,        4, 13857210,    67772,    57325,     1751
13363135,        0, 12553618,    67986,    57281,     -268
13363186,        2, 13610190,    68006,    57308,      745
13363398,        0, 12553647,    67721,    57549,     -268
13363510,        1, 13636685,    67740,    57566,      239
13363585,        0, 12553895,    67562,    57337,     -268
13363729,        1, 13629416,    67566,    57341,      239
13363854,        0, 12553896,    67458,    57584,     -268
13363885,        1, 13629586,    67494,    57631,      239
13363953,        2, 13611769,    67529,    57677,      745
13363986,        3, 13334825,    67563,    57723,     1256
13364168,        4, 13855516,    67597,    57767,     1751
13364384,        0, 12554094,    68070,    57992,     -268
13364453,        0, 12554260,    67363,    57736,     -268
13364466,        1, 13629490,    67384,    57747,      239
13364551,        0, 12554606,    68031,    59180,     -268
13364708,        2, 14043750,    68044,    59225,      745
13364860,        0, 12554689,    67507,    59012,     -268
13365042,        1, 13627450,    67514,    59057,      239
13365058,        2, 14047135,    67521,    59101,      745
13365146,        3, 13753248,    67529,    59146,     1256
13365402,        4, 14300128,    67539,    59189,     1751
13365416,        0, 12554698,    67699,    59067,     -268
13365924,        1, 13633829,    67721,    59093,      239
13366014,        2, 14047329,    67743,    59120,      745
13366031,        3, 13757106,    67764,    59147,     1256
13366042,        4, 14301057,    67785,    59172,     1751
13366153,        0, 12554899,    67094,    57832,     -268
13366280,        1, 13625481,    67103,    57843,      239
13366384,        2, 13612949,    67112,    57854,      745
13366844,        3, 13334496,    67121,    57863,     1256
13366923,        4, 13855474,    67128,    57873,     1751
13367310,        0, 12555329,    68269,    58042,     -268
13367639,        1, 13632276,    68300,    58059,      239
13367912,        2, 13609830,    68330,    58074,      745
13368061,        3, 13346338,    68361,    58089,     1256
13368205,        4, 13860201,    68386,    58100,     1751
13368225,        0, 12555365,    68245,    57695,     -268
13368235,        1, 13632178,    68268,    57707,      239
13368334,        2, 13608950,    68292,    57718,      745
13368442,        3, 13344960,    68316,    57731,     1256
13368586,        4, 13859695,    68340,    57741,     1751
13368590,        1, 13631731,    68574,    57713,      239
13368591,        0, 12555529,    68176,    58050,     -268
13368592,        1, 13632220,    68176,    58078,      239
13369097,        2, 13609790,    68177,    58106,      745
13369399,        3, 13339287,    68177,    58134,     1256
13369568,        4, 13860246,    68177,    58161,     1751
13369659,        0, 12555743,    67136,    59009,     -268
13369664,        1, 13625897,    67142,    59013,      239
13369690,        2, 14047353,    67146,    59017,      745
13369998,        3, 13753067,    67152,    59022,     1256
13370075,        4, 14300122,    67156,    59025,     1751
13370415,        0, 12555865,    66929,    59161,     -268
13370553,        1, 13626078,    66950,    59197,      239
13370600,        2, 14038928,    66972,    59231,      745
13370650,        3, 13754212,    66992,    59267,     1256
13370787,        0, 12556074,    68278,    58975,     -268
13370882,        1, 13630971,    68280,    58996,      239
13371267,        2, 14043611,    68281,    59017,      745
13371335,        3, 13763238,    68282,    59038,     1256
13372031,        4, 14304072,    68283,    59058,     1751
13372165,        0, 12556274,    67090,    58543,     -268
13372514,        1, 13624548,    67105,    58569,      239
13372585,        0, 12556282,    67130,    58358,     -268
13372732,        1, 13623974,    67152,    58368,      239
13372734,        2, 13614043,    67174,    58376,      745
13372774,        3, 13336727,    67199,    58384,     1256
13372938,        4, 13856007,    67228,    58391,     1751
13372989,        0, 12556365,    67076,    58206,     -268
13373094,        0, 12556418,    67060,    58182,     -268
13373096,        1, 13623923,    67092,    58195,      239
13373099,        2, 13614246,    67123,    58208,      745
13373327,        3, 13335272,    67155,    58218,     1256
13374283,        4, 13856067,    67183,    58225,     1751
13374312,        0, 12556540,    67204,    58380,     -268
13374489,        0, 12556642,    68424,    58365,     -268
13374490,        0, 12557046,    68397,    58679,     -268
13374630,        1, 13631079,    68406,    58698,      239
13374932,        2, 13611323,    68417,    58725,      745
13374986,        3, 13761287,    68426,    58762,     1256
13375235,        4, 14301947,    68439,    58807,     1751
13375534,        0, 12557087,    68534,    58517,     -268
13375682,        1, 13631094,    68567,    58544,      239
13375715,        2, 13612709,    68598,    58573,      745
13375818,        3, 13343112,    68628,    58601,     1256
13375871,        4, 13868202,    68657,    58630,     1751
13376156,        0, 12557263,    66982,    58627,     -268
13376220,        1, 13624538,    66987,    58635,      239
13376494,        2, 13604894,    66991,    58643,      745
13376513,        3, 13753227,    66996,    58651,     1256
13376591,        4, 13858679,    67001,    58659,     1751
13377115,        2, 13612492,    67255,    58607,      745
13377673,        3, 13754460,    67268,    58616,     1256
13377680,        4, 13857394,    67280,    58623,     1751
13377740,        0, 12557374,    67087,    58617,     -268
13378026,        1, 13624496,    67092,    58622,      239
13378104,        2, 13612500,    67098,    58631,      745
13378611,        3, 13754466,    67104,    58642,     1256
13378638,        4, 13857472,    67111,    58650,     1751
13378640,        0, 12557581,    68404,    57648,     -268
13378941,        1, 13631532,    68410,    57647,      239
13379267,        0, 12557583,    68487,    57656,     -268
13379283,        1, 13631394,    68517,    57709,      239
13379391,        2, 13608864,    68548,    57762,      745
13379426,        3, 13340801,    68577,    57816,     1256
13379542,        4, 13855061,    68607,    57866,     1751
13379686,        0, 12557672,    68448,    57380,     -268
13379804,        1, 13631809,    68472,    57400,      239
13380121,        2, 13610823,    68495,    57424,      745
13380207,        3, 13343303,    68517,    57451,     1256
13381565,        4, 13858107,    68538,    57480,     1751
13381705,        0, 12557755,    68189,    57367,     -268
13381786,        1, 13631766,    68201,    57381,      239
13381790,        2, 13610786,    68214,    57395,      745
13381797,        3, 13343381,    68227,    57409,     1256
13381826,        4, 13858286,    68238,    57423,     1751
13381888,        4, 13859446,    68261,    57684,     1751
13381981,        0, 12558068,    66649,    57674,     -268
13382144,        1, 13625056,    66652,    57689,      239
13382265,        2, 13602350,    66657,    57705,      745
13382301,        0, 12558082,    66947,    57297,     -268
13382315,        1, 13625086,    66959,    57319,      239
13382380,        2, 13604811,    66975,    57342,      745
13382444,        3, 13336237,    66997,    57368,     1256
13382446,        4, 13857648,    67017,    57392,     1751
13382756,        1, 13624781,    66954,    57487,      239
13383121,        3, 13334862,    66952,    57488,     1256
13383286,        0, 12558264,    66624,    57325,     -268
13383296,        2, 13604312,    66662,    57375,      745
13383577,        4, 13862718,    68969,    58162,     1751
13383615,        0, 12558874,    69035,    58073,     -268
13383620,        1, 13633413,    69078,    58084,      239
13383664,        2, 13620763,    69122,    58096,      745
13383966,        3, 13341766,    69169,    58106,     1256
13384108,        4, 13862697,    69220,    58114,     1751
13384257,        0, 12559130,    69379,    58781,     -268
13384319,        1, 13635435,    69382,    58786,      239
13384360,        2, 13618802,    69385,    58791,      745
13384506,        3, 13759392,    69387,    58797,     1256
13385200,        4, 14306556,    69389,    58803,     1751
13385290,        0, 12559137,    69744,    58867,     -268
13385440,        1, 13637841,    69766,    58877,      239
13385517,        2, 14051197,    69786,    58889,      745
13386158,        3, 13763505,    69816,    58899,     1256
13386253,        4, 14310823,    69845,    58905,     1751
13386299,        3, 13761340,    69557,    58677,     1256
13386358,        0, 12559181,    69801,    58535,     -268
13386365,        1, 13637739,    69806,    58546,      239
13386646,        2, 13615927,    69811,    58556,      745
13386648,        3, 13344630,    69814,    58566,     1256
13386704,        4, 13865924,    69818,    58575,     1751
13386732,        0, 12559241,    69290,    58879,     -268
13386938,        2, 13613842,    68965,    58460,      745
13387187,        1, 13635427,    69088,    58710,      239
13387546,        2, 13618886,    69088,    58715,      745
13387744,        3, 13759247,    69088,    58724,     1256
13387778,        0, 12559737,    69671,    57594,     -268
13387836,        1, 13638611,    69700,    57595,      239
13388058,        2, 13617234,    69724,    57597,      745
13388071,        2, 13618079,    69354,    57323,      745
13388210,        0, 12559955,    69085,    57363,     -268
13388406,        2, 13612109,    69088,    57409,      745
13388456,        3, 13342724,    69093,    57426,     1256
13388546,        4, 13864437,    69106,    57447,     1751
13388647,        2, 13618017,    69412,    57604,      745
13388875,        3, 13341129,    69429,    57605,     1256
13389383,        4, 13861636,    69445,    57606,     1751
13389617,        0, 12559991,    68984,    57681,     -268
13389667,        1, 13636201,    68993,    57686,      239
13389724,        2, 13612045,    69003,    57690,      745
13389865,        3, 13340937,    69012,    57697,     1256
13389910,        4, 13861719,    69021,    57706,     1751
13389944,        0, 12560076,    69576,    57260,     -268
13389952,        1, 13185182,    69587,    57307,      239
13390043,        2, 13617382,    69597,    57358,      745
13390076,        3, 13343939,    69608,    57411,     1256
13390259,        4, 13865485,    69618,    57461,     1751
13390269,        3, 13345916,    69641,    58016,     1256
13390712,        4, 13867334,    69646,    58051,     1751
13391148,        0, 12560749,    69683,    59002,     -268
13391169,        1, 13643374,    69689,    59021,      239
13391194,        2, 14049948,    69691,    59036,      745
13391212,        3, 13763392,    69692,    59054,     1256
13391223,        0, 12561033,    68827,    57667,     -268
13391255,        1, 13636177,    68838,    57680,      239
13391680,        2, 13613443,    68849,    57694,      745
13391712,        3, 13341114,    68858,    57707,     1256
13392267,        4, 13861862,    68863,    57721,     1751
13392324,        0, 12561083,    68845,    57983,     -268
13392617,        2, 13613483,    68872,    58000,      745
13392675,        0, 12561136,    68919,    57857,     -268
13394033,        1, 13633314,    68926,    57878,      239
13394432,        2, 13613295,    68933,    57900,      745
13394601,        3, 13340998,    68941,    57923,     1256
13394915,        4, 13862580,    68952,    57947,     1751
13394940,        0, 12561307,    70603,    58006,     -268
13394967,        2, 13619899,    70614,    58045,      745
13394998,        0, 12561544,    70392,    58093,     -268
13395148,        1, 13639358,    70400,    58104,      239
13395821,        2, 13620315,    70408,    58109,      745
13395871,        3, 13348131,    70415,    58113,     1256
13396357,        0, 12562019,    68687,    59039,     -268
13396392,        1, 13632597,    68686,    59070,      239
13396668,        0, 12562133,    70389,    58989,     -268
13396982,        1, 13637750,    70405,    58996,      239
13745411,        2, 14053844,    70421,    59003,      745
13749608,        3, 13765992,    70437,    59011,     1256
13749624,        4, 14307084,    70451,    59020,     1751
13749634,        0, 12562155,    70167,    59120,     -268
13749660,        1, 13639948,    70168,    59125,      239
13749902,        2, 14049931,    70169,    59130,      745
13750206,        3, 13764395,    70171,    59134,     1256
13750248,        4, 14310637,    70173,    59138,     1751
13750276,        0, 12562432,    70435,    59179,     -268
13750322,        2, 14053884,    70448,    59200,      745
13750355,        3, 13767422,    70452,    59224,     1256
13750473,        0, 12562546,    68691,    58416,     -268
13750589,        2, 13613793,    68692,    58461,      745
13750791,        3, 13343048,    68695,    58475,     1256
13750979,        4, 13868192,    68695,    58488,     1751
13751117,        0, 12562788,    70486,    58259,     -268
13751328,        1, 13637004,    70488,    58262,      239
13751358,        2, 13620263,    70489,    58265,      745
13751628,        3, 13348108,    70492,    58268,     1256
13751841,        4, 13862994,    70494,    58271,     1751
13751963,        0, 12562825,    69871,    58350,     -268
13752265,        1, 13637066,    69873,    58380,      239
13752737,        2, 13616234,    69875,    58407,      745
13753372,        3, 13344638,    69877,    58431,     1256
13753457,        4, 13866126,    69881,    58453,     1751
13753471,        1, 13637092,    70003,    58411,      239
13753647,        2, 13616196,    69999,    58426,      745
13753744,        0, 12562977,    70461,    58168,     -268
13753917,        1, 13640681,    70469,    58168,      239
13753968,        0, 12563068,    70234,    58295,     -268
13754176,        4, 13867335,    70229,    58381,     1751
13754199,        0, 12563261,    70188,    58639,     -268
13754296,        1, 13637619,    70208,    58665,      239
13754310,        2, 13617589,    70234,    58693,      745
13754351,        3, 13771126,    70258,    58720,     1256
13754375,        4, 14309340,    70283,    58748,     1751
13754386,        2, 13617732,    69927,    58814,      745
13754409,        2, 13619253,    70363,    58656,      745
13754445,        3, 13767864,    70374,    58657,     1256
13754509,        0, 12563724,    68892,    58871,     -268
13754973,        1, 13635401,    68908,    58877,      239
13755299,        2, 14045486,    68924,    58883,      745
13755506,        3, 13759390,    68940,    58889,     1256
13755527,        4, 14306703,    68956,    58895,     1751
13755529,        0, 12563781,    68647,    58798,     -268
13755562,        1, 13631118,    68650,    58804,      239
13755566,        2, 13612667,    68656,    58813,      745
13755797,        3, 13759606,    68663,    58826,     1256
13755855,        4, 14306525,    68671,    58839,     1751
13755862,        0, 12563794,    68749,    58751,     -268
13755910,        1, 13631173,    68765,    58767,      239
13756189,        2, 13612781,    68782,    58784,      745
13756357,        3, 13759433,    68799,    58803,     1256
13756364,        4, 14306403,    68816,    58820,     1751
13756392,        1, 13638732,    69893,    57436,      239
13756792,        3, 13343574,    69891,    57440,     1256
13756806,        0, 12564232,    70181,    57277,     -268
13756836,        1, 13187313,    70210,    57287,      239
13757177,        2, 13616867,    70238,    57292,      745
13757252,        2, 13616551,    69817,    57234,      745
13757333,        3, 13343500,    69816,    57237,     1256
13757541,        3, 13349890,    70549,    57329,     1256
13757759,        0, 12564521,    68954,    57250,     -268
13758061,        1, 13185168,    68964,    57254,      239
13758114,        2, 13611998,    68973,    57259,      745
13758456,        3, 13342671,    68983,    57263,     1256
13758494,        4, 13864395,    68994,    57268,     1751
13758699,        0, 12564654,    68603,    57342,     -268
13758873,        3, 13343239,    68601,    57410,     1256
13759198,        4, 13858319,    68600,    57432,     1751
13759301,        0, 12564747,    71300,    58428,     -268
13759317,        1, 13637342,    71323,    58468,      239
13759520,        2, 13622556,    71345,    58503,      745
13759756,        3, 13351301,    71371,    58536,     1256
13759770,        4, 13872411,    71402,    58567,     1751
13760011,        0, 12565035,    70873,    58058,     -268
13760318,        1, 13640750,    70917,    58089,      239
13760408,        2, 13619898,    70954,    58124,      745
13760455,        3, 13348310,    70992,    58162,     1256
13760588,        4, 13869306,    71033,    58201,     1751
13760754,        0, 12565355,    72395,    58281,     -268
13760935,        0, 12565403,    72579,    58207,     -268
13761066,        2, 13627061,    72596,    58216,      745
13761306,        0, 12565415,    72280,    58049,     -268
13761528,        1, 13647259,    72335,    58107,      239
13761734,        2, 13627256,    72389,    58165,      745
13761752,        3, 13354669,    72445,    58226,     1256
13761962,        4, 13869709,    72499,    58283,     1751
13762115,        0, 12565673,    71418,    58910,     -268
13762513,        1, 13638216,    71429,    58914,      239
13762840,        2, 14056689,    71439,    58917,      745
13763128,        3, 13770017,    71448,    58922,     1256
13763583,        4, 14317104,    71457,    58926,     1751
13763899,        0, 12566011,    72300,    58907,     -268
13763935,        1, 13648840,    72314,    58923,      239
13764430,        2, 14059107,    72330,    58939,      745
13764914,        4, 14313657,    72368,    58975,     1751
13765178,        0, 12566239,    71165,    57660,     -268
13765478,        1, 13642917,    71172,    57666,      239
13765787,        2, 13628183,    71179,    57673,      745
13765889,        3, 13352004,    71187,    57679,     1256
13765994,        4, 13873159,    71193,    57685,     1751
13766435,        0, 12566351,    71131,    57564,     -268
13766656,        1, 13642823,    71132,    57566,      239
13766678,        0, 12566401,    70825,    57690,     -268
13766723,        1, 13642997,    70832,    57726,      239
13766975,        2, 13618583,    70839,    57762,      745
13767022,        3, 13347262,    70845,    57798,     1256
13767025,        4, 13868570,    70852,    57833,     1751
13767180,        0, 12566586,    71221,    57277,     -268
13767185,        1, 13192210,    71226,    57290,      239
13767274,        2, 13624582,    71230,    57303,      745
13768409,        3, 13350668,    71231,    57316,     1256
13768437,        4, 13872154,    71230,    57329,     1751
13768439,        0, 12566602,    71104,    57483,     -268
13768665,        1, 13643008,    71153,    57525,      239
13768918,        2, 13624587,    71201,    57565,      745
13768945,        3, 13352066,    71250,    57605,     1256
13769048,        4, 13873166,    71295,    57642,     1751
13769064,        3, 13356056,    72342,    57244,     1256
13769344,        0, 12567175,    70796,    57978,     -268
13769508,        1, 13640656,    70799,    57990,      239
13769605,        2, 13619940,    70801,    58002,      745
13769705,        3, 13348002,    70803,    58014,     1256
13770037,        4, 13869239,    70805,    58026,     1751
13770295,        0, 12567253,    70873,    57782,     -268
13770554,        1, 13640452,    70921,    57789,      239
13770664,        2, 13619981,    70976,    57796,      745
13770918,        3, 13347594,    71034,    57803,     1256
13771165,        4, 13868493,    71090,    57810,     1751
13771751,        0, 12567269,    70848,    57736,     -268
13771753,        1, 13642965,    70851,    57767,      239
13772061,        2, 13619788,    70854,    57797,      745
13772373,        3, 13347513,    70856,    57827,     1256
13772815,        4, 13868518,    70858,    57854,     1751
13773421,        0, 12567327,    71208,    57995,     -268
13773671,        1, 13640568,    71219,    57995,      239
13773813,        0, 12567333,    71175,    57821,     -268
13773874,        1, 13640717,    71196,    57850,      239
13773903,        2, 13621986,    71212,    57886,      745
13774085,        1, 13647255,    72403,    58074,      239
13774203,        2, 13626618,    72403,    58122,      745
13774280,        0, 12567580,    71032,    59048,     -268
13774284,        1, 13641152,    71033,    59059,      239
13774304,        2, 14053919,    71032,    59075,      745
13774311,        0, 12567927,    72601,    59120,     -268
13774358,        1, 13647743,    72612,    59135,      239
13774361,        2, 14060600,    72622,    59149,      745
13774478,        3, 13777095,    72634,    59165,     1256
13774510,        4, 14321854,    72644,    59181,     1751
13774715,        0, 12567988,    72027,    58028,     -268
13774793,        1, 13645919,    72049,    58087,      239
13775338,        2, 13626408,    72073,    58146,      745
13775380,        3, 13348511,    72099,    58206,     1256
13775805,        4, 13869384,    72125,    58262,     1751
13775908,        0, 12567994,    72009,    57865,     -268
13776109,        1, 13646043,    72014,    57867,      239
13776197,        2, 13626725,    72018,    57868,      745
13776431,        3, 13347885,    72023,    57870,     1256
13776643,        4, 13868758,    72028,    57872,     1751
13776714,        4, 13873112,    71659,    57707,     1751
13776827,        4, 13869691,    72523,    58004,     1751
13777320,        0, 12568531,    72255,    58946,     -268
13777555,        1, 13648966,    72262,    58953,      239
13777648,        2, 14060467,    72270,    58958,      745
13777834,        1, 13640261,    71582,    59128,      239
13777858,        2, 14056477,    71590,    59131,      745
13777908,        3, 13770561,    71597,    59135,     1256
13777967,        4, 14317184,    71604,    59139,     1751
13778025,        0, 12568812,    71410,    58956,     -268
13778109,        1, 13638258,    71417,    58962,      239
13778395,        2, 14056492,    71427,    58968,      745
13778828,        0, 12569030,    71862,    58297,     -268
13778847,        0, 12569093,    72151,    58340,     -268
13779033,        1, 13643672,    72165,    58372,      239
13779038,        2, 13627323,    72175,    58408,      745
13779091,        3, 13350562,    72186,    58443,     1256
13779207,        4, 13871702,    72194,    58474,     1751
13779339,        2, 13626598,    72177,    58170,      745
13779408,        3, 13348584,    72188,    58174,     1256
13779443,        4, 13869651,    72203,    58185,     1751
13779655,        0, 12569473,    71974,    58587,     -268
13779864,        1, 13643436,    71987,    58623,      239
13779880,        2, 13625950,    72006,    58658,      745
13780060,        3, 13766354,    72036,    58694,     1256
13780156,        4, 13871487,    72063,    58732,     1751
13780259,        0, 12569630,    71605,    58615,     -268
13780804,        1, 13637532,    71612,    58660,      239
13781251,        2, 13625133,    71617,    58705,      745
13781267,        3, 13768548,    71623,    58751,     1256
13781845,        4, 14315943,    71627,    58794,     1751
13781866,        0, 12569818,    71820,    58730,     -268
13781927,        3, 13766388,    71858,    58812,     1256
13782015,        0, 12570187,    71862,    57623,     -268
13782212,        1, 13645288,    71868,    57646,      239
13782276,        2, 13624579,    71873,    57665,      745
13782297,        3, 13347893,    71879,    57682,     1256
13782306,        4, 13873001,    71885,    57697,     1751
13782490,        1, 13645276,    71837,    57550,      239
13782507,        0, 12570502,    70652,    57734,     -268
13782527,        1, 13642839,    70668,    57754,      239
13782539,        0, 12570917,    72773,    58434,     -268
13782667,        1, 13648054,    72779,    58475,      239
13782958,        2, 13623316,    72785,    58514,      745
13783287,        3, 13357820,    72792,    58556,     1256
13783322,        4, 13878215,    72799,    58596,     1751
13783326,        0, 12571071,    72620,    58384,     -268
13783392,        1, 13648298,    72632,    58427,      239
13783632,        2, 13627291,    72648,    58475,      745
13783960,        3, 13356769,    72663,    58521,     1256
13784048,        0, 12571090,    72872,    58264,     -268
13784164,        3, 13357940,    72915,    58336,     1256
13784419,        0, 12571644,    72851,    58879,     -268
13784552,        3, 13776430,    72865,    58878,     1256
13784728,        0, 12572428,    72793,    57322,     -268
13784983,        1, 13198726,    72796,    57324,      239
13785007,        2, 13624252,    72797,    57325,      745
13785021,        3, 13357219,    72799,    57328,     1256
13785093,        4, 13878135,    72801,    57330,     1751
13785453,        3, 13776541,    72948,    58954,     1256
13785457,        4, 14323561,    72959,    58953,     1751
13785609,        0, 12574385,    73464,    57744,     -268
13786214,        1, 13645742,    73466,    57758,      239
13786367,        2, 13628403,    73468,    57770,      745
13786768,        3, 13358249,    73469,    57783,     1256
13786788,        4, 13879733,    73471,    57796,     1751
13786910,        1, 13644922,    73319,    58886,      239
13787506,        2, 14064782,    73325,    58888,      745
13787621,        3, 13776170,    73332,    58890,     1256
13787705,        3, 13777073,    73069,    59175,     1256
13787899,        2, 13623251,    73082,    58118,      745
13787984,        3, 13359070,    73082,    58127,     1256
13788096,        4, 13880024,    73082,    58134,     1751
13788103,        0, 12575760,    73382,    58780,     -268
13788153,        1, 13644833,    73414,    58792,      239
13788230,        2, 13631413,    73436,    58799,      745
13788256,        3, 13776486,    73452,    58806,     1256
13788706,        4, 14322298,    73465,    58824,     1751
13788707,        0, 12576053,    73237,    58491,     -268
13788814,        1, 13643957,    73256,    58533,      239
13788851,        0, 12576563,    73245,    57375,     -268
13788866,        1, 13645700,    73283,    57424,      239
13788939,        2, 13630885,    73316,    57478,      745
13789145,        3, 13357458,    73352,    57535,     1256
13789339,        0, 12921679,    56547,    59760,     -268
13789477,        0, 12921925,    56544,    59881,     -268
13789615,        4, 14717432,    57670,    60640,     1751
13789666,        2, 14015237,    57442,    59565,      745
13789726,        4, 14267756,    57446,    59568,     1751
13789922,        0, 12926202,    57734,    59400,     -268
13790124,        1, 14044315,    57742,    59405,      239
13790203,        2, 14015111,    57554,    59597,      745
13790225,        3, 13721230,    57571,    59598,     1256
13790293,        4, 14267899,    57583,    59603,     1751
13790484,        2, 14015126,    57568,    59523,      745
13790841,        3, 13721248,    57569,    59528,     1256
13790910,        4, 14267101,    57569,    59533,     1751
13790916,        0, 12926779,    57371,    61044,     -268
13790932,        2, 14450878,    57381,    61061,      745
13790965,        0, 12927069,    57516,    60056,     -268
13791023,        1, 14036569,    57519,    60074,      239
13791063,        2, 14011847,    57525,    60086,      745
13791216,        3, 13719188,    57530,    60095,     1256
13791379,        4, 14265431,    57536,    60105,     1751
13791494,        0, 12927097,    57821,    60060,     -268
13791673,        1, 14042639,    57859,    60064,      239
13791947,        2, 14011387,    57893,    60069,      745
13792065,        0, 12927214,    57903,    60081,     -268
13792203,        1, 14042774,    57917,    60098,      239
13792353,        2, 14009020,    57936,    60117,      745
13792413,        3, 13723150,    57962,    60133,     1256
13792427,        3, 13722170,    58078,    59856,     1256
13792557,        0, 12927503,    58055,    59259,     -268
13792583,        3, 13724838,    58070,    59302,     1256
13792956,        0, 12927592,    58064,    60455,     -268
13793555,        2, 14009014,    58090,    60483,      745
13793593,        0, 12927640,    57523,    60470,     -268
13793678,        3, 13720329,    57566,    60517,     1256
13794026,        0, 12927704,    57940,    60448,     -268
13794334,        2, 14009108,    57973,    60475,      745
13794376,        3, 13724126,    57990,    60488,     1256
13794679,        4, 14270982,    58007,    60501,     1751
13794741,        0, 12927752,    58061,    60369,     -268
13794894,        1, 14042253,    58068,    60410,      239
13795137,        2, 14009337,    58078,    60449,      745
13795349,        3, 13724122,    58084,    60485,     1256
13795527,        4, 14270981,    58085,    60521,     1751
13795763,        4, 14270841,    58031,    60336,     1751
13796071,        1, 14033454,    56593,    59314,      239
13796591,        1, 14033824,    56655,    59248,      239
13796603,        0, 12928023,    56767,    59234,     -268
13796746,        1, 14033865,    56815,    59267,      239
13796754,        2, 14002638,    56862,    59300,      745
13796919,        4, 14267228,    56956,    59365,     1751
13797189,        2, 14010816,    58304,    59330,      745
13797281,        0, 12928095,    58228,    59283,     -268
13797515,        1, 14040704,    58239,    59286,      239
13797740,        2, 14009719,    58250,    59289,      745
13797820,        3, 13731976,    58260,    59293,     1256
13797866,        4, 14271492,    58271,    59296,     1751
13798072,        0, 12928214,    56704,    60219,     -268
13798082,        1, 14035266,    56709,    60233,      239
13798374,        0, 12928250,    56939,    60156,     -268
13798416,        1, 14035375,    56951,    60166,      239
13798905,        2, 14004873,    56965,    60178,      745
13799347,        3, 13719162,    56979,    60192,     1256
13799964,        4, 14265481,    56990,    60203,     1751
13800045,        0, 12928330,    57118,    60141,     -268
13800124,        2, 14012919,    57171,    60175,      745
13800502,        3, 13718907,    57198,    60191,     1256
13800644,        4, 14265547,    57223,    60206,     1751
13801206,        0, 12928490,    57120,    60263,     -268
13801210,        1, 14036540,    57156,    60267,      239
13801301,        2, 14013007,    57196,    60271,      745
13801309,        0, 12928555,    56753,    60500,     -268
13802460,        1, 14032994,    56629,    60451,      239
13803118,        0, 12928726,    58459,    60551,     -268
13803470,        1, 14039835,    58464,    60555,      239
13803865,        2, 14010341,    58470,    60559,      745
13804325,        3, 14154856,    58477,    60562,     1256
13804533,        4, 14270934,    58486,    60562,     1751
13804731,        0, 12928854,    58105,    60305,     -268
14147714,        1, 14042210,    58106,    60325,      239
14147814,        2, 14009149,    58106,    60345,      745
14147835,        4, 14269467,    58106,    60386,     1751
14147903,        0, 12928880,    58518,    60453,     -268
14147904,        1, 14040027,    58562,    60476,      239
14151943,        2, 14014268,    58604,    60502,      745
14152042,        3, 13726822,    58647,    60529,     1256
14152064,        4, 14273987,    58691,    60556,     1751
14152260,        1, 14037253,    57157,    60530,      239
14152277,        2, 14012730,    57180,    60536,      745
14152512,        3, 13720235,    57202,    60542,     1256
14152615,        4, 14266559,    57226,    60552,     1751
14152854,        1, 14032985,    56778,    60664,      239
14153127,        2, 14003344,    56777,    60691,      745
14153312,        4, 14720030,    56776,    60743,     1751
14153360,        0, 12929460,    58574,    60610,     -268
14153449,        2, 14014302,    58580,    60618,      745
14153827,        0, 12929891,    56697,    59601,     -268
14154160,        1, 14033766,    56699,    59621,      239
14154194,        2, 14003507,    56701,    59638,      745
14154217,        3, 13721833,    56705,    59649,     1256
14154242,        0, 12930168,    58071,    59740,     -268
14154246,        1, 14041703,    58096,    59766,      239
14154877,        0, 12930225,    58166,    59368,     -268
14154953,        1, 14040732,    58182,    59392,      239
14155005,        0, 12930308,    58334,    59538,     -268
14155302,        1, 14040647,    58342,    59556,      239
14155453,        2, 14010618,    58351,    59573,      745
14155647,        3, 13728421,    58360,    59591,     1256
14155781,        0, 12930502,    58170,    61165,     -268
14155785,        1, 14496502,    58175,    61170,      239
14156235,        2, 14450953,    57182,    61031,      745
14156330,        0, 12930772,    56817,    61223,     -268
14156628,        2, 14441825,    56876,    61326,      745
14157012,        3, 14144659,    56907,    61379,     1256
14157019,        4, 14719053,    56936,    61433,     1751
14157144,        0, 12930818,    57038,    60919,     -268
14157315,        3, 14145405,    57048,    60956,     1256
14157430,        2, 14442884,    56989,    60983,      745
14157727,        3, 14145374,    57051,    60989,     1256
14157772,        4, 14717856,    57107,    60999,     1751
14157807,        0, 12931102,    58478,    59713,     -268
14157898,        1, 14041685,    58502,    59719,      239
14158221,        2, 14010606,    58527,    59724,      745
14158226,        3, 13728481,    58551,    59730,     1256
14158683,        4, 14268864,    58575,    59735,     1751
14159178,        0, 12931137,    58247,    59919,     -268
14159194,        1, 14041734,    58254,    59952,      239
14159208,        2, 14011302,    58261,    59985,      745
14159287,        3, 13729387,    58269,    60018,     1256
14159355,        4, 14269658,    58276,    60050,     1751
14159420,        0, 12931306,    56762,    59885,     -268
14159569,        1, 14034717,    56787,    59885,      239
14159583,        2, 14004254,    56812,    59886,      745
14159680,        3, 13721778,    56838,    59887,     1256
14159991,        4, 14269279,    56863,    59889,     1751
14160416,        3, 13718969,    57085,    59917,     1256
14160525,        4, 14265462,    57086,    59925,     1751
14160836,        0, 12931354,    56712,    60129,     -268
14160842,        1, 14035469,    56737,    60140,      239
14160973,        2, 14002216,    56760,    60154,      745
14161093,        3, 13722429,    56785,    60164,     1256
14161166,        4, 14269259,    56809,    60172,     1751
14161188,        0, 12931429,    56598,    59961,     -268
14161272,        1, 14034757,    56597,    59976,      239
14161940,        2, 14004182,    56597,    59995,      745
14161942,        0, 12931486,    56947,    60139,     -268
14162012,        1, 14035150,    56952,    60164,      239
14162043,        2, 14004877,    56957,    60190,      745
14162136,        4, 14265277,    56958,    60247,     1751
14162167,        0, 12931913,    59218,    60804,     -268
14162221,        1, 14044158,    59225,    60821,      239
14162280,        0, 12931950,    59304,    60943,     -268
14162624,        1, 14045239,    59350,    60976,      239
14162698,        0, 12931971,    59815,    60879,     -268
14162704,        1, 14046671,    59842,    60888,      239
14162873,        2, 14456805,    59868,    60897,      745
14162986,        4, 14726139,    59922,    60915,     1751
14163045,        0, 12932114,    59233,    60657,     -268
14163113,        1, 14043909,    59240,    60686,      239
14163440,        2, 14021321,    59249,    60715,      745
14163482,        3, 14152016,    59257,    60745,     1256
14163637,        4, 14724809,    59265,    60774,     1751
14163684,        1, 14044824,    59345,    59453,      239
14163943,        3, 13731565,    59347,    59470,     1256
14164167,        4, 14278235,    59356,    59475,     1751
14164185,        0, 12932512,    59203,    59546,     -268
14164245,        1, 14044562,    59207,    59547,      239
14164697,        2, 14022064,    59211,    59547,      745
14164785,        1, 14044761,    59151,    59453,      239
14164894,        2, 14022130,    59164,    59456,      745
14165051,        0, 12932766,    59545,    59366,     -268
14165058,        1, 14039629,    59551,    59377,      239
14165119,        0, 12933306,    59283,    59694,     -268
14165425,        0, 12933584,    59120,    59692,     -268
14165654,        1, 14044910,    59119,    59712,      239
14165660,        0, 12933672,    59203,    60062,     -268
14165811,        1, 14043258,    59212,    60082,      239
14165992,        2, 14018706,    59223,    60101,      745
14166447,        3, 13725543,    59234,    60120,     1256
14166452,        4, 14272011,    59243,    60136,     1751
14166599,        0, 12933674,    59174,    59691,     -268
14166646,        3, 13727884,    59265,    59683,     1256
14167151,        0, 12934288,    59331,    60290,     -268
14167341,        1, 14043263,    59347,    60310,      239
14167486,        2, 14019523,    59359,    60326,      745
14167504,        3, 13729715,    59372,    60345,     1256
14167563,        4, 14277921,    59388,    60367,     1751
14167665,        0, 12934615,    59950,    59260,     -268
14167708,        1, 14047490,    59966,    59262,      239
14167719,        0, 12934620,    59953,    59260,     -268
14167753,        1, 14047625,    59964,    59273,      239
14167952,        0, 12934680,    58724,    60324,     -268
14167972,        1, 14042262,    58731,    60342,      239
14167979,        2, 14013304,    58738,    60362,      745
14167985,        3, 13726814,    58744,    60385,     1256
14168193,        4, 14274002,    58748,    60407,     1751
14168220,        0, 12934765,    58994,    60260,     -268
14168384,        1, 14043206,    58996,    60265,      239
14168704,        2, 14013301,    59000,    60270,      745
14168886,        3, 13726630,    59002,    60274,     1256
14168898,        4, 14273970,    59005,    60279,     1751
14168946,        0, 12935106,    59903,    60283,     -268
14169115,        1, 14049850,    59908,    60307,      239
14169142,        2, 14015802,    59913,    60331,      745
14169250,        3, 13731067,    59924,    60356,     1256
14169286,        4, 14276947,    59934,    60384,     1751
14169396,        0, 12935615,    58699,    60763,     -268
14169428,        2, 14452418,    58752,    60859,      745
14169440,        3, 14152453,    58779,    60908,     1256
14169516,        4, 14725364,    58804,    60957,     1751
14169848,        0, 12935707,    59801,    60879,     -268
14170081,        0, 12935721,    59776,    60919,     -268
14170126,        3, 14153234,    59875,    60920,     1256
14170363,        0, 12935731,    59972,    60748,     -268
14170401,        1, 14046599,    59974,    60770,      239
14170447,        2, 14016815,    59978,    60791,      745
14170668,        3, 14153203,    59985,    60818,     1256
14171118,        4, 14725981,    59994,    60845,     1751
14171218,        0, 12936052,    60304,    60767,     -268
