Vector Track Size:     1017

33276926,        0, 33276926,    63532,    66497,    21157
33282440,        1, 33772356,    63556,    66531,    21674
33285285,        2, 33351747,    63580,    66566,    22201
30478502,        3, 37270941,    63604,    66602,    22724
28624126,        4, 37322873,    63627,    66635,    23223
28638893,        1, 33752724,    62063,    67001,    21674
28639996,        3, 37249277,    62062,    67067,    22724
28644009,        4, 37301623,    62063,    67098,    23223
28644653,        0, 33285285,    62995,    67257,    21157
28652801,        1, 33759613,    63003,    67261,    21674
28654887,        2, 33357489,    63012,    67267,    22201
28661423,        3, 37274831,    63021,    67271,    22724
28661696,        4, 37327420,    63030,    67276,    23223
28665272,        1, 30892565,    56800,    61848,    21674
28665816,        2, 30534576,    56801,    61875,    22201
28679632,        3, 35178969,    56802,    61903,    22724
28680826,        4, 34298380,    56804,    61929,    23223
28691267,        0, 28624126,    57663,    57445,    21157
28707281,        1, 28982304,    57669,    57456,    21674
28712284,        2, 28683126,    57676,    57467,    22201
28718547,        3, 32075538,    57682,    57478,    22724
28719010,        4, 32277472,    57689,    57487,    23223
28726427,        0, 28638893,    59216,    57761,    21157
28726702,        2, 28698103,    59247,    57762,    22201
28730502,        4, 32293575,    59279,    57761,    23223
28735814,        0, 28639996,    58566,    57842,    21157
28736649,        1, 28992713,    58567,    57845,    21674
28741312,        2, 28689094,    58568,    57848,    22201
28750778,        3, 33110342,    58570,    57851,    22724
29551484,        4, 32300160,    58571,    57854,    23223
29551913,        0, 28644009,    58791,    58519,    21157
29555421,        1, 29946748,    58793,    58529,    21674
29557024,        2, 29603149,    58794,    58538,    22201
29559918,        3, 33102510,    58796,    58548,    22724
29561006,        4, 33291004,    58798,    58558,    23223
29561850,        0, 28644653,    58426,    57408,    21157
29562591,        1, 28992007,    58431,    57409,    21674
29562990,        2, 28687762,    58436,    57410,    22201
29564947,        3, 32079276,    58441,    57411,    22724
29572438,        0, 28652801,    60340,    56556,    21157
29573116,        1, 29009916,    60375,    56592,    21674
29573347,        2, 28705230,    60410,    56628,    22201
29574315,        3, 32097214,    60444,    56664,    22724
29575307,        4, 32313662,    60478,    56698,    23223
29576798,        0, 28654887,    60857,    57908,    21157
29578712,        1, 29013030,    60859,    57911,    21674
29580909,        2, 28712564,    60861,    57914,    22201
29581625,        3, 33117420,    60864,    57918,    22724
29581829,        4, 32314820,    60866,    57921,    23223
29582720,        0, 28661423,    61813,    58306,    21157
29584210,        1, 29020238,    61859,    58328,    21674
29584411,        2, 29636338,    61906,    58350,    22201
29585432,        3, 33129698,    61953,    58372,    22724
29587899,        4, 33306613,    61999,    58394,    23223
29587937,        0, 28661696,    61496,    58387,    21157
29591174,        1, 29020158,    61497,    58390,    21674
29598413,        2, 29626841,    61498,    58394,    22201
29602911,        3, 33129847,    61499,    58397,    22724
29603734,        4, 33314757,    61500,    58401,    23223
29604524,        0, 28665272,    60052,    57935,    21157
29605734,        1, 29007933,    60079,    57956,    21674
29608270,        2, 28703230,    60106,    57978,    22201
29612492,        3, 33110820,    60133,    58000,    22724
29617665,        4, 32300705,    60160,    58021,    23223
29624146,        0, 28665816,    61618,    56823,    21157
29625414,        1, 29018926,    61624,    56824,    21674
29626619,        2, 28707461,    61631,    56826,    22201
29627543,        3, 32113597,    61638,    56827,    22724
29630193,        4, 32316090,    61644,    56828,    23223
29631660,        0, 28679632,    62765,    57810,    21157
29637575,        1, 29027711,    62766,    57826,    21674
29638676,        2, 28726734,    62767,    57843,    22201
29641974,        3, 33133090,    62769,    57859,    22724
29642491,        4, 32333229,    62770,    57875,    23223
29643021,        0, 28680826,    63103,    56929,    21157
29643547,        1, 29033669,    63105,    56932,    21674
29644116,        2, 28723103,    63108,    56935,    22201
29646718,        3, 32129925,    63110,    56938,    22724
29655012,        4, 32331653,    63112,    56940,    23223
29656207,        0, 28691267,    64485,    58217,    21157
30475724,        2, 28738336,    64494,    58253,    22201
30477425,        3, 33155040,    64499,    58271,    22724
30478335,        4, 33342051,    64503,    58288,    23223
30479980,        0, 28707281,    66741,    57637,    21157
30488136,        1, 29066401,    66773,    57659,    21674
30492301,        2, 28744512,    66804,    57681,    22201
30494618,        3, 32159437,    66836,    57704,    22724
30498375,        4, 32366755,    66865,    57725,    23223
30499131,        0, 28712284,    69218,    58188,    21157
30499912,        1, 29074437,    69222,    58193,    21674
30500977,        2, 28765272,    69227,    58198,    22201
30501448,        3, 33180255,    69230,    58202,    22724
30506603,        4, 33369966,    69234,    58207,    23223
30507076,        0, 28718547,    68331,    58306,    21157
30512044,        1, 29063259,    68337,    58309,    21674
30513621,        2, 28762111,    68343,    58311,    22201
30517508,        3, 33174280,    68349,    58313,    22724
30522104,        4, 33375947,    68355,    58316,    23223
30522792,        0, 28719010,    69371,    58385,    21157
30522906,        1, 30014236,    69377,    58415,    21674
30533869,        2, 29677313,    69384,    58446,    22201
30539468,        3, 33182154,    69390,    58477,    22724
30539550,        4, 33366968,    69397,    58506,    23223
30541341,        0, 28726427,    70890,    58209,    21157
30553766,        1, 29090933,    70898,    58233,    21674
30554310,        2, 28780074,    70907,    58258,    22201
30554849,        3, 33198839,    70915,    58282,    22724
30554886,        4, 33382642,    70923,    58305,    23223
30554931,        2, 28773002,    70459,    57976,    22201
30563204,        0, 28730502,    70226,    57202,    21157
30563963,        1, 29075824,    70230,    57213,    21674
30570003,        2, 28776285,    70235,    57223,    22201
30571709,        3, 32178962,    70240,    57233,    22724
30578441,        4, 32380343,    70245,    57243,    23223
30583475,        3, 33196133,    71222,    58123,    22724
30585203,        0, 28736649,    70153,    57928,    21157
30586998,        1, 29080501,    70155,    57953,    21674
30588214,        2, 28773143,    70158,    57979,    22201
30592586,        3, 33189445,    70160,    58004,    22724
30600548,        4, 32378520,    70163,    58028,    23223
30605371,        0, 28741312,    72285,    57990,    21157
30605384,        1, 29086999,    72291,    57993,    21674
31408847,        2, 28786397,    72297,    57995,    22201
31409886,        3, 33197035,    72303,    57998,    22724
31413236,        4, 32407868,    72309,    58001,    23223
31423051,        0, 28750778,    73203,    57916,    21157
31425299,        1, 29109494,    73212,    57951,    21674
31431638,        3, 33220545,    73232,    58022,    22724
31432171,        4, 32410307,    73241,    58055,    23223
31437604,        0, 29551484,    58964,    59930,    21157
31443666,        1, 29937110,    58972,    59968,    21674
31444723,        2, 29613434,    58981,    60007,    22201
31449909,        3, 34136837,    58989,    60045,    22724
31451381,        4, 34303271,    58997,    60081,    23223
31454105,        0, 29551913,    58609,    60050,    21157
31459025,        1, 29945254,    58638,    60078,    21674
31459491,        2, 29604165,    58668,    60105,    22201
31461623,        3, 34137991,    58698,    60133,    22724
31463626,        4, 34303241,    58726,    60159,    23223
31463650,        0, 29555421,    59265,    59112,    21157
31464859,        1, 29940022,    59268,    59114,    21674
31465766,        2, 29614586,    59271,    59115,    22201
31468864,        3, 33099174,    59274,    59117,    22724
31468997,        4, 33292538,    59277,    59119,    23223
31469057,        0, 29557024,    58824,    59635,    21157
31470589,        1, 29943376,    58860,    59647,    21674
31473746,        2, 29601863,    58896,    59660,    22201
31475149,        3, 33101923,    58932,    59672,    22724
31479030,        4, 33286626,    58966,    59684,    23223
31484241,        0, 29559918,    57866,    59872,    21157
31488465,        1, 29922322,    57873,    59880,    21674
31492294,        2, 29609810,    57880,    59887,    22201
31492416,        3, 34120125,    57887,    59896,    22724
31493248,        4, 33283361,    57894,    59903,    23223
31497237,        0, 29561006,    59684,    60307,    21157
31498722,        1, 29939466,    59697,    60338,    21674
31499837,        2, 30547069,    59711,    60368,    22201
31506672,        3, 34140846,    59724,    60399,    22724
31506760,        4, 34305300,    59736,    60427,    23223
31522370,        0, 29561850,    58437,    58728,    21157
31524792,        1, 29932816,    58444,    58758,    21674
31526501,        2, 29604926,    58452,    58791,    22201
31527843,        3, 33090846,    58460,    58823,    22724
31529745,        4, 33302828,    58468,    58854,    23223
31531474,        0, 29562591,    59786,    58667,    21157
31532106,        1, 29938290,    59841,    58674,    21674
32319569,        2, 29629935,    59894,    58683,    22201
32320455,        3, 33107056,    59948,    58693,    22724
32321625,        4, 33301655,    59999,    58701,    23223
32334065,        0, 29562990,    59573,    60333,    21157
32337858,        1, 29939072,    59600,    60364,    21674
32339891,        2, 30547063,    59626,    60396,    22201
32342385,        3, 34134599,    59653,    60427,    22724
32344584,        4, 34305485,    59678,    60457,    23223
32345644,        0, 29564947,    58167,    59243,    21157
32347129,        1, 29934564,    58178,    59257,    21674
32349403,        2, 29607732,    58189,    59270,    22201
32351827,        3, 33092787,    58199,    59284,    22724
32352631,        4, 33278821,    58210,    59298,    23223
32353453,        0, 29572438,    60028,    59594,    21157
32354757,        1, 29944160,    60047,    59599,    21674
32355494,        3, 33112297,    60087,    59608,    22724
32359865,        4, 33297224,    60105,    59613,    23223
32362697,        0, 29573116,    61211,    59571,    21157
32365971,        1, 29958924,    61212,    59576,    21674
32373752,        2, 29624441,    61212,    59581,    22201
32373858,        3, 33119163,    61213,    59586,    22724
32376996,        4, 33313688,    61213,    59591,    23223
32377257,        0, 29573347,    61132,    59740,    21157
32377505,        1, 29952132,    61163,    59795,    21674
32379957,        2, 29625978,    61194,    59852,    22201
32384325,        3, 34154159,    61225,    59909,    22724
32388247,        4, 33316356,    61254,    59962,    23223
32388283,        0, 29574315,    59926,    60026,    21157
32391043,        1, 29946002,    59930,    60042,    21674
32391225,        2, 29615845,    59935,    60058,    22201
32396215,        4, 34308821,    59945,    60091,    23223
32397511,        0, 29575307,    61259,    60225,    21157
32401349,        1, 29955539,    61300,    60227,    21674
32406755,        2, 29628109,    61342,    60230,    22201
32407024,        3, 34155288,    61382,    60233,    22724
32407104,        4, 34323030,    61422,    60235,    23223
32407991,        0, 29576798,    61576,    58714,    21157
32409839,        1, 29963147,    61629,    58741,    21674
32412029,        2, 29618711,    61682,    58770,    22201
32413554,        3, 33124542,    61736,    58798,    22724
32413774,        4, 33317705,    61787,    58825,    23223
32420028,        0, 29578712,    61743,    59381,    21157
32422569,        1, 29960163,    61757,    59427,    21674
32425268,        2, 29623410,    61771,    59474,    22201
32425360,        3, 33128815,    61785,    59521,    22724
32428199,        4, 33314000,    61799,    59566,    23223
32428608,        0, 29580909,    62176,    59989,    21157
32430108,        1, 29961995,    62212,    60030,    21674
32430905,        2, 29633538,    62250,    60073,    22201
32431006,        3, 34155069,    62286,    60115,    22724
32432172,        4, 34336627,    62321,    60154,    23223
32433853,        0, 29581625,    63565,    60000,    21157
32435312,        1, 29977503,    63566,    60001,    21674
32435315,        2, 29631126,    63566,    60003,    22201
32437129,        3, 34173531,    63567,    60003,    22724
32438996,        4, 33323372,    63567,    60005,    23223
32440311,        0, 29581829,    63825,    60090,    21157
32441068,        1, 29977353,    63868,    60098,    21674
32442052,        2, 29651483,    63912,    60106,    22201
32446604,        3, 34172212,    63957,    60114,    22724
32446827,        4, 34336977,    63998,    60121,    23223
32447008,        0, 29582720,    62078,    58612,    21157
33235256,        1, 29963422,    62112,    58617,    21674
33239181,        2, 29632103,    62147,    58622,    22201
33244972,        3, 33124206,    62181,    58628,    22724
33249454,        4, 33306514,    62214,    58633,    23223
33250178,        0, 29584210,    62561,    60337,    21157
33250396,        1, 29956048,    62563,    60346,    21674
33256585,        3, 34168543,    62565,    60365,    22724
33257842,        4, 34337478,    62566,    60374,    23223
33259573,        0, 29584411,    62308,    60231,    21157
33263307,        1, 29956060,    62320,    60266,    21674
33264131,        2, 29642582,    62332,    60303,    22201
33264820,        3, 34152524,    62345,    60339,    22724
33266975,        4, 34337488,    62356,    60372,    23223
33267009,        0, 29585432,    62155,    59245,    21157
33267238,        1, 29964951,    62158,    59281,    21674
33269540,        2, 29636777,    62161,    59316,    22201
33269738,        3, 33116860,    62164,    59352,    22724
33271238,        4, 33311473,    62167,    59385,    23223
33271336,        0, 29587899,    61976,    59636,    21157
33272588,        2, 29630135,    61979,    59640,    22201
33272888,        3, 33128463,    61981,    59643,    22724
33273679,        4, 33304682,    61982,    59645,    23223
33290825,        0, 29587937,    61971,    59507,    21157
33291684,        1, 29960597,    62001,    59537,    21674
33293354,        2, 29636714,    62033,    59569,    22201
33294122,        3, 33128689,    62064,    59600,    22724
33294333,        4, 33304675,    62094,    59629,    23223
33295176,        0, 29591174,    62777,    59925,    21157
33300491,        1, 29967237,    62801,    59953,    21674
33300753,        2, 29640211,    62826,    59983,    22201
33305303,        3, 34171857,    62850,    60013,    22724
33310165,        4, 33332680,    62871,    60042,    23223
33312031,        0, 29598413,    65201,    59038,    21157
33318905,        1, 29995251,    65207,    59050,    21674
33320485,        2, 29647275,    65213,    59063,    22201
33320501,        3, 33158305,    65220,    59076,    22724
33321545,        4, 33343642,    65226,    59087,    23223
33321884,        0, 29602911,    65681,    59486,    21157
33322207,        1, 29986063,    65710,    59496,    21674
33324814,        2, 29649690,    65739,    59505,    22201
33324834,        3, 33146569,    65769,    59515,    22724
33325339,        4, 33335212,    65796,    59524,    23223
33325471,        0, 29603734,    64923,    58640,    21157
33328684,        1, 29993354,    64973,    58645,    21674
33339876,        2, 29646003,    65025,    58650,    22201
33341949,        3, 33161970,    65076,    58655,    22724
33343311,        4, 33346858,    65125,    58660,    23223
33347836,        0, 29604524,    64843,    59821,    21157
33351800,        1, 29992255,    64882,    59825,    21674
33355441,        3, 34192984,    64962,    59833,    22724
33357903,        4, 33345395,    65000,    59836,    23223
33360041,        0, 29605734,    64985,    60079,    21157
34140910,        1, 29991943,    64992,    60116,    21674
34156138,        2, 29646729,    65000,    60152,    22201
34157410,        3, 34189456,    65008,    60189,    22724
34159265,        4, 34358635,    65015,    60224,    23223
34160055,        0, 29608270,    64528,    60439,    21157
34161409,        1, 30929869,    64551,    60449,    21674
34161528,        2, 30591051,    64575,    60461,    22201
34162099,        3, 34188661,    64599,    60473,    22724
34172723,        4, 34355043,    64621,    60484,    23223
34174195,        0, 29612492,    67310,    60403,    21157
34179509,        1, 30959307,    67311,    60419,    21674
34184242,        2, 30605584,    67313,    60435,    22201
34186193,        3, 34202386,    67314,    60450,    22724
34187964,        4, 34370076,    67316,    60465,    23223
34188157,        0, 29617665,    65916,    59094,    21157
34194227,        1, 29985220,    65932,    59139,    21674
34194627,        2, 29671003,    65949,    59186,    22201
34195326,        4, 33339931,    65980,    59275,    23223
34196198,        0, 29624146,    66351,    59082,    21157
34199138,        1, 29984637,    66404,    59095,    21674
34199833,        2, 29671104,    66457,    59108,    22201
34203114,        3, 33170226,    66509,    59121,    22724
34203229,        4, 33356861,    66558,    59133,    23223
34205374,        0, 29625414,    68969,    60137,    21157
34205844,        1, 30010040,    68988,    60192,    21674
34214676,        3, 34220392,    69026,    60301,    22724
34214789,        4, 34384925,    69045,    60353,    23223
34215719,        0, 29626619,    68585,    58568,    21157
34222284,        1, 30006331,    68595,    58580,    21674
34225769,        2, 29673591,    68606,    58590,    22201
34226542,        3, 33193040,    68616,    58600,    22724
34226866,        4, 33375830,    68627,    58609,    23223
34226874,        0, 29627543,    68547,    60232,    21157
34227024,        2, 29674460,    68587,    60286,    22201
34229329,        3, 34220754,    68608,    60313,    22724
34229981,        4, 34386266,    68627,    60339,    23223
34233844,        0, 29630193,    68474,    58579,    21157
34235484,        1, 30006196,    68506,    58586,    21674
34235966,        2, 29673504,    68538,    58592,    22201
34240581,        3, 33193102,    68570,    58599,    22724
34240894,        4, 33375885,    68602,    58605,    23223
34245509,        0, 29631660,    69733,    59852,    21157
34245840,        1, 30009765,    69754,    59868,    21674
34257959,        2, 29679987,    69777,    59885,    22201
34258467,        3, 34225212,    69798,    59903,    22724
34259160,        4, 33377789,    69820,    59919,    23223
34259238,        0, 29637575,    68383,    59425,    21157
34260101,        1, 30002879,    68399,    59428,    21674
35046892,        2, 29676435,    68416,    59431,    22201
35064189,        3, 33172744,    68432,    59434,    22724
35065881,        4, 33371778,    68448,    59437,    23223
35068157,        0, 29638676,    70332,    60248,    21157
35069080,        1, 30021252,    70337,    60261,    21674
35070866,        2, 29688671,    70343,    60273,    22201
35071377,        3, 34221382,    70348,    60286,    22724
35073674,        4, 34401449,    70352,    60298,    23223
35076300,        0, 29641974,    70201,    59123,    21157
35079033,        1, 30022577,    70218,    59132,    21674
35081597,        2, 29690181,    70236,    59141,    22201
35091196,        3, 33187987,    70253,    59151,    22724
35093750,        4, 33394869,    70269,    59160,    23223
35095119,        0, 29642491,    70754,    59305,    21157
35095952,        1, 30029056,    70758,    59328,    21674
35101957,        2, 29697274,    70762,    59353,    22201
35103246,        3, 33194079,    70766,    59377,    22724
35103765,        4, 33387686,    70769,    59400,    23223
35105265,        0, 29643021,    70915,    58552,    21157
35106038,        1, 30025790,    70917,    58565,    21674
35116703,        2, 29695051,    70919,    58578,    22201
35116874,        3, 33198967,    70921,    58591,    22724
35119094,        4, 33382280,    70924,    58603,    23223
35120269,        0, 29643547,    70503,    59496,    21157
35121385,        1, 30017141,    70514,    59510,    21674
35129239,        2, 29691456,    70526,    59524,    22201
35133678,        3, 33197445,    70537,    59538,    22724
35134837,        4, 33380882,    70548,    59550,    23223
35135018,        0, 29644116,    70242,    58520,    21157
35135065,        1, 30020241,    70276,    58556,    21674
35136191,        2, 29687181,    70311,    58593,    22201
35136944,        3, 33191778,    70345,    58630,    22724
35137804,        4, 33385469,    70377,    58665,    23223
35138826,        0, 29646718,    70088,    60282,    21157
35142232,        1, 30021384,    70101,    60288,    21674
35143608,        2, 29688566,    70115,    60295,    22201
35148472,        3, 34221912,    70128,    60301,    22724
35152767,        4, 34386927,    70141,    60308,    23223
35153253,        0, 29655012,    72350,    58624,    21157
35158918,        1, 30027179,    72396,    58661,    21674
35160764,        2, 29709837,    72442,    58699,    22201
35162647,        3, 33200172,    72488,    58736,    22724
35166520,        4, 33400266,    72532,    58771,    23223
35167707,        0, 29656207,    72372,    60343,    21157
35167736,        1, 30028168,    72405,    60353,    21674
35172198,        2, 29710509,    72437,    60364,    22201
35173095,        3, 34236241,    72470,    60374,    22724
35173143,        4, 34417678,    72501,    60385,    23223
35175151,        0, 30475724,    56731,    61143,    21157
35966411,        1, 30886622,    56733,    61164,    21674
35967520,        2, 30525372,    56734,    61185,    22201
35967704,        3, 34129674,    56735,    61206,    22724
35982465,        4, 34300447,    56736,    61226,    23223
35983621,        0, 30477425,    57598,    62518,    21157
35984376,        1, 31843665,    57614,    62532,    21674
35990992,        3, 35173839,    57647,    62562,    22724
35993685,        4, 35304533,    57662,    62576,    23223
35995366,        0, 30478335,    57245,    61542,    21157
35998566,        1, 30890491,    57252,    61561,    21674
36002226,        2, 30533060,    57260,    61581,    22201
36002302,        3, 34126060,    57266,    61600,    22724
36013391,        4, 34295696,    57273,    61618,    23223
36013536,        0, 30479980,    57173,    61988,    21157
36013579,        1, 30892598,    57178,    61989,    21674
36026152,        2, 30534441,    57183,    61991,    22201
36027203,        3, 35172243,    57188,    61993,    22724
36027424,        4, 34293524,    57193,    61994,    23223
36027480,        0, 30488136,    59020,    60731,    21157
36028597,        1, 30899318,    59031,    60770,    21674
36030349,        2, 30543749,    59043,    60810,    22201
36048162,        3, 34144221,    59054,    60851,    22724
36050179,        4, 34301455,    59065,    60888,    23223
36052667,        0, 30492301,    59816,    61452,    21157
36054681,        1, 30905480,    59841,    61458,    21674
36057341,        2, 30569861,    59867,    61463,    22201
36061185,        3, 34147401,    59892,    61468,    22724
36068548,        4, 34313841,    59916,    61472,    23223
36068927,        0, 30494618,    59253,    61728,    21157
36069814,        2, 30553272,    59253,    61736,    22201
36070612,        3, 35186245,    59254,    61740,    22724
36070706,        4, 34312305,    59255,    61743,    23223
36071647,        0, 30498375,    58300,    62476,    21157
36074833,        2, 31485534,    58299,    62529,    22201
36075147,        3, 35176106,    58299,    62556,    22724
36077784,        4, 35331743,    58299,    62582,    23223
36078982,        0, 30499131,    59641,    61931,    21157
36081295,        1, 30906881,    59650,    61961,    21674
36084009,        2, 30551827,    59659,    61990,    22201
36084274,        3, 35188475,    59668,    62020,    22724
36085453,        4, 34315305,    59677,    62049,    23223
36087358,        1, 30893854,    58237,    61921,    21674
32884713,        2, 30550136,    58237,    61923,    22201
34676420,        3, 35179858,    58237,    61925,    22724
35648198,        4, 34314959,    58237,    61927,    23223
35714664,        0, 30500977,    60373,    61321,    21157
35723229,        1, 30902938,    60385,    61344,    21674
31453591,        2, 30563415,    60398,    61368,    22201
30587298,        3, 34147037,    60411,    61391,    22724
34243280,        4, 34327354,    60423,    61413,    23223
35097047,        0, 30501448,    60170,    61212,    21157
28640696,        1, 30903008,    60198,    61256,    21674
28712430,        2, 30555933,    60227,    61301,    22201
29589379,        3, 34147295,    60256,    61345,    22724
30542457,        4, 34334233,    60284,    61387,    23223
29627496,        0, 30506603,    61575,    61535,    21157
30978046,        1, 30926242,    61592,    61550,    21674
30597748,        2, 30564722,    61610,    61565,    22201
31520056,        3, 34164256,    61627,    61580,    22724
32397700,        4, 34330900,    61643,    61594,    23223
34221346,        0, 30507076,    61310,    61360,    21157
34245983,        1, 30921479,    61353,    61389,    21674
35077645,        2, 30568972,    61397,    61418,    22201
35091185,        3, 34164669,    61439,    61447,    22724
35099113,        4, 34333032,    61480,    61476,    23223
35968185,        0, 30512044,    61414,    62200,    21157
30506921,        1, 30919976,    61416,    62208,    21674
31460076,        2, 30567909,    61418,    62215,    22201
35085510,        3, 35215233,    61420,    62223,    22724
35131718,        4, 35343248,    61422,    62230,    23223
31496141,        0, 30513621,    61834,    62452,    21157
31932618,        1, 31881912,    61837,    62457,    21674
32413097,        2, 31511839,    61839,    62462,    22201
35162799,        3, 35210759,    61842,    62466,    22724
29652836,        4, 35345393,    61844,    62471,    23223
31454391,        0, 30517508,    63678,    61416,    21157
32356827,        1, 30941466,    63692,    61459,    21674
32398404,        2, 30579280,    63707,    61502,    22201
29555513,        3, 34181650,    63722,    61546,    22724
30508770,        4, 34346767,    63735,    61586,    23223
31456122,        0, 30522104,    62760,    61162,    21157
32357600,        1, 30927731,    62772,    61171,    21674
34223586,        2, 30575790,    62783,    61181,    22201
28678019,        3, 34179896,    62795,    61192,    22724
31524539,        4, 34349281,    62805,    61201,    23223
35965955,        0, 30522792,    63496,    60544,    21157
29576976,        1, 30931836,    63503,    60553,    21674
29628541,        2, 30573365,    63510,    60561,    22201
30912177,        3, 34175212,    63517,    60570,    22724
35081267,        4, 34339222,    63524,    60578,    23223
35981373,        0, 30522906,    63310,    60638,    21157
29598864,        1, 30931872,    63311,    60648,    21674
33360188,        2, 30573166,    63312,    60659,    22201
36040256,        3, 34175571,    63314,    60670,    22724
36071796,        0, 30533869,    64328,    60718,    21157
28683501,        2, 30588000,    64326,    60752,    22201
29564201,        4, 34354204,    64325,    60786,    23223
30525891,        0, 30539468,    64281,    61879,    21157
32322547,        1, 30938173,    64285,    61883,    21674
32339743,        2, 30596565,    64289,    61886,    22201
32355343,        3, 35219377,    64294,    61889,    22724
32427215,        4, 34363643,    64298,    61892,    23223
34188076,        0, 30539550,    64183,    61841,    21157
35115429,        1, 30938724,    64209,    61891,    21674
29591428,        2, 30596794,    64235,    61942,    22201
29647556,        3, 35219625,    64261,    61994,    22724
29664690,        4, 34363011,    64286,    62042,    23223
31457847,        0, 30541341,    63989,    62162,    21157
30545208,        1, 30939444,    63994,    62167,    21674
31479505,        2, 30595336,    63997,    62174,    22201
30573978,        3, 35222978,    64000,    62181,    22724
32372643,        4, 35349402,    64004,    62187,    23223
34186838,        0, 30553766,    67024,    62477,    21157
34225608,        1, 31923273,    67068,    62502,    21674
34243603,        2, 31540553,    67113,    62527,    22201
34201927,        3, 35255768,    67158,    62551,    22724
34250839,        4, 35381156,    67201,    62575,    23223
29580130,        0, 30554310,    67348,    61799,    21157
29657306,        1, 30966125,    67364,    61803,    21674
30589803,        2, 30610588,    67380,    61808,    22201
31457631,        3, 35251058,    67395,    61813,    22724
32344721,        4, 34377511,    67410,    61818,    23223
33236897,        0, 30554849,    66910,    61785,    21157
33325518,        1, 30968063,    66953,    61793,    21674
33330170,        2, 30607584,    66996,    61802,    22201
35072392,        3, 35259741,    67041,    61811,    22724
33240075,        4, 34377907,    67082,    61820,    23223
33357292,        0, 30554886,    67574,    61501,    21157
32423850,        1, 30965855,    67585,    61541,    21674
33739244,        2, 30611748,    67596,    61583,    22201
35987249,        3, 34210068,    67608,    61625,    22724
28629995,        4, 34377882,    67618,    61664,    23223
29556358,        0, 30554931,    67573,    61486,    21157
32352560,        1, 30966276,    67610,    61542,    21674
28678200,        2, 30612118,    67647,    61597,    22201
28735816,        3, 34210101,    67685,    61654,    22724
29577799,        4, 34377361,    67721,    61707,    23223
30471416,        0, 30563204,    68888,    60632,    21157
30592365,        1, 30974357,    68945,    60647,    21674
31487679,        2, 30616152,    69004,    60662,    22201
32352528,        3, 34218496,    69062,    60677,    22724
32412912,        4, 34385761,    69116,    60690,    23223
32414633,        0, 30563963,    68977,    60908,    21157
33281147,        1, 30975290,    68999,    60913,    21674
34191209,        2, 30617170,    69022,    60918,    22201
36002341,        3, 34227300,    69044,    60924,    22724
31509211,        4, 34383813,    69066,    60929,    23223
33332617,        0, 30570003,    69064,    61859,    21157
35164580,        1, 30982141,    69077,    61874,    21674
29555472,        2, 30624679,    69088,    61889,    22201
30542857,        3, 35266626,    69101,    61905,    22724
32432428,        4, 34393750,    69112,    61920,    23223
32443269,        0, 30571709,    68633,    62121,    21157
33360170,        1, 30982901,    68659,    62135,    21674
34170432,        2, 30622916,    68684,    62149,    22201
34138450,        3, 35281114,    68710,    62162,    22724
28731379,        4, 35393206,    68734,    62176,    23223
28751596,        0, 30578441,    70772,    60913,    21157
29592525,        1, 30987461,    70794,    60919,    21674
28712412,        2, 30632809,    70817,    60926,    22201
32445707,        3, 34243967,    70839,    60933,    22724
33248554,        4, 34399865,    70861,    60939,    23223
33323487,        0, 30583475,    71124,    60594,    21157
33298654,        1, 30990290,    71182,    60630,    21674
34245542,        2, 30633129,    71240,    60666,    22201
35097495,        3, 34241026,    71298,    60702,    22724
34221188,        4, 34404188,    71353,    60736,    23223
36006243,        0, 30585203,    70318,    61803,    21157
35087413,        1, 30985277,    70337,    61808,    21674
28746092,        2, 30636944,    70355,    61813,    22201
30881473,        3, 35277092,    70374,    61817,    22724
29568781,        4, 34410820,    70392,    61822,    23223
29582656,        0, 30586998,    69994,    61941,    21157
30490209,        1, 30983867,    70000,    61946,    21674
31438706,        2, 30638883,    70007,    61950,    22201
30538564,        3, 35277014,    70013,    61955,    22724
31534526,        4, 34395401,    70020,    61959,    23223
31528136,        0, 30588214,    71723,    62313,    21157
33234760,        1, 31000351,    71726,    62363,    21674
34171037,        2, 30636175,    71729,    62413,    22201
33316938,        4, 35419700,    71734,    62510,    23223
33354496,        0, 30592586,    72053,    61304,    21157
34172521,        1, 30993315,    72112,    61363,    21674
35094162,        2, 30651256,    72170,    61423,    22201
35111003,        3, 34246664,    72230,    61481,    22724
34210026,        4, 34424556,    72287,    61536,    23223
35054279,        0, 30600548,    71899,    61925,    21157
29572485,        1, 30998804,    71937,    61957,    21674
30492718,        2, 30653104,    71974,    61988,    22201
30489971,        3, 35292895,    72013,    62020,    22724
30526941,        4, 34408054,    72050,    62051,    23223
30583750,        0, 30605371,    73420,    61806,    21157
31484674,        1, 31015889,    73453,    61818,    21674
31497247,        2, 30652247,    73486,    61830,    22201
32322568,        0, 30605384,    73467,    61725,    21157
33266824,        1, 31015639,    73470,    61786,    21674
33266968,        2, 30652375,    73472,    61848,    22201
34141459,        4, 34427945,    73477,    61969,    23223
34141615,        0, 31408847,    57208,    62730,    21157
34233726,        1, 31855695,    57211,    62741,    21674
35062801,        2, 31471397,    57215,    62753,    22201
35077938,        3, 35168914,    57218,    62765,    22724
35084514,        4, 35305980,    57221,    62776,    23223
35085478,        0, 31409886,    57291,    64356,    21157
34179991,        1, 32779028,    57295,    64406,    21674
35117901,        2, 32384090,    57300,    64457,    22201
34209418,        3, 36188867,    57306,    64508,    22724
35167383,        4, 36279019,    57310,    64557,    23223
35991010,        0, 31413236,    57806,    63282,    21157
28713588,        1, 31847152,    57826,    63285,    21674
28640022,        2, 31487547,    57847,    63289,    22201
30487536,        3, 35170581,    57867,    63292,    22724
31407936,        4, 35310492,    57886,    63295,    23223
32384192,        0, 31423051,    58999,    63985,    21157
32362826,        1, 31859124,    59039,    64008,    21674
33265867,        2, 31493249,    59079,    64030,    22201
33336344,        3, 36203546,    59120,    64053,    22724
34163226,        4, 36297363,    59158,    64074,    23223
34209382,        0, 31425299,    58835,    64111,    21157
35100147,        1, 31869272,    58842,    64156,    21674
35129950,        2, 31483967,    58848,    64203,    22201
35142673,        3, 36202930,    58854,    64247,    22724
28712146,        4, 36297890,    58859,    64291,    23223
29579157,        0, 31431638,    59471,    64042,    21157
29656006,        1, 31859233,    59506,    64052,    21674
30509437,        2, 31493510,    59541,    64062,    22201
31459252,        3, 36203307,    59576,    64072,    22724
33322353,        4, 36299667,    59608,    64081,    23223
33285125,        0, 31432171,    58103,    62732,    21157
35083420,        1, 31854503,    58122,    62767,    21674
36017610,        3, 35178597,    58163,    62840,    22724
31506947,        4, 35308309,    58181,    62875,    23223
32333624,        0, 31437604,    60982,    63807,    21157
32380227,        1, 31871696,    61001,    63817,    21674
34173570,        2, 31508086,    61020,    63827,    22201
35170025,        4, 35344232,    61057,    63848,    23223
30914584,        0, 31443666,    61649,    63477,    21157
30527427,        1, 31880590,    61676,    63491,    21674
30956955,        2, 31497277,    61704,    63504,    22201
31861950,        3, 35214232,    61732,    63518,    22724
31440888,        4, 35342113,    61758,    63531,    23223
31449981,        0, 31444723,    60073,    64056,    21157
32339817,        1, 31868314,    60081,    64072,    21674
32813309,        2, 31499441,    60089,    64088,    22201
33816330,        3, 36214889,    60096,    64105,    22724
33736763,        4, 36300170,    60104,    64120,    23223
33776337,        0, 31449909,    61740,    62964,    21157
34223182,        1, 31884384,    61755,    63018,    21674
35660666,        2, 31503564,    61770,    63073,    22201
35128140,        4, 35340820,    61799,    63180,    23223
32424150,        0, 31451381,    62598,    63705,    21157
33318140,        1, 31872438,    62604,    63740,    21674
34191952,        2, 31520293,    62611,    63776,    22201
34717666,        4, 35350134,    62626,    63847,    23223
34255742,        0, 31454105,    62358,    64013,    21157
36057232,        1, 31875346,    62369,    64024,    21674
28704774,        2, 31521738,    62380,    64037,    22201
29567797,        3, 36221840,    62391,    64049,    22724
29648371,        4, 35355138,    62402,    64060,    23223
30489169,        0, 31459025,    63355,    63412,    21157
30571487,        1, 31893866,    63388,    63446,    21674
31435555,        3, 35229819,    63456,    63517,    22724
31467272,        4, 35359651,    63489,    63552,    23223
31491958,        0, 31459491,    63032,    63372,    21157
32351055,        1, 31891998,    63078,    63396,    21674
32418296,        3, 35229950,    63170,    63441,    22724
32356975,        4, 35357674,    63215,    63462,    23223
32390545,        0, 31461623,    62918,    62807,    21157
33331191,        1, 31890239,    62920,    62811,    21674
34200065,        2, 31523142,    62922,    62815,    22201
34238562,        3, 35227784,    62925,    62820,    22724
35189442,        4, 35355588,    62927,    62824,    23223
35079347,        0, 31463626,    63470,    62965,    21157
28714916,        1, 31898381,    63495,    62989,    21674
28669707,        2, 31515781,    63520,    63014,    22201
28654971,        3, 35227976,    63545,    63038,    22724
29641792,        4, 35355794,    63569,    63062,    23223
29647141,        0, 31463650,    63066,    62899,    21157
30543496,        1, 31890247,    63110,    62924,    21674
31523513,        2, 31516030,    63154,    62950,    22201
32401120,        3, 35227749,    63199,    62977,    22724
32418341,        4, 35356060,    63241,    63002,    23223
33264544,        0, 31464859,    64145,    63878,    21157
35153781,        1, 31889505,    64161,    63885,    21674
35146370,        2, 31537169,    64178,    63892,    22201
28673146,        4, 35350942,    64211,    63907,    23223
29539798,        0, 31465766,    65696,    63661,    21157
29641136,        1, 31899605,    65722,    63685,    21674
30558727,        2, 31530179,    65749,    63710,    22201
31531189,        3, 35238343,    65777,    63735,    22724
32326463,        4, 35364349,    65803,    63758,    23223
34152368,        0, 31468864,    65325,    64268,    21157
34164286,        1, 31909120,    65343,    64308,    21674
34158075,        2, 32439034,    65362,    64349,    22201
34210355,        3, 36263121,    65379,    64389,    22724
34138491,        4, 36341597,    65397,    64427,    23223
35082669,        0, 31468997,    65181,    64321,    21157
36057056,        1, 31909316,    65187,    64368,    21674
28630031,        2, 32439071,    65194,    64417,    22201
28750519,        3, 36263522,    65200,    64465,    22724
30512025,        4, 36341773,    65207,    64511,    23223
33253643,        0, 31469057,    65226,    64314,    21157
33272762,        1, 31909271,    65228,    64335,    21674
34174338,        2, 32439083,    65230,    64357,    22201
35069295,        3, 36263755,    65232,    64379,    22724
35122930,        4, 36349428,    65234,    64400,    23223
28704314,        0, 31470589,    65836,    62913,    21157
29602381,        1, 31902922,    65851,    62927,    21674
30591498,        2, 31551382,    65866,    62940,    22201
30602323,        3, 35232980,    65882,    62953,    22724
31431826,        0, 31473746,    64866,    63484,    21157
31440648,        1, 31910158,    64898,    63506,    21674
32415286,        2, 31524573,    64932,    63529,    22201
33289588,        3, 35247052,    64966,    63552,    22724
34142572,        4, 35375257,    64997,    63573,    23223
35045422,        0, 31475149,    64437,    63744,    21157
34183110,        1, 31886645,    64446,    63770,    21674
35967241,        2, 31536806,    64457,    63797,    22201
36063194,        3, 36257824,    64466,    63824,    22724
28625282,        4, 35374993,    64476,    63849,    23223
30502974,        0, 31479030,    67034,    63918,    21157
30511634,        1, 31925119,    67039,    63922,    21674
30521993,        2, 31541181,    67044,    63927,    22201
30585016,        3, 36270587,    67049,    63932,    22724
30605242,        4, 35379623,    67053,    63936,    23223
31428716,        0, 31484241,    67677,    63216,    21157
33236397,        1, 31918454,    67686,    63219,    21674
32422843,        2, 31545881,    67694,    63223,    22201
34175288,        3, 35249520,    67703,    63226,    22724
34169085,        4, 35384229,    67711,    63229,    23223
34242553,        0, 31488465,    66529,    64472,    21157
35087376,        1, 32837316,    66556,    64495,    21674
36056080,        2, 32454674,    66585,    64517,    22201
28646394,        3, 36280213,    66613,    64539,    22724
29567471,        4, 36368557,    66640,    64561,    23223
30545411,        0, 31492294,    66435,    62880,    21157
30546802,        1, 31903000,    66440,    62907,    21674
30590295,        2, 31542701,    66445,    62936,    22201
31504307,        3, 35258251,    66450,    62964,    22724
32320443,        4, 35383156,    66455,    62990,    23223
32365649,        0, 31492416,    66824,    63101,    21157
32383665,        1, 31919764,    66886,    63140,    21674
33255934,        2, 31544135,    66950,    63181,    22201
33742737,        4, 35378117,    67074,    63260,    23223
36028927,        0, 31493248,    68927,    63567,    21157
28736661,        1, 31927811,    68946,    63584,    21674
32381792,        2, 31552750,    68964,    63602,    22201
33279489,        3, 35267927,    68983,    63620,    22724
34206477,        4, 35394406,    69001,    63637,    23223
34232089,        0, 31497237,    68732,    62830,    21157
35103738,        1, 31941803,    68754,    62852,    21674
35137770,        2, 31556228,    68774,    62874,    22201
36057880,        4, 35397711,    68815,    62919,    23223
28674243,        0, 31498722,    69138,    63419,    21157
28735757,        1, 31932701,    69139,    63442,    21674
30558058,        2, 31562073,    69141,    63465,    22201
30592434,        3, 35268232,    69141,    63488,    22724
33273734,        4, 35391799,    69142,    63510,    23223
34204666,        0, 31499837,    67975,    63516,    21157
34246521,        1, 31914533,    68014,    63532,    21674
34249391,        2, 31561171,    68053,    63548,    22201
35073808,        3, 35260936,    68093,    63565,    22724
35092803,        0, 31506672,    68314,    63005,    21157
28654645,        1, 31925784,    68344,    63036,    21674
28670726,        2, 31556582,    68376,    63067,    22201
31427996,        3, 35259060,    68407,    63099,    22724
30538613,        4, 35398329,    68436,    63127,    23223
31491203,        0, 31506760,    68433,    62973,    21157
33294310,        1, 31926020,    68474,    63016,    21674
32390519,        2, 31557954,    68515,    63059,    22201
33354312,        3, 35274715,    68556,    63102,    22724
35978681,        4, 35397261,    68596,    63144,    23223
28627934,        0, 31522370,    72145,    63795,    21157
30480051,        1, 31951827,    72182,    63806,    21674
31478582,        2, 31581114,    72219,    63819,    22201
32368372,        3, 36305015,    72256,    63829,    22724
34206116,        4, 35426584,    72292,    63841,    23223
34222705,        0, 31524792,    72476,    64144,    21157
34223960,        1, 31946298,    72500,    64149,    21674
35074024,        2, 31592282,    72523,    64154,    22201
35146757,        3, 36315971,    72548,    64158,    22724
36033283,        4, 35431075,    72571,    64163,    23223
29583543,        0, 31526501,    72319,    62908,    21157
30490919,        1, 31948169,    72324,    62913,    21674
30531291,        2, 31592708,    72329,    62919,    22201
31467236,        3, 35283072,    72335,    62925,    22724
32353314,        4, 35430120,    72340,    62930,    23223
31437600,        0, 31527843,    72114,    63365,    21157
31440861,        1, 31950400,    72135,    63373,    21674
31516511,        2, 31586863,    72157,    63382,    22201
32329106,        3, 35286412,    72179,    63390,    22724
33275482,        4, 35409007,    72199,    63399,    23223
33786697,        0, 31529745,    73086,    63227,    21157
32383557,        1, 31964690,    73088,    63273,    21674
32391017,        2, 31588265,    73091,    63318,    22201
32409340,        3, 35308421,    73094,    63364,    22724
33273795,        4, 35433527,    73096,    63408,    23223
33315767,        0, 31531474,    73359,    63624,    21157
35109953,        1, 31965570,    73378,    63625,    21674
34223223,        2, 31581817,    73397,    63626,    22201
34253900,        4, 35433168,    73435,    63627,    23223
36017414,        0, 31532106,    73286,    62713,    21157
35112742,        1, 31968673,    73299,    62733,    21674
28625758,        2, 31586069,    73313,    62754,    22201
28746696,        3, 35304404,    73327,    62773,    22724
29585924,        4, 35436787,    73340,    62792,    23223
29592233,        0, 32319569,    57214,    65174,    21157
30556965,        1, 32787036,    57218,    65178,    21674
31474773,        2, 32380434,    57225,    65181,    22201
32336721,        3, 36185812,    57231,    65183,    22724
32375027,        4, 36281966,    57237,    65186,    23223
35062368,        0, 32320455,    57033,    65532,    21157
35116816,        1, 32786882,    57041,    65542,    21674
29570008,        2, 32382177,    57049,    65551,    22201
30502926,        3, 36185533,    57057,    65561,    22724
30599265,        4, 36277530,    57065,    65570,    23223
32348436,        1, 32775158,    57630,    64748,    21674
34168868,        2, 32389318,    57641,    64752,    22201
34733429,        3, 36188753,    57652,    64757,    22724
35074799,        4, 36280180,    57664,    64761,    23223
35101903,        0, 32334065,    58828,    66154,    21157
36079063,        1, 32797373,    58832,    66157,    21674
28652928,        2, 32392062,    58835,    66159,    22201
28708391,        3, 37233405,    58839,    66162,    22724
30501245,        4, 37287549,    58843,    66164,    23223
31426160,        0, 32337858,    58981,    64750,    21157
32335517,        1, 32799324,    58984,    64756,    21674
32358879,        2, 32404158,    58987,    64763,    22201
31518753,        3, 36204779,    58989,    64770,    22724
32447912,        4, 36296207,    58992,    64776,    23223
33344270,        0, 32339891,    58439,    64529,    21157
34181562,        1, 32779814,    58450,    64588,    21674
34240588,        2, 32393848,    58461,    64648,    22201
34159147,        3, 36217511,    58473,    64707,    22724
35092190,        4, 36308748,    58483,    64765,    23223
35124222,        0, 32342385,    59764,    65796,    21157
35122291,        1, 32793461,    59771,    65852,    21674
35125889,        2, 32391711,    59778,    65908,    22201
35982139,        3, 37243727,    59786,    65964,    22724
35103269,        4, 36303828,    59792,    66018,    23223
35127043,        0, 32344584,    58469,    65150,    21157
29008564,        1, 32786153,    58502,    65155,    21674
29585778,        2, 32395226,    58535,    65160,    22201
29628671,        3, 36209831,    58568,    65165,    22724
30567350,        4, 36296443,    58600,    65171,    23223
31465947,        0, 32345644,    59456,    65131,    21157
32445801,        1, 32791250,    59472,    65184,    21674
34161428,        2, 32405545,    59489,    65238,    22201
34152948,        3, 36201835,    59506,    65293,    22724
35072282,        4, 36301889,    59521,    65344,    23223
29620253,        0, 32347129,    57952,    65464,    21157
28689069,        1, 32776057,    57964,    65469,    21674
30478503,        2, 32399233,    57978,    65473,    22201
30520799,        3, 36196344,    57989,    65476,    22724
31490196,        4, 36285731,    58001,    65479,    23223
31517977,        0, 32349403,    60664,    65021,    21157
31529442,        1, 32816992,    60674,    65042,    21674
32354577,        2, 32419877,    60685,    65063,    22201
32372478,        3, 36225521,    60694,    65084,    22724
32373935,        4, 36313817,    60702,    65105,    23223
33331250,        0, 32351827,    60871,    64630,    21157
32407064,        1, 32808345,    60874,    64632,    21674
34139144,        2, 32418436,    60876,    64634,    22201
34247410,        3, 36222442,    60878,    64636,    22724
34161970,        0, 32352631,    60668,    65973,    21157
35120010,        1, 32816904,    60682,    66027,    21674
35141620,        2, 32417385,    60696,    66081,    22201
35056218,        3, 37250221,    60711,    66137,    22724
35068133,        4, 37304139,    60724,    66189,    23223
36045273,        0, 32353453,    60193,    64802,    21157
36601869,        1, 32800464,    60202,    64829,    21674
36056967,        2, 32409206,    60211,    64856,    22201
29597895,        3, 36210553,    60220,    64883,    22724
30479927,        4, 36324765,    60228,    64909,    23223
31430910,        1, 32798245,    59980,    66079,    21674
31407775,        4, 37297718,    59980,    66102,    23223
31517663,        0, 32355494,    61209,    65935,    21157
31488507,        1, 32803448,    61259,    65963,    21674
32427302,        2, 32417539,    61310,    65992,    22201
33293397,        3, 37260582,    61362,    66022,    22724
34140597,        4, 36321092,    61411,    66051,    23223
34188806,        0, 32359865,    61460,    65262,    21157
34214741,        1, 32816035,    61477,    65312,    21674
34222604,        2, 32411892,    61496,    65363,    22201
28751591,        3, 36229410,    61514,    65415,    22724
28624159,        4, 36319394,    61531,    65463,    23223
28626607,        0, 32362697,    62533,    66367,    21157
29563980,        1, 33749836,    62560,    66386,    21674
29573331,        2, 33360352,    62587,    66405,    22201
29609035,        3, 37268205,    62615,    66423,    22724
29651249,        4, 37320169,    62641,    66441,    23223
31424270,        0, 32365971,    62130,    65556,    21157
31471404,        1, 32811939,    62187,    65586,    21674
31524766,        2, 32427516,    62247,    65618,    22201
32371096,        3, 36219529,    62305,    65650,    22724
32432272,        4, 36325416,    62361,    65681,    23223
34187173,        0, 32373752,    62923,    65049,    21157
32372685,        1, 32819349,    62936,    65052,    21674
34239290,        2, 32432483,    62949,    65055,    22201
32435610,        3, 36244329,    62962,    65058,    22724
28712359,        4, 36338799,    62975,    65060,    23223
28719019,        0, 32373858,    63419,    64835,    21157
29583635,        1, 32829302,    63476,    64847,    21674
29613356,        2, 32424275,    63534,    64860,    22201
30548610,        3, 36248544,    63591,    64873,    22724
29641141,        4, 36330360,    63646,    64884,    23223
30605327,        0, 32376996,    65584,    66440,    21157
30477554,        1, 33776286,    65609,    66480,    21674
31469566,        2, 33367886,    65633,    66520,    22201
31933405,        3, 37277934,    65657,    66561,    22724
31499376,        4, 37336121,    65681,    66600,    23223
32344575,        0, 32377257,    65219,    66346,    21157
33312033,        1, 33787188,    65230,    66373,    21674
33337810,        2, 33363665,    65243,    66401,    22201
33335480,        3, 37287699,    65255,    66428,    22724
34157342,        0, 32377505,    65676,    66085,    21157
34212019,        1, 32843588,    65683,    66088,    21674
34222429,        2, 32441012,    65689,    66091,    22201
35080771,        3, 37280638,    65697,    66095,    22724
35125070,        4, 36340156,    65703,    66097,    23223
35087536,        0, 32379957,    63975,    65612,    21157
28691334,        1, 32826141,    63990,    65618,    21674
30486167,        2, 32444377,    64006,    65625,    22201
30572085,        3, 36234954,    64022,    65631,    22724
31479273,        4, 36326669,    64039,    65636,    23223
31499777,        0, 32384325,    65088,    64778,    21157
32382190,        1, 32844949,    65098,    64786,    21674
32376445,        2, 32436337,    65110,    64796,    22201
33311967,        3, 36264951,    65122,    64805,    22724
33308195,        4, 36353653,    65133,    64814,    23223
33327502,        0, 32388247,    64793,    65001,    21157
28751426,        1, 32844976,    64797,    65003,    21674
29557916,        3, 36259891,    64804,    65007,    22724
30481069,        4, 36355261,    64807,    65008,    23223
30502925,        1, 32820127,    64524,    64820,    21674
30532019,        2, 32447608,    64529,    64827,    22201
29612846,        3, 36257498,    64535,    64834,    22724
30525139,        4, 36355453,    64541,    64841,    23223
31473378,        0, 32391043,    67323,    66261,    21157
30585485,        1, 32847779,    67367,    66293,    21674
31518699,        2, 32460426,    67411,    66326,    22201
32342981,        4, 37351959,    67497,    66389,    23223
32376739,        0, 32391225,    67650,    66419,    21157
33316040,        1, 33791550,    67697,    66450,    21674
34168551,        2, 33388665,    67744,    66481,    22201
33279135,        3, 37299827,    67793,    66512,    22724
33354375,        4, 37355885,    67838,    66542,    23223
35074403,        0, 32396215,    67247,    65863,    21157
35080680,        1, 32854943,    67269,    65869,    21674
34225507,        2, 32450429,    67291,    65875,    22201
35070386,        3, 37297983,    67314,    65882,    22724
35071372,        4, 36356932,    67336,    65887,    23223
28629306,        0, 32397511,    67728,    66051,    21157
28750231,        1, 32848272,    67741,    66093,    21674
29566629,        2, 32460815,    67754,    66136,    22201
29623033,        3, 37298173,    67766,    66179,    22724
30592075,        4, 37361970,    67779,    66220,    23223
30500081,        0, 32401349,    66421,    65689,    21157
30523620,        1, 32837575,    66453,    65719,    21674
31532681,        2, 32458160,    66484,    65750,    22201
34184338,        3, 37309990,    66515,    65781,    22724
34164834,        4, 36366822,    66546,    65810,    23223
34212056,        2, 32465473,    68774,    66116,    22201
35047064,        3, 37314279,    68774,    66123,    22724
35070345,        4, 36372951,    68775,    66128,    23223
35072014,        0, 32407024,    68800,    66359,    21157
36019338,        1, 33802873,    68801,    66381,    21674
35130623,        2, 33393247,    68801,    66404,    22201
29605441,        3, 37317165,    68802,    66427,    22724
30498344,        0, 32407104,    68796,    66367,    21157
30509585,        1, 33802880,    68802,    66377,    21674
30521887,        2, 33393397,    68806,    66386,    22201
30543292,        3, 37315565,    68812,    66396,    22724
30543119,        4, 37367113,    68816,    66405,    23223
