Vector Track Size:     1111

28735539,        0, 28735539,    59396,    68635,    15768
28738298,        1, 29147112,    59399,    68654,    16284
28739368,        2, 28317896,    59403,    68675,    16817
28741111,        3, 29406342,    59407,    68696,    17345
28741347,        4, 29564371,    59410,    68717,    17875
28741592,        0, 28738298,    59501,    69946,    15768
28741680,        1, 29146228,    59512,    69985,    16284
24116883,        2, 28317020,    59524,    70025,    16817
24116920,        3, 29405209,    59536,    70065,    17345
24118130,        4, 29563062,    59548,    70105,    17875
24126626,        0, 28739368,    59395,    69025,    15768
24127536,        1, 29149428,    59402,    69062,    16284
24128635,        2, 28320573,    59409,    69101,    16817
24130254,        3, 29406843,    59416,    69140,    17345
24130689,        4, 29566980,    59424,    69178,    17875
24131535,        0, 28741111,    58196,    70413,    15768
24133200,        1, 29924873,    58223,    70453,    16284
24134559,        2, 28314430,    58251,    70495,    16817
24134925,        3, 29395381,    58279,    70537,    17345
24135584,        4, 30380419,    58308,    70579,    17875
24144319,        0, 28741347,    59868,    69051,    15768
24144949,        1, 29162516,    59908,    69056,    16284
24145653,        2, 28325837,    59950,    69060,    16817
24145926,        3, 29406538,    59991,    69065,    17345
24147672,        4, 29573915,    60033,    69070,    17875
24147796,        0, 28741592,    59725,    69223,    15768
24149912,        1, 29149210,    59732,    69246,    16284
24154686,        2, 28320470,    59738,    69270,    16817
24157879,        3, 29408752,    59745,    69294,    17345
24158480,        4, 29566552,    59752,    69318,    17875
24160424,        0, 28741680,    59515,    69359,    15768
24162714,        1, 29144777,    59525,    69416,    16284
24168852,        2, 28320835,    59535,    69476,    16817
24169013,        3, 29409166,    59544,    69534,    17345
24170961,        4, 29568732,    59555,    69593,    17875
24171248,        0, 24116883,    57508,    56864,    15768
24177286,        1, 24471381,    57513,    56871,    16284
24184027,        2, 23561617,    57519,    56878,    16817
24185292,        3, 24665442,    57525,    56886,    17345
24189719,        4, 24570997,    57531,    56893,    17875
24192067,        0, 24116920,    57321,    56833,    15768
24192478,        1, 24471529,    57360,    56862,    16284
24192708,        2, 23561655,    57400,    56890,    16817
24193276,        3, 24674994,    57440,    56919,    17345
24193714,        4, 24580871,    57481,    56947,    17875
24196598,        0, 24118130,    57413,    57163,    15768
24197641,        1, 24466944,    57420,    57188,    16284
24199692,        2, 23554633,    57428,    57212,    16817
24204731,        3, 24667482,    57435,    57236,    17345
24205531,        4, 24573435,    57442,    57260,    17875
24208160,        0, 24126626,    58659,    57829,    15768
24209585,        1, 24474843,    58672,    57838,    16284
24215764,        2, 23558099,    58683,    57846,    16817
24215948,        3, 24671150,    58697,    57856,    17345
24216385,        4, 24577256,    58710,    57865,    17875
24216601,        0, 24127536,    58555,    57820,    15768
24885918,        1, 24474963,    58555,    57823,    16284
24894065,        2, 23557896,    58556,    57825,    16817
24894443,        3, 24671124,    58556,    57828,    17345
24894690,        4, 24578106,    58557,    57830,    17875
24894819,        0, 24128635,    58585,    56795,    15768
24894898,        1, 24475821,    58598,    56795,    16284
24894935,        2, 23560904,    58612,    56796,    16817
24895269,        4, 24579762,    58639,    56798,    17875
24896876,        0, 24130254,    58776,    58425,    15768
24897135,        1, 25245032,    58777,    58434,    16284
24897833,        2, 23556498,    58779,    58443,    16817
24898930,        3, 24669579,    58780,    58452,    17345
24899077,        4, 24575778,    58781,    58461,    17875
24899932,        0, 24130689,    58384,    58402,    15768
24900499,        1, 24477434,    58386,    58433,    16284
24903637,        2, 23556714,    58389,    58465,    16817
24903654,        3, 24669679,    58392,    58496,    17345
24906966,        4, 24575798,    58394,    58528,    17875
24909591,        0, 24131535,    59384,    57436,    15768
24910421,        1, 24481572,    59422,    57460,    16284
24911209,        2, 23562298,    59462,    57484,    16817
24911238,        3, 24675664,    59501,    57507,    17345
24912532,        4, 24581344,    59540,    57531,    17875
24914144,        0, 24133200,    59205,    58604,    15768
24915313,        1, 25250194,    59233,    58640,    16284
24915966,        2, 24351832,    59263,    58677,    16817
24915986,        3, 25461485,    59292,    58714,    17345
24916656,        4, 25405148,    59320,    58752,    17875
24918636,        0, 24134559,    59443,    57767,    15768
24920632,        1, 24482373,    59469,    57775,    16284
24922272,        2, 23562182,    59496,    57783,    16817
24922998,        3, 24675619,    59524,    57791,    17345
24927953,        4, 24581449,    59551,    57799,    17875
24929596,        0, 24134925,    59759,    57713,    15768
24930252,        1, 24472961,    59788,    57734,    16284
24931590,        2, 23562116,    59817,    57754,    16817
24932958,        3, 24675350,    59846,    57776,    17345
24933923,        4, 24581424,    59876,    57797,    17875
24937105,        0, 24135584,    59486,    57933,    15768
24938928,        1, 24482616,    59489,    57943,    16284
24939251,        2, 23563451,    59492,    57953,    16817
24939742,        3, 24675331,    59496,    57963,    17345
24954040,        4, 24583021,    59499,    57973,    17875
24955378,        0, 24144319,    61715,    58561,    15768
24957160,        1, 25255560,    61749,    58567,    16284
24957212,        2, 23582039,    61783,    58574,    16817
24960612,        3, 24695433,    61817,    58580,    17345
24961255,        4, 24602295,    61852,    58586,    17875
24962170,        0, 24144949,    61200,    57314,    15768
24964845,        1, 24493562,    61203,    57325,    16284
24966646,        2, 23567196,    61207,    57336,    16817
24968414,        3, 24692228,    61210,    57348,    17345
24969548,        4, 24598891,    61214,    57358,    17875
24971804,        0, 24145653,    61013,    58430,    15768
24972161,        1, 25259538,    61065,    58457,    16284
25656206,        2, 23568136,    61119,    58484,    16817
25661731,        3, 24681624,    61174,    58512,    17345
25662437,        4, 24599881,    61227,    58539,    17875
25662692,        1, 24492818,    61486,    58361,    16284
25664203,        2, 23579681,    61486,    58364,    16817
25668822,        3, 24693244,    61488,    58367,    17345
25670428,        4, 24599982,    61489,    58371,    17875
25670699,        0, 24147672,    60835,    57881,    15768
25672212,        1, 24494728,    60836,    57884,    16284
25673633,        2, 23563065,    60839,    57888,    16817
25675834,        3, 24676559,    60840,    57891,    17345
25678097,        4, 24583730,    60843,    57894,    17875
25679028,        0, 24147796,    61319,    58090,    15768
25679202,        1, 24493111,    61364,    58110,    16284
25682638,        2, 23575978,    61411,    58130,    16817
25682655,        3, 24689589,    61459,    58151,    17345
25682892,        4, 24595965,    61506,    58172,    17875
25684151,        0, 24149912,    62416,    57721,    15768
25689798,        1, 24506584,    62422,    57745,    16284
25692443,        2, 23582689,    62430,    57771,    16817
25694840,        3, 24696266,    62437,    57797,    17345
25695183,        4, 24603389,    62445,    57823,    17875
25696313,        0, 24154686,    63392,    57401,    15768
25696504,        1, 24497822,    63393,    57411,    16284
25700440,        3, 24707422,    63397,    57430,    17345
25705002,        4, 24614336,    63399,    57441,    17875
25708317,        0, 24157879,    63151,    57794,    15768
25708456,        1, 24506506,    63158,    57798,    16284
25709130,        2, 23574994,    63165,    57802,    16817
25709682,        3, 24705660,    63172,    57807,    17345
25709753,        4, 24594923,    63178,    57811,    17875
25713867,        0, 24158480,    62747,    57649,    15768
25714908,        1, 24506462,    62751,    57663,    16284
25717428,        2, 23575138,    62754,    57679,    16817
25718637,        3, 24688973,    62756,    57694,    17345
25719362,        4, 24595283,    62757,    57710,    17875
25724321,        0, 24160424,    63079,    56909,    15768
25724654,        1, 24503897,    63081,    56911,    16284
25729343,        2, 23578043,    63084,    56914,    16817
25729541,        3, 24691579,    63086,    56916,    17345
25737520,        4, 24598235,    63089,    56919,    17875
25738179,        0, 24162714,    65386,    58238,    15768
25741789,        1, 24512844,    65394,    58258,    16284
25743077,        2, 23607654,    65402,    58278,    16817
25744018,        3, 24721045,    65410,    58298,    17345
25744900,        4, 24629154,    65418,    58318,    17875
25745201,        0, 24168852,    64380,    58579,    15768
25745967,        1, 25286326,    64431,    58587,    16284
25747072,        2, 23590169,    64484,    58596,    16817
25751131,        3, 24703522,    64535,    58603,    17345
25753923,        4, 24610805,    64590,    58611,    17875
25755526,        0, 24169013,    64541,    58299,    15768
25761848,        1, 24516596,    64563,    58301,    16284
25761921,        2, 23586839,    64586,    58303,    16817
26431141,        3, 24700955,    64609,    58304,    17345
26431560,        4, 24607919,    64632,    58306,    17875
26435255,        0, 24170961,    64494,    58103,    15768
26438158,        1, 24516801,    64498,    58110,    16284
26441097,        2, 23587492,    64503,    58116,    16817
26443090,        3, 24700619,    64507,    58123,    17345
26443091,        4, 24607818,    64512,    58129,    17875
26445708,        0, 24171248,    64440,    58036,    15768
26448945,        1, 24516691,    64444,    58053,    16284
26449208,        2, 23587069,    64449,    58072,    16817
26454555,        3, 24700939,    64453,    58089,    17345
26465624,        4, 24607765,    64458,    58107,    17875
26468653,        0, 24177286,    66411,    57410,    15768
26472188,        1, 24520950,    66442,    57432,    16284
26473772,        2, 23602066,    66475,    57454,    16817
26475811,        3, 24715776,    66505,    57476,    17345
26475821,        4, 24623457,    66536,    57498,    17875
26476710,        0, 24184027,    68462,    57762,    15768
26477706,        1, 24533512,    68468,    57781,    16284
26478194,        2, 23618098,    68474,    57800,    16817
26480280,        3, 24731420,    68481,    57819,    17345
26481314,        4, 24640729,    68487,    57838,    17875
26481798,        0, 24185292,    68590,    57922,    15768
26483285,        1, 24533629,    68593,    57926,    16284
26483360,        2, 23618145,    68596,    57932,    16817
26492177,        3, 24731280,    68599,    57937,    17345
26493538,        4, 24641513,    68603,    57944,    17875
26494945,        0, 24189719,    68144,    58510,    15768
26495503,        1, 25307670,    68174,    58518,    16284
26495931,        2, 23614270,    68205,    58526,    16817
26495938,        3, 24727742,    68236,    58533,    17345
26497032,        4, 24636436,    68268,    58541,    17875
26497576,        0, 24192067,    69178,    58150,    15768
26497621,        1, 24538659,    69182,    58155,    16284
26497676,        2, 23609816,    69187,    58159,    16817
26499638,        3, 24737084,    69191,    58163,    17345
26499771,        4, 24657240,    69196,    58167,    17875
26500346,        0, 24192478,    69886,    58140,    15768
26502814,        1, 24549754,    69919,    58175,    16284
26503579,        2, 23632075,    69954,    58212,    16817
26508305,        3, 24737227,    69988,    58249,    17345
26513585,        4, 24654970,    70022,    58286,    17875
26515375,        0, 24192708,    69299,    58073,    15768
26516764,        1, 24539030,    69306,    58101,    16284
26520182,        2, 23623682,    69314,    58131,    16817
26523687,        3, 24736972,    69322,    58160,    17345
26524536,        4, 24646727,    69329,    58191,    17875
26524716,        0, 24193276,    68271,    58290,    15768
26526932,        1, 24536399,    68277,    58292,    16284
26528845,        2, 23611646,    68283,    58294,    16817
26529066,        3, 24724752,    68289,    58296,    17345
26530908,        4, 24633115,    68295,    58299,    17875
26531559,        2, 23620439,    69142,    56853,    16817
26532567,        0, 24196598,    70309,    58088,    15768
27183173,        1, 24549794,    70343,    58093,    16284
27184363,        2, 23632078,    70377,    58098,    16817
27187096,        3, 24745122,    70411,    58104,    17345
27190214,        4, 24654779,    70445,    58109,    17875
27194174,        0, 24197641,    71868,    58244,    15768
27197138,        1, 24560933,    71914,    58279,    16284
27201117,        2, 23644064,    71960,    58316,    16817
27202502,        4, 24667868,    72052,    58389,    17875
27203384,        0, 24199692,    70201,    57086,    15768
27205786,        1, 24548855,    70203,    57099,    16284
27206428,        2, 23632971,    70206,    57113,    16817
27207136,        3, 24745938,    70209,    57126,    17345
27208741,        4, 24651763,    70212,    57140,    17875
27211537,        0, 24204731,    70807,    57957,    15768
27212268,        1, 24553599,    70816,    57982,    16284
27214169,        2, 23623303,    70824,    58007,    16817
27216225,        3, 24737864,    70832,    58031,    17345
27216844,        4, 24653848,    70841,    58057,    17875
27216886,        0, 24205531,    71021,    56987,    15768
27217234,        1, 24550879,    71053,    56998,    16284
27220219,        2, 23626172,    71084,    57010,    16817
27220457,        3, 24739591,    71116,    57021,    17345
27222582,        4, 24648921,    71148,    57032,    17875
27223409,        0, 24208160,    72228,    57978,    15768
27223738,        1, 24556860,    72234,    57979,    16284
27225010,        2, 23643039,    72240,    57981,    16817
27225918,        3, 24755257,    72246,    57982,    17345
27226814,        4, 24666682,    72252,    57984,    17875
27228109,        0, 24209585,    72190,    57020,    15768
27231674,        1, 24559929,    72252,    57033,    16284
27233278,        2, 23645320,    72316,    57047,    16817
27234427,        3, 24757326,    72380,    57060,    17345
27235136,        4, 24668895,    72443,    57074,    17875
27243896,        0, 24215764,    73130,    58161,    15768
27244013,        1, 24562941,    73178,    58186,    16284
27247501,        2, 23651435,    73228,    58212,    16817
27250470,        3, 24764137,    73276,    58239,    17345
27251970,        4, 24676069,    73325,    58265,    17875
27252061,        0, 24215948,    72763,    58010,    15768
27252256,        1, 24565177,    72765,    58019,    16284
27252867,        2, 23635404,    72767,    58029,    16817
27253170,        3, 24749343,    72768,    58038,    17345
27254256,        4, 24659973,    72770,    58048,    17875
27254838,        0, 24216385,    73222,    56828,    15768
27255728,        1, 24558913,    73224,    56831,    16284
27257992,        3, 24764335,    73229,    56838,    17345
27258311,        4, 24676445,    73232,    56843,    17875
27258865,        1, 24565859,    73111,    56743,    16284
27263158,        2, 22845658,    73118,    56744,    16817
27264029,        4, 23823161,    73132,    56746,    17875
27265121,        0, 24885918,    57788,    59801,    15768
27267187,        1, 25236901,    57795,    59808,    16284
27269277,        2, 24332179,    57803,    59814,    16817
27269569,        3, 25447728,    57811,    59821,    17345
27270440,        4, 25394970,    57819,    59828,    17875
27272442,        0, 24894065,    58891,    60317,    15768
27274637,        1, 25243686,    58904,    60356,    16284
27275994,        2, 24337742,    58917,    60396,    16817
27277235,        3, 25453587,    58930,    60436,    17345
27278247,        4, 25400923,    58942,    60476,    17875
27278428,        2, 24338861,    58533,    59458,    16817
27281125,        0, 24894690,    58442,    59515,    15768
27283095,        1, 25245458,    58477,    59527,    16284
27283941,        2, 24333606,    58513,    59539,    16817
27947642,        3, 25454832,    58549,    59550,    17345
27947735,        4, 25397008,    58586,    59563,    17875
27955943,        0, 24894819,    58887,    59232,    15768
27958004,        1, 25244389,    58899,    59274,    16284
27960952,        2, 24338734,    58912,    59316,    16817
27968679,        3, 25454789,    58924,    59359,    17345
27969372,        4, 25402100,    58937,    59402,    17875
27970236,        0, 24894898,    58852,    59283,    15768
27971554,        1, 25244096,    58855,    59286,    16284
27973390,        2, 24338602,    58858,    59289,    16817
27973554,        3, 25454591,    58861,    59291,    17345
27974245,        4, 25401835,    58864,    59295,    17875
27974484,        0, 24894935,    58873,    59536,    15768
27974588,        1, 25245639,    58882,    59572,    16284
27974596,        2, 24333900,    58891,    59610,    16817
27974694,        3, 25449799,    58899,    59648,    17345
27974871,        4, 25396973,    58908,    59686,    17875
27978344,        0, 24895269,    59157,    58616,    15768
27978461,        1, 25250656,    59215,    58620,    16284
27980171,        2, 24341913,    59276,    58623,    16817
27981159,        3, 24681191,    59336,    58626,    17345
27981416,        4, 25409061,    59396,    58629,    17875
27982524,        0, 24896876,    58299,    59766,    15768
27983060,        1, 25241725,    58327,    59793,    16284
27984491,        2, 24333752,    58356,    59821,    16817
27986588,        3, 25449980,    58385,    59848,    17345
27988648,        0, 24897135,    59829,    59551,    15768
27990119,        1, 25264410,    59847,    59557,    16284
27995418,        2, 24345914,    59865,    59563,    16817
27996336,        3, 25459903,    59883,    59568,    17345
27998468,        4, 25409717,    59901,    59574,    17875
27999492,        0, 24897833,    59258,    59886,    15768
28000200,        1, 25248841,    59277,    59890,    16284
28001511,        2, 24340238,    59298,    59892,    16817
28005370,        3, 25461890,    59319,    59895,    17345
28007574,        4, 25403599,    59339,    59898,    17875
28012946,        0, 24898930,    59544,    59990,    15768
28013094,        1, 25249023,    59557,    60020,    16284
28013733,        2, 24340352,    59570,    60051,    16817
28019558,        3, 25456152,    59583,    60082,    17345
28021472,        4, 25403204,    59596,    60112,    17875
28022368,        0, 24899077,    59608,    60179,    15768
28022374,        1, 25248549,    59624,    60213,    16284
28023066,        2, 24340493,    59642,    60248,    16817
28025169,        3, 25456144,    59659,    60281,    17345
28026234,        0, 24899932,    58053,    59104,    15768
28026728,        1, 25253102,    58063,    59118,    16284
28027673,        2, 24330852,    58074,    59131,    16817
28028355,        3, 25444820,    58084,    59145,    17345
28031733,        4, 25393835,    58095,    59159,    17875
28031775,        3, 25457749,    59547,    58963,    17345
28032915,        0, 24903637,    60325,    60234,    15768
28036297,        1, 25256197,    60349,    60237,    16284
28036614,        2, 24348528,    60375,    60241,    16817
28037699,        3, 25464214,    60400,    60245,    17345
28039372,        4, 25412349,    60425,    60249,    17875
28043162,        0, 24903654,    60207,    60168,    15768
28047102,        1, 25256088,    60226,    60170,    16284
28047531,        2, 24348491,    60247,    60172,    16817
28051613,        3, 25464307,    60268,    60174,    17345
28720060,        4, 25412060,    60289,    60176,    17875
28725404,        0, 24906966,    61925,    60386,    15768
28725500,        1, 25267724,    61926,    60401,    16284
28726659,        2, 24362889,    61929,    60417,    16817
28728064,        3, 25476498,    61931,    60431,    17345
28729595,        4, 25427563,    61933,    60446,    17875
28733974,        0, 24909591,    61789,    59555,    15768
28733986,        1, 25270612,    61825,    59595,    16284
28749902,        2, 24360126,    61861,    59637,    16817
28751050,        3, 25475468,    61898,    59679,    17345
28756757,        4, 25424193,    61935,    59721,    17875
28757266,        1, 25259983,    61207,    59533,    16284
28757488,        2, 24356540,    61207,    59538,    16817
28758108,        4, 25420586,    61208,    59547,    17875
28758204,        0, 24911209,    61656,    60308,    15768
28758206,        1, 25256577,    61670,    60317,    16284
28758232,        2, 24362969,    61685,    60327,    16817
28758244,        3, 25468187,    61699,    60337,    17345
28759814,        4, 25425262,    61713,    60346,    17875
28761197,        0, 24911238,    60814,    60207,    15768
28767458,        1, 25262709,    60856,    60209,    16284
28769676,        2, 24341013,    60899,    60211,    16817
28771177,        3, 25456994,    60943,    60214,    17345
28773427,        4, 25404379,    60985,    60216,    17875
28779360,        0, 24912532,    60802,    59155,    15768
28784895,        1, 25263911,    60832,    59209,    16284
28786479,        2, 24345341,    60864,    59265,    16817
28787150,        3, 25461103,    60896,    59321,    17345
28787401,        4, 25408753,    60927,    59377,    17875
28791793,        0, 24914144,    61140,    59474,    15768
28791855,        1, 25259780,    61144,    59477,    16284
28792326,        2, 24345145,    61148,    59479,    16817
28793562,        3, 25460904,    61152,    59483,    17345
28796401,        4, 25408578,    61156,    59486,    17875
28796528,        0, 24915313,    62093,    60222,    15768
28797960,        1, 25267952,    62147,    60267,    16284
28802110,        2, 24361104,    62203,    60314,    16817
28805138,        3, 25477013,    62259,    60360,    17345
28805525,        4, 25425413,    62314,    60407,    17875
28805801,        1, 25265765,    63561,    59998,    16284
28807919,        0, 24915986,    63360,    60016,    15768
28809598,        1, 25265784,    63403,    60023,    16284
28809665,        2, 24373719,    63447,    60030,    16817
28809757,        3, 25488041,    63491,    60037,    17345
28811081,        4, 25438564,    63535,    60045,    17875
28815757,        0, 24916656,    62127,    58882,    15768
28817554,        1, 25266276,    62130,    58916,    16284
28818453,        2, 24362124,    62133,    58950,    16817
28819588,        3, 25477828,    62136,    58985,    17345
29500862,        0, 24918636,    63296,    60535,    15768
29502178,        2, 24371067,    63299,    60556,    16817
29503193,        3, 25486908,    63301,    60566,    17345
29504314,        4, 25435839,    63302,    60576,    17875
29504842,        0, 24920632,    62176,    59848,    15768
29506621,        1, 25264989,    62188,    59886,    16284
29507042,        2, 24359905,    62201,    59924,    16817
29507217,        3, 25475734,    62214,    59962,    17345
29507307,        0, 24922272,    62526,    59629,    15768
29507987,        1, 25271929,    62551,    59658,    16284
29508543,        2, 24358552,    62576,    59688,    16817
29511771,        3, 25474486,    62601,    59719,    17345
29513267,        4, 25422830,    62626,    59748,    17875
29515933,        0, 24922998,    62553,    60248,    15768
29520737,        1, 25274757,    62554,    60257,    16284
29522505,        2, 24352885,    62555,    60266,    16817
29523073,        3, 25468745,    62556,    60275,    17345
29524336,        4, 25416845,    62557,    60284,    17875
29524872,        0, 24927953,    65136,    58942,    15768
29526874,        1, 25279256,    65144,    58948,    16284
29528540,        2, 24369975,    65152,    58955,    16817
29530452,        3, 25485752,    65160,    58962,    17345
29532719,        4, 25434722,    65167,    58969,    17875
29540524,        0, 24929596,    65382,    59394,    15768
29543623,        1, 25280433,    65409,    59404,    16284
29545780,        2, 24388610,    65439,    59414,    16817
29546667,        3, 25504460,    65467,    59423,    17345
29551372,        4, 25454333,    65495,    59433,    17875
29555485,        0, 24930252,    65744,    58615,    15768
29556408,        1, 25281475,    65761,    58660,    16284
29556791,        2, 23604726,    65779,    58707,    16817
29557325,        3, 25497932,    65796,    58753,    17345
29558233,        4, 25443992,    65814,    58799,    17875
29558967,        0, 24931590,    65796,    58956,    15768
29559046,        1, 25299225,    65848,    58968,    16284
29560183,        2, 24378883,    65902,    58981,    16817
29561390,        3, 25494852,    65956,    58994,    17345
29561624,        4, 25443922,    66009,    59007,    17875
29563646,        0, 24932958,    64047,    59220,    15768
29564875,        1, 25287899,    64053,    59252,    16284
29565672,        2, 24376730,    64060,    59284,    16817
29567111,        3, 25492232,    64066,    59316,    17345
29568313,        4, 25441852,    64073,    59350,    17875
29568723,        0, 24933923,    64418,    59790,    15768
29570699,        1, 25285114,    64458,    59793,    16284
29572092,        2, 24369080,    64500,    59797,    16817
29572559,        3, 25484823,    64541,    59800,    17345
29573536,        4, 25433703,    64583,    59804,    17875
29575073,        0, 24937105,    64281,    60327,    15768
29577391,        1, 25287042,    64304,    60338,    16284
29579091,        2, 24366879,    64328,    60349,    16817
29579668,        3, 25480745,    64352,    60360,    17345
29584100,        4, 25431164,    64376,    60371,    17875
29584884,        0, 24938928,    67063,    60235,    15768
29585413,        1, 25290478,    67072,    60240,    16284
29585882,        2, 24385088,    67082,    60246,    16817
29585993,        3, 25500614,    67092,    60252,    17345
29586197,        4, 25450285,    67102,    60258,    17875
29587808,        0, 24939251,    67297,    60241,    15768
29591433,        1, 25297516,    67298,    60257,    16284
30258304,        2, 24396290,    67300,    60274,    16817
30259530,        3, 25511854,    67302,    60290,    17345
30259532,        4, 25462116,    67303,    60306,    17875
30259534,        0, 24939742,    66681,    58850,    15768
30265567,        1, 25290092,    66728,    58852,    16284
30270089,        3, 25502193,    66830,    58853,    17345
30271049,        0, 24954040,    68772,    59573,    15768
30271612,        1, 25303635,    68790,    59626,    16284
30274695,        2, 24395453,    68809,    59679,    16817
30277063,        3, 25511168,    68828,    59733,    17345
30280195,        4, 25461224,    68848,    59787,    17875
30282268,        0, 24955378,    69497,    59679,    15768
30282931,        1, 25306682,    69520,    59696,    16284
30284908,        2, 24406559,    69543,    59713,    16817
30293137,        3, 25522123,    69566,    59729,    17345
30294136,        4, 25472984,    69589,    59747,    17875
30294775,        0, 24957160,    69483,    60147,    15768
30295189,        1, 25306968,    69517,    60173,    16284
30296447,        2, 24401283,    69552,    60201,    16817
30301891,        3, 25516972,    69586,    60231,    17345
30302021,        4, 25467737,    69622,    60263,    17875
30305623,        0, 24957212,    69949,    60218,    15768
30306957,        1, 25313846,    69963,    60224,    16284
30310757,        2, 24408782,    69976,    60232,    16817
30317405,        3, 25516460,    69989,    60239,    17345
30318509,        4, 25467455,    70003,    60247,    17875
30324128,        0, 24960612,    68218,    59403,    15768
30325783,        1, 25303668,    68233,    59405,    16284
30328544,        2, 24392581,    68248,    59408,    16817
30328909,        3, 25508236,    68263,    59410,    17345
30330260,        4, 25457717,    68279,    59413,    17875
30330389,        0, 24961255,    70055,    60199,    15768
30333140,        2, 24408689,    70057,    60256,    16817
30341246,        4, 25475672,    70060,    60314,    17875
30342498,        0, 24962170,    70723,    59059,    15768
30346384,        1, 25321519,    70726,    59081,    16284
30349237,        2, 24410036,    70730,    59105,    16817
30351228,        3, 25525518,    70733,    59129,    17345
30351851,        4, 25476625,    70736,    59153,    17875
30352616,        0, 24964845,    70316,    59305,    15768
30353603,        1, 25316314,    70329,    59306,    16284
30354118,        2, 24411320,    70342,    59308,    16817
26102940,        0, 24966646,    71938,    59702,    15768
27663021,        1, 25327303,    71951,    59723,    16284
28426382,        2, 24422905,    71964,    59745,    16817
29151497,        3, 25535573,    71977,    59766,    17345
24172849,        4, 25486975,    71989,    59788,    17875
24897334,        0, 24968414,    70888,    60153,    15768
25678131,        1, 25318581,    70900,    60168,    16284
25714907,        2, 24401956,    70911,    60185,    16817
26483168,        3, 25517598,    70922,    60202,    17345
26495456,        4, 25468232,    70933,    60219,    17875
27231585,        0, 24969548,    71052,    58941,    15768
27270312,        1, 25321447,    71058,    58979,    16284
27282605,        3, 25518746,    71072,    59058,    17345
28012302,        4, 25469546,    71078,    59098,    17875
28047653,        0, 24971804,    70023,    59035,    15768
28767478,        1, 25315088,    70039,    59043,    16284
29585188,        2, 24409961,    70057,    59052,    16817
30308360,        3, 25525158,    70074,    59061,    17345
25717991,        4, 25476552,    70091,    59070,    17875
28781022,        0, 24972161,    72037,    60228,    15768
30259347,        1, 25325130,    72069,    60240,    16284
24941996,        2, 24420389,    72102,    60252,    16817
27972673,        3, 25536537,    72134,    60264,    17345
28004471,        4, 25487889,    72166,    60276,    17875
24148896,        2, 25127723,    56721,    60974,    16817
27269704,        3, 26230004,    56721,    60993,    17345
29549513,        4, 26219536,    56722,    61013,    17875
30304077,        0, 25661731,    57278,    61783,    15768
27960996,        1, 26016518,    57287,    61798,    16284
24122589,        2, 25149701,    57295,    61815,    16817
25754741,        3, 26252533,    57304,    61831,    17345
27984898,        4, 26243421,    57312,    61847,    17875
27989909,        0, 25662437,    56967,    62230,    15768
29549134,        1, 26017470,    56969,    62232,    16284
25425983,        2, 25133840,    56970,    62234,    16817
24204596,        3, 26236597,    56972,    62236,    17345
24961909,        4, 26226617,    56973,    62238,    17875
25699868,        0, 25662692,    57423,    62365,    15768
25697791,        1, 26020404,    57439,    62380,    16284
25732508,        2, 25147714,    57456,    62395,    16817
27207279,        3, 26249096,    57473,    62410,    17345
27238513,        4, 26241237,    57489,    62426,    17875
27263827,        0, 25664203,    57892,    62339,    15768
28757714,        1, 26032587,    57916,    62342,    16284
29539999,        2, 25143777,    57942,    62346,    16817
28788930,        3, 26248592,    57967,    62349,    17345
24187775,        4, 26239091,    57992,    62353,    17875
28791757,        0, 25668822,    58519,    60893,    15768
28719582,        1, 26024023,    58537,    60907,    16284
24126611,        2, 25140507,    58555,    60920,    16817
24187014,        3, 26243311,    58573,    60933,    17345
24905471,        4, 26233394,    58591,    60947,    17875
24922007,        0, 25670428,    59861,    60750,    15768
24962575,        1, 26040608,    59890,    60793,    16284
25713846,        2, 25152649,    59920,    60838,    16817
24956479,        3, 26256965,    59950,    60883,    17345
25741781,        4, 26247427,    59979,    60927,    17875
25675610,        0, 25670699,    59360,    60949,    15768
26509536,        1, 26026732,    59397,    60950,    16284
27194061,        3, 26255386,    59473,    60953,    17345
27231377,        4, 26246466,    59511,    60955,    17875
27245286,        0, 25672212,    59546,    61415,    15768
27981082,        1, 26027356,    59571,    61418,    16284
29144249,        2, 25150634,    59597,    61420,    16817
28808278,        3, 26253276,    59622,    61424,    17345
28752660,        4, 26244200,    59648,    61427,    17875
28745781,        0, 25673633,    58551,    62395,    15768
29526198,        1, 26028643,    58565,    62408,    16284
29513263,        2, 25147211,    58579,    62421,    16817
25679882,        3, 26250043,    58594,    62434,    17345
25712756,        4, 26241509,    58608,    62447,    17875
26467804,        3, 26248506,    58301,    62278,    17345
28376117,        4, 26239122,    58301,    62306,    17875
28779299,        0, 25678097,    59543,    61620,    15768
29500894,        1, 26033449,    59553,    61650,    16284
29537310,        2, 25156878,    59561,    61679,    16817
30265419,        3, 26260240,    59572,    61709,    17345
25757471,        4, 26251384,    59581,    61739,    17875
26499050,        0, 25679028,    58165,    61683,    15768
29528547,        1, 26029397,    58169,    61691,    16284
29571297,        2, 25144570,    58173,    61700,    16817
30258655,        3, 26247093,    58177,    61710,    17345
24127321,        4, 26237704,    58181,    61719,    17875
24922235,        0, 25679202,    58236,    61904,    15768
25687929,        1, 26030568,    58236,    61906,    16284
25739614,        3, 26256541,    60855,    61076,    17345
27181911,        4, 26246982,    60854,    61080,    17875
27607814,        0, 25682655,    60843,    61052,    15768
27232318,        1, 26039653,    60886,    61082,    16284
29520510,        2, 25153176,    60930,    61113,    16817
24893460,        3, 26256144,    60974,    61144,    17345
25669025,        4, 26247133,    61019,    61174,    17875
24923038,        0, 25682892,    61630,    60791,    15768
26464794,        1, 26037744,    61639,    60795,    16284
25688944,        0, 25684151,    61393,    61383,    15768
26482614,        1, 26046067,    61410,    61398,    16284
27260953,        2, 25162743,    61427,    61412,    16817
27257557,        3, 26265450,    61445,    61428,    17345
28020763,        4, 26257179,    61462,    61443,    17875
29513769,        0, 25689798,    61377,    62418,    15768
29515873,        1, 26832646,    61387,    62419,    16284
26466990,        2, 25168947,    61397,    62420,    16817
27206460,        3, 26274253,    61407,    62421,    17345
29535128,        0, 25692443,    63905,    61302,    15768
28789198,        1, 26062236,    63931,    61353,    16284
29521394,        2, 25179971,    63957,    61406,    16817
24204531,        3, 26283151,    63984,    61458,    17345
26511749,        4, 26275770,    64011,    61511,    17875
30258070,        0, 25694840,    63301,    60825,    15768
24905947,        1, 26050063,    63317,    60840,    16284
24953183,        2, 25178608,    63334,    60856,    16817
26483214,        3, 26281142,    63350,    60871,    17345
28021176,        4, 26274472,    63367,    60886,    17875
28772991,        0, 25695183,    62637,    61066,    15768
29515859,        1, 26052172,    62648,    61075,    16284
29543912,        2, 25165558,    62660,    61085,    16817
30269476,        3, 26268347,    62672,    61094,    17345
24137793,        4, 26260194,    62684,    61104,    17875
24169025,        0, 25696313,    62747,    61284,    15768
27202498,        2, 25163661,    62793,    61292,    16817
27227013,        0, 25696504,    62950,    61308,    15768
27284315,        1, 26052203,    62967,    61330,    16284
30316272,        2, 25163305,    62984,    61352,    16817
30340275,        3, 26266422,    63001,    61374,    17345
24164248,        4, 26258291,    63018,    61395,    17875
24201682,        0, 25700440,    63951,    62105,    15768
24127904,        1, 26069232,    63955,    62111,    16284
24900779,        2, 25185964,    63959,    62117,    16817
25681455,        3, 26289032,    63962,    62123,    17345
26444566,        4, 26282099,    63966,    62128,    17875
27212796,        0, 25705002,    65164,    61090,    15768
27211265,        1, 26059762,    65179,    61090,    16284
27250899,        3, 26293562,    65208,    61092,    17345
26518802,        0, 25708317,    64837,    61570,    15768
27264726,        1, 26066624,    64855,    61615,    16284
28014737,        2, 25184360,    64874,    61662,    16817
28765559,        3, 26285444,    64893,    61709,    17345
24921534,        4, 26278515,    64912,    61755,    17875
24955037,        0, 25708456,    64640,    61231,    15768
24920674,        1, 26064543,    64690,    61279,    16284
24945399,        2, 25175353,    64741,    61329,    16817
25722605,        3, 26278066,    64792,    61377,    17345
24971315,        4, 26270543,    64843,    61427,    17875
24980103,        0, 25709130,    64679,    60729,    15768
26470267,        1, 26063379,    64693,    60749,    16284
25708287,        2, 25176050,    64708,    60768,    16817
25735957,        3, 26279058,    64722,    60787,    17345
26529883,        4, 26271527,    64737,    60806,    17875
27211898,        0, 25709682,    65229,    62529,    15768
27230765,        1, 26847519,    65232,    62530,    16284
26508486,        2, 25196685,    65235,    62532,    16817
27981369,        3, 26299620,    65238,    62533,    17345
27990889,        4, 26293696,    65241,    62534,    17875
28758822,        0, 25709753,    65668,    62440,    15768
28014330,        1, 26851676,    65722,    62460,    16284
28022903,        2, 25196925,    65777,    62481,    16817
28799051,        3, 26301437,    65832,    62502,    17345
28805675,        4, 26290998,    65886,    62522,    17875
28041814,        0, 25713867,    64598,    62114,    15768
28767134,        1, 26069906,    64613,    62126,    16284
28810865,        2, 25183449,    64628,    62139,    16817
29499098,        3, 26286417,    64642,    62152,    17345
29561398,        4, 26279288,    64657,    62165,    17875
24133637,        0, 25714908,    64294,    61881,    15768
24155608,        1, 26070180,    64354,    61895,    16284
24973465,        2, 25182357,    64417,    61909,    16817
25706466,        3, 26285109,    64479,    61923,    17345
25718124,        4, 26278453,    64542,    61937,    17875
25743537,        0, 25717428,    66761,    60701,    15768
26458928,        1, 26074550,    66785,    60708,    16284
25689074,        2, 25193546,    66809,    60715,    16817
26479245,        3, 26296722,    66833,    60722,    17345
27204295,        4, 26290488,    66858,    60729,    17875
27240032,        2, 25190044,    66138,    60879,    16817
27243911,        4, 26286634,    66137,    60890,    17875
28027632,        0, 25719362,    67460,    61073,    15768
28782080,        1, 26077429,    67471,    61112,    16284
29509321,        2, 25202965,    67482,    61154,    16817
24114648,        3, 26305990,    67493,    61195,    17345
25679747,        4, 26297559,    67504,    61236,    17875
26812707,        0, 25724321,    66546,    62216,    15768
27947794,        1, 26078437,    66591,    62240,    16284
28047887,        2, 25197726,    66638,    62267,    16817
29549843,        3, 26301032,    66684,    62293,    17345
25686560,        0, 25724654,    66602,    62334,    15768
26520462,        1, 26078313,    66624,    62353,    16284
28009358,        2, 25197470,    66647,    62372,    16817
29498569,        3, 26301060,    66669,    62391,    17345
24126741,        0, 25729343,    68744,    60876,    15768
24552220,        1, 26085921,    68765,    60879,    16284
25252470,        2, 25203468,    68787,    60882,    16817
26477356,        3, 26306621,    68809,    60884,    17345
27204396,        4, 26300993,    68831,    60887,    17875
28048755,        0, 25729541,    69146,    60904,    15768
28790894,        1, 26087227,    69176,    60921,    16284
29955334,        2, 25218321,    69206,    60939,    16817
29550464,        3, 26321490,    69236,    60956,    17345
29589890,        4, 26313831,    69266,    60973,    17875
30701940,        0, 25737520,    67997,    62526,    15768
30298260,        1, 26878350,    68038,    62568,    16284
30747520,        2, 25206943,    68080,    62611,    16817
24114978,        3, 26309974,    68121,    62652,    17345
24189098,        4, 27140541,    68164,    62696,    17875
24899328,        0, 25738179,    69931,    61898,    15768
25252046,        1, 26104395,    69937,    61902,    16284
25270634,        2, 25219353,    69944,    61907,    16817
24933882,        3, 26322737,    69950,    61912,    17345
24967270,        4, 26322636,    69957,    61917,    17875
26454437,        0, 25741789,    70540,    60852,    15768
26896601,        1, 26098140,    70561,    60858,    16284
26460134,        2, 25218017,    70584,    60865,    16817
29164278,        3, 26319300,    70606,    60871,    17345
29552714,        4, 26314888,    70628,    60877,    17875
29980918,        0, 25743077,    71436,    61018,    15768
27968333,        1, 26100947,    71483,    61046,    16284
28018851,        2, 25227360,    71531,    61074,    16817
24901472,        3, 26330444,    71579,    61100,    17345
24896778,        4, 26326809,    71626,    61127,    17875
24913920,        0, 25744018,    71501,    61597,    15768
24910348,        1, 26104001,    71537,    61627,    16284
24951555,        2, 25225070,    71576,    61660,    16817
24959589,        3, 26334970,    71614,    61692,    17345
26825429,        4, 26331599,    71652,    61723,    17875
26434972,        0, 25744900,    71429,    60672,    15768
26525834,        1, 26099902,    71485,    60732,    16284
26733604,        2, 24415435,    71544,    60795,    16817
27243847,        3, 26330566,    71602,    60857,    17345
27251485,        4, 26326043,    71661,    60919,    17875
27980253,        0, 25745201,    70075,    62413,    15768
27978490,        1, 26883371,    70082,    62438,    16284
28722516,        2, 25222539,    70089,    62465,    16817
29526515,        3, 26325309,    70095,    62491,    17345
25698144,        4, 26321462,    70102,    62517,    17875
26466413,        0, 25745967,    70124,    61758,    15768
27982096,        1, 26103104,    70143,    61763,    16284
28018188,        2, 25223770,    70162,    61768,    16817
28721770,        3, 26326942,    70180,    61773,    17345
28749873,        4, 26323151,    70199,    61778,    17875
28819544,        0, 25747072,    71704,    61790,    15768
28810412,        1, 26104058,    71705,    61839,    16284
29583650,        2, 25236314,    71707,    61891,    16817
24116052,        3, 26339338,    71709,    61942,    17345
24195190,        4, 26336389,    71711,    61991,    17875
24912446,        0, 25751131,    72471,    61156,    15768
25662456,        1, 26112595,    72482,    61162,    16284
27999444,        2, 25228604,    72493,    61169,    16817
28020497,        3, 26330832,    72504,    61175,    17345
29494730,        4, 26328629,    72516,    61181,    17875
29510603,        0, 25753923,    73458,    61080,    15768
29562989,        1, 26108997,    73459,    61141,    16284
30321754,        2, 25240939,    73460,    61204,    16817
30328832,        3, 26345211,    73461,    61267,    17345
24196880,        0, 25755526,    72983,    61412,    15768
25654262,        1, 26118804,    72987,    61422,    16284
25675555,        4, 26325243,    73013,    61468,    17875
25734636,        0, 25761848,    73039,    61634,    15768
25754465,        1, 26118675,    73045,    61651,    16284
27234409,        2, 25226043,    73050,    61667,    16817
27263135,        3, 26335806,    73055,    61685,    17345
27975504,        4, 26325019,    73059,    61699,    17875
28013594,        0, 25761921,    73074,    61692,    15768
28022483,        1, 26118559,    73107,    61703,    16284
28740286,        2, 25225782,    73141,    61714,    16817
29546266,        3, 26335672,    73175,    61726,    17345
30344576,        4, 26347077,    73209,    61736,    17875
24126581,        0, 26431141,    57425,    63903,    15768
24138590,        2, 25939035,    57425,    63913,    16817
24965053,        0, 26431560,    57236,    63825,    15768
25664403,        1, 26800243,    57241,    63874,    16284
25734844,        2, 25945758,    57246,    63926,    16817
25761056,        3, 27046797,    57251,    63976,    17345
26460744,        4, 27083319,    57256,    64027,    17875
26473979,        0, 26435255,    57382,    63424,    15768
27183993,        1, 26805599,    57393,    63467,    16284
27280956,        2, 25943708,    57404,    63512,    16817
29499142,        3, 27044857,    57415,    63556,    17345
29547798,        4, 27081023,    57425,    63601,    17875
29564323,        0, 26438158,    57811,    63726,    15768
30258529,        1, 26818377,    57835,    63745,    16284
30329363,        2, 25938948,    57860,    63765,    16817
24214862,        3, 27040084,    57884,    63783,    17345
24899261,        4, 27076379,    57908,    63803,    17875
24944254,        1, 26805551,    57604,    63265,    16284
25694526,        3, 27043043,    57649,    63267,    17345
27208907,        4, 27079075,    57670,    63269,    17875
27960747,        0, 26443090,    59101,    63945,    15768
27959859,        1, 26821006,    59135,    63955,    16284
28767138,        2, 25950973,    59170,    63965,    16817
27985951,        3, 27063584,    59205,    63974,    17345
28765859,        4, 27088831,    59240,    63984,    17875
28820778,        0, 26443091,    58576,    63750,    15768
29509164,        1, 26811941,    58614,    63772,    16284
29519263,        2, 25946116,    58653,    63796,    16817
29521354,        3, 27047415,    58693,    63818,    17345
29586309,        4, 27083808,    58732,    63841,    17875
30268067,        0, 26445708,    58351,    63123,    15768
30723434,        1, 26815584,    58364,    63156,    16284
24136203,        2, 25944220,    58376,    63190,    16817
24936172,        3, 27050423,    58390,    63224,    17345
25657968,        4, 27081855,    58403,    63258,    17875
25659511,        0, 26448945,    59281,    64566,    15768
25699059,        1, 27589758,    59297,    64618,    16284
24937099,        2, 26727274,    59314,    64674,    16817
26446544,        3, 27836007,    59331,    64726,    17345
26476666,        4, 27908199,    59347,    64780,    17875
26518455,        0, 26449208,    58316,    63906,    15768
27198522,        1, 26813604,    58327,    63963,    16284
27961071,        2, 25948280,    58339,    64024,    16817
28758857,        4, 27076370,    58362,    64142,    17875
29555420,        0, 26454555,    60786,    63705,    15768
24918074,        1, 26831725,    60803,    63715,    16284
25710421,        2, 25951776,    60821,    63726,    16817
26443633,        3, 27058451,    60839,    63736,    17345
26451001,        4, 27089853,    60857,    63746,    17875
26488267,        0, 26465624,    62239,    63891,    15768
26503621,        1, 26835456,    62250,    63903,    16284
27182457,        2, 25970836,    62262,    63916,    16817
26439718,        3, 27071831,    62273,    63928,    17345
27211233,        4, 27110171,    62285,    63940,    17875
27263760,        0, 26468653,    63839,    64302,    15768
27964181,        1, 26852777,    63848,    64336,    16284
27228181,        2, 25984314,    63856,    64370,    16817
28765463,        3, 27086000,    63865,    64404,    17345
28821102,        4, 27124890,    63873,    64437,    17875
29576633,        0, 26472188,    62523,    63340,    15768
30303963,        1, 26841554,    62530,    63373,    16284
24957679,        2, 25968774,    62537,    63408,    16817
25727244,        3, 27070376,    62544,    63442,    17345
26446695,        4, 27107949,    62551,    63476,    17875
26511843,        0, 26473772,    62895,    62770,    15768
27266478,        1, 26845582,    62897,    62774,    16284
24183060,        2, 25964561,    62899,    62778,    16817
24961390,        3, 27065577,    62901,    62782,    17345
24901924,        4, 27103617,    62904,    62786,    17875
26450740,        0, 26475811,    63001,    63047,    15768
26489319,        1, 26841784,    63033,    63082,    16284
26506520,        2, 25967392,    63066,    63118,    16817
26505809,        3, 27068614,    63098,    63153,    17345
27261037,        4, 27106558,    63131,    63189,    17875
27200569,        0, 26475821,    62530,    63138,    15768
28775145,        1, 26841923,    62576,    63160,    16284
28771726,        2, 25967567,    62625,    63183,    16817
28803477,        3, 27068471,    62673,    63206,    17345
28817292,        4, 27106569,    62722,    63228,    17875
29508722,        0, 26476710,    65113,    63814,    15768
24127627,        1, 26848405,    65119,    63862,    16284
24151196,        2, 25992871,    65126,    63912,    16817
24964604,        3, 27080277,    65132,    63961,    17345
25681684,        4, 27133852,    65139,    64010,    17875
24961444,        0, 26477706,    65783,    64447,    15768
25661425,        1, 27623987,    65787,    64452,    16284
25687671,        2, 25987867,    65792,    64458,    16817
25689247,        3, 27096578,    65797,    64463,    17345
25726522,        4, 27128198,    65802,    64470,    17875
27250980,        0, 26478194,    65206,    64091,    15768
27990247,        1, 26848099,    65209,    64112,    16284
28753482,        2, 25992613,    65210,    64135,    16817
27973227,        3, 27096679,    65212,    64156,    17345
28765458,        4, 27133722,    65214,    64177,    17875
29503497,        0, 26480280,    65413,    63422,    15768
29512076,        1, 26846372,    65439,    63444,    16284
29547283,        2, 25991077,    65466,    63468,    16817
29572682,        3, 27092271,    65492,    63490,    17345
29555552,        4, 27131797,    65519,    63513,    17875
24152632,        0, 26481314,    65894,    64133,    15768
24960983,        3, 27087371,    65909,    64150,    17345
26488609,        0, 26481798,    65973,    62908,    15768
25710417,        1, 26869235,    66034,    62945,    16284
26526243,        2, 25989448,    66096,    62983,    16817
26432777,        3, 27090722,    66157,    63020,    17345
27963783,        4, 27130099,    66219,    63058,    17875
28809648,        0, 26483285,    64330,    63470,    15768
29493517,        1, 26854007,    64340,    63496,    16284
29510970,        2, 25978112,    64351,    63522,    16817
29539785,        3, 27079423,    64361,    63549,    17345
24122633,        4, 27117971,    64372,    63575,    17875
24214796,        0, 26483360,    64491,    63282,    15768
25690404,        1, 26854071,    64528,    63301,    16284
25760180,        2, 25977361,    64567,    63320,    16817
27991744,        3, 27078474,    64605,    63340,    17345
28750479,        4, 27118407,    64645,    63358,    17875
29516595,        0, 26492177,    67218,    63542,    15768
30277123,        1, 26859256,    67249,    63559,    16284
24184968,        2, 26002343,    67282,    63579,    16817
24883156,        3, 27103961,    67316,    63602,    17345
24208291,        4, 27144043,    67347,    63627,    17875
25655394,        0, 26493538,    67559,    63359,    15768
25738468,        1, 26864501,    67598,    63374,    16284
27217301,        2, 26001462,    67638,    63388,    16817
27252113,        3, 27103207,    67677,    63403,    17345
28728143,        4, 27143416,    67716,    63417,    17875
29489901,        0, 26494945,    67574,    63928,    15768
29518702,        1, 26867403,    67599,    63933,    16284
30721098,        2, 25998167,    67624,    63937,    16817
30334884,        3, 27099535,    67648,    63941,    17345
24187183,        4, 27139609,    67673,    63946,    17875
24140065,        0, 26495503,    66152,    62691,    15768
24967010,        1, 26869383,    66216,    62729,    16284
25681039,        2, 25987263,    66280,    62769,    16817
25686459,        3, 27088712,    66344,    62808,    17345
25696125,        4, 27127847,    66407,    62847,    17875
25761451,        0, 26495931,    67961,    62671,    15768
26457403,        1, 26881600,    67998,    62705,    16284
26482660,        2, 25999002,    68035,    62740,    16817
26502303,        4, 27140453,    68110,    62807,    17875
27190071,        0, 26495938,    67725,    62764,    15768
27190033,        1, 26868694,    67739,    62786,    16284
27256908,        2, 25999033,    67754,    62808,    16817
26901101,        3, 27100566,    67767,    62831,    17345
28744474,        4, 27140302,    67782,    62853,    17875
28045587,        0, 26497032,    66236,    64230,    15768
28806449,        1, 26868026,    66263,    64255,    16284
29516968,        2, 25988066,    66291,    64281,    16817
29546621,        3, 27089645,    66319,    64307,    17345
30327800,        4, 27128950,    66347,    64333,    17875
24909796,        0, 26497576,    67588,    63193,    15768
25710561,        1, 26864304,    67597,    63196,    16284
25750119,        2, 26000735,    67606,    63199,    16817
26432429,        4, 27142281,    67624,    63204,    17875
26496400,        0, 26497621,    67695,    62926,    15768
26499871,        1, 26868677,    67718,    62949,    16284
27183036,        2, 26000835,    67741,    62973,    16817
27221373,        3, 27102331,    67763,    62997,    17345
27231630,        4, 27142371,    67786,    63021,    17875
27970019,        0, 26497676,    67619,    62983,    15768
27974765,        1, 26868721,    67645,    63026,    16284
27974734,        2, 26000568,    67672,    63071,    16817
28741671,        3, 27102182,    67698,    63115,    17345
28754449,        4, 27142511,    67724,    63159,    17875
29575998,        0, 26499638,    68562,    63940,    15768
30303633,        1, 26871850,    68590,    63951,    16284
24195251,        2, 26004971,    68618,    63962,    16817
24157424,        3, 27106491,    68647,    63973,    17345
24950641,        0, 26499771,    68856,    64114,    15768
26497135,        0, 26500346,    68509,    62600,    15768
28722752,        1, 26872919,    68531,    62621,    16284
27992873,        2, 25210952,    68552,    62643,    16817
28003345,        3, 27107689,    68574,    62665,    17345
28798926,        4, 26309125,    68596,    62688,    17875
29528602,        0, 26502814,    68950,    62850,    15768
28798390,        1, 26872731,    68954,    62879,    16284
29521025,        2, 26006018,    68958,    62910,    16817
30330412,        3, 27109705,    68962,    62939,    17345
24151182,        4, 27150637,    68967,    62971,    17875
25692638,        0, 26503579,    68733,    63385,    15768
25722801,        1, 26874047,    68750,    63402,    16284
25743069,        2, 26003203,    68769,    63421,    16817
26432277,        3, 27104213,    68787,    63439,    17345
26530945,        4, 27144689,    68806,    63458,    17875
26508407,        0, 26508305,    69342,    64131,    15768
27268119,        1, 26879740,    69352,    64153,    16284
27979945,        2, 26009726,    69360,    64173,    16817
28019683,        3, 27113804,    69369,    64194,    17345
28772426,        4, 27151885,    69375,    64215,    17875
28796751,        2, 26018893,    70350,    64461,    16817
28032607,        4, 27162547,    70480,    64512,    17875
29504835,        0, 26515375,    71891,    63284,    15768
28750867,        1, 26898863,    71911,    63292,    16284
24119826,        2, 26031747,    71933,    63301,    16817
24146807,        3, 27133887,    71954,    63309,    17345
24151979,        4, 27175680,    71976,    63317,    17875
24901424,        0, 26516764,    70188,    64565,    15768
26445829,        1, 27660325,    70215,    64583,    16284
25699294,        2, 26018968,    70242,    64600,    16817
26444562,        3, 27118680,    70269,    64616,    17345
26481023,        4, 27160040,    70296,    64633,    17875
28000125,        0, 26520182,    71284,    64474,    15768
28779121,        1, 27661989,    71305,    64492,    16284
28789995,        2, 26023493,    71326,    64511,    16817
28043133,        3, 27125079,    71346,    64530,    17345
28043045,        4, 27166790,    71367,    64549,    17875
29517639,        0, 26523687,    72271,    62857,    15768
29507993,        1, 26897196,    72276,    62863,    16284
24156152,        2, 26029582,    72282,    62869,    16817
25661681,        3, 27133439,    72286,    62874,    17345
25713883,        4, 27173638,    72291,    62879,    17875
27210482,        0, 26524536,    72226,    64109,    15768
27226131,        1, 26895882,    72250,    64112,    16284
26468582,        2, 26028995,    72275,    64117,    16817
27265332,        3, 27132410,    72299,    64120,    17345
28775193,        4, 27172724,    72324,    64124,    17875
28796455,        0, 26524716,    72464,    64341,    15768
28794374,        1, 26901127,    72476,    64347,    16284
29505057,        2, 26021924,    72489,    64353,    16817
28792932,        3, 27125909,    72501,    64359,    17345
29568359,        4, 27167551,    72513,    64364,    17875
29544941,        0, 26526932,    73412,    63187,    15768
30335638,        1, 26899552,    73439,    63218,    16284
24198106,        2, 26043536,    73466,    63252,    16817
24190007,        3, 27145706,    73494,    63284,    17345
24897261,        0, 26528845,    73161,    63623,    15768
24157230,        1, 26894147,    73180,    63624,    16284
25671465,        2, 26038953,    73199,    63625,    16817
26473955,        3, 27140859,    73218,    63627,    17345
25709778,        4, 27183187,    73238,    63627,    17875
26442250,        0, 26529066,    73126,    63300,    15768
26448240,        1, 26900075,    73188,    63309,    16284
26458200,        2, 26038748,    73252,    63318,    16817
26488161,        3, 27140674,    73316,    63326,    17345
26517006,        4, 27188060,    73380,    63335,    17875
27283087,        0, 26530908,    73057,    62752,    15768
27186016,        1, 26904278,    73061,    62796,    16284
27192177,        2, 26023132,    73064,    62843,    16817
27205909,        3, 27124831,    73068,    62888,    17345
27236761,        4, 27166448,    73072,    62933,    17875
27240168,        0, 26531559,    72987,    64448,    15768
27254234,        1, 27672891,    72995,    64454,    16284
27280899,        2, 26024200,    73002,    64459,    16817
27972657,        3, 27126036,    73010,    64466,    17345
28007157,        4, 27167477,    73017,    64471,    17875
28013049,        0, 26532567,    73214,    63094,    15768
28747883,        1, 26899494,    73242,    63129,    16284
28752613,        2, 26038712,    73272,    63166,    16817
28753555,        3, 27140622,    73301,    63202,    17345
29527559,        0, 27183173,    57168,    65143,    15768
29540542,        1, 27574178,    57173,    65147,    16284
28792760,        2, 26719932,    57177,    65151,    16817
28788874,        3, 27828296,    57183,    65155,    17345
30279727,        4, 27900011,    57188,    65159,    17875
29530722,        0, 27184363,    56945,    65437,    15768
30290969,        1, 27574938,    56953,    65446,    16284
29544556,        2, 26709217,    56961,    65455,    16817
29586762,        3, 27817317,    56970,    65465,    17345
24114897,        4, 27888026,    56978,    65475,    17875
24116808,        0, 27187096,    57509,    64710,    15768
24216703,        1, 27577768,    57518,    64713,    16284
24916641,        2, 26714090,    57526,    64717,    16817
24892315,        3, 27823661,    57536,    64721,    17345
25688303,        4, 27893529,    57545,    64726,    17875
24918361,        0, 27190214,    57553,    66288,    15768
