Vector Track Size:     1541

17949557,        0, 17949557,    64231,    65175,     4907
17949748,        1, 18064822,    64254,    65196,     5424
16059629,        2, 18589608,    64276,    65218,     5934
18475390,        3, 17479127,    64298,    65239,     6444
18466313,        4, 18866401,    64321,    65260,     6958
17959617,        0, 17949748,    65523,    65507,     4907
19932468,        1, 18077451,    65533,    65534,     5424
15412299,        2, 18599876,    65543,    65561,     5934
15420994,        3, 17484475,    65553,    65588,     6444
15433063,        4, 18863898,    65562,    65614,     6958
15441620,        1, 16059629,    63041,    57364,     5424
15467072,        2, 16511396,    63047,    57371,     5934
15472234,        3, 15490759,    63054,    57378,     6444
15916159,        4, 16758766,    63062,    57385,     6958
15916162,        0, 18475390,    68378,    66808,     4907
15919678,        1, 18587662,    68380,    66822,     5424
15924159,        2, 19124314,    68382,    66835,     5934
15924353,        3, 17989889,    68384,    66848,     6444
15924380,        4, 18884539,    68386,    66861,     6958
15924775,        0, 18466313,    66296,    68491,     4907
15924806,        1, 19081180,    66321,    68549,     5424
15924858,        2, 19636377,    66346,    68606,     5934
15925083,        3, 18487290,    66370,    68662,     6444
15925452,        4, 19401720,    66394,    68719,     6958
15926269,        0, 17959617,    67755,    65076,     4907
15926273,        1, 18079046,    67764,    65085,     5424
15926963,        2, 18604658,    67773,    65091,     5934
15927293,        3, 17493710,    67782,    65099,     6444
15927299,        4, 18874728,    67790,    65108,     6958
15927445,        0, 19932468,    58400,    73045,     4907
15927478,        1, 20062137,    58412,    73052,     5424
15927480,        2, 20634042,    58422,    73059,     5934
15927894,        3, 19440082,    58433,    73066,     6444
15928691,        4, 20934982,    58444,    73074,     6958
15930341,        0, 15412299,    57380,    56681,     4907
15930928,        1, 16032123,    57385,    56689,     5424
15930938,        2, 16494593,    57390,    56696,     5934
15932274,        3, 15463233,    57395,    56703,     6444
15932687,        4, 16199859,    57401,    56710,     6958
15933181,        1, 16045769,    58883,    56778,     5424
15934201,        0, 15433063,    59870,    56741,     4907
15935002,        2, 16496964,    59915,    56773,     5934
15935426,        3, 15473335,    59938,    56791,     6444
15936059,        4, 16214485,    59960,    56809,     6958
15936978,        1, 16060968,    63338,    56692,     5424
15937386,        2, 16518891,    63353,    56718,     5934
15937514,        3, 15488884,    63365,    56740,     6444
15938203,        4, 16231663,    63379,    56757,     6958
15938791,        0, 15467072,    70118,    56659,     4907
15940323,        1, 16083821,    70122,    56664,     5424
15940456,        2, 16541970,    70128,    56668,     5934
15941464,        3, 15511761,    70133,    56672,     6444
15943298,        4, 16255706,    70138,    56676,     6958
15943584,        4, 16263868,    71597,    56670,     6958
15943677,        0, 15916159,    57123,    58251,     4907
15943680,        1, 16034605,    57184,    58263,     5424
15943766,        2, 16491567,    57245,    58276,     5934
15943773,        3, 15957213,    57304,    58290,     6444
15944945,        4, 16730801,    57363,    58302,     6958
15945346,        0, 15916162,    56988,    57855,     4907
15946601,        1, 16036687,    57013,    57856,     5424
15946913,        2, 16493513,    57037,    57856,     5934
15947258,        3, 15465247,    57062,    57857,     6444
15947740,        4, 16730221,    57086,    57858,     6958
15947759,        0, 15919678,    57678,    57299,     4907
15948742,        1, 16032543,    57726,    57315,     5424
15949124,        2, 16487482,    57774,    57331,     5934
15949816,        3, 15462159,    57821,    57346,     6444
15950539,        4, 16736748,    57869,    57362,     6958
15950907,        0, 15924159,    58734,    58131,     4907
15951913,        1, 16044637,    58734,    58132,     5424
15952060,        2, 16491731,    58735,    58133,     5934
15952250,        3, 15961971,    58735,    58133,     6444
15953925,        4, 16738668,    58736,    58134,     6958
15954044,        0, 15924353,    58577,    57814,     4907
15956639,        1, 16044543,    58605,    57849,     5424
15957308,        2, 16493217,    58634,    57885,     5934
15959878,        3, 15465438,    58663,    57920,     6444
15961580,        4, 16737722,    58691,    57955,     6958
15961858,        0, 15924380,    58664,    58024,     4907
15962176,        2, 16491893,    58697,    58105,     5934
15963915,        3, 15959566,    58713,    58145,     6444
15963926,        4, 16738852,    58729,    58184,     6958
15963984,        0, 15924775,    58736,    58214,     4907
15964698,        1, 16042381,    58737,    58223,     5424
15966584,        2, 16491788,    58738,    58232,     5934
15966969,        3, 15962030,    58739,    58241,     6444
15967208,        4, 16738431,    58740,    58249,     6958
15967348,        0, 15924806,    58409,    58433,     4907
15967922,        1, 16034886,    58423,    58439,     5424
15969550,        2, 17010344,    58437,    58445,     5934
15970537,        3, 15962037,    58450,    58452,     6444
15971674,        4, 16744550,    58464,    58458,     6958
15972860,        0, 15924858,    58742,    58217,     4907
15973245,        1, 16042398,    58760,    58263,     5424
15973310,        2, 16499442,    58778,    58309,     5934
15974308,        3, 15962369,    58797,    58355,     6444
15974523,        4, 16738864,    58816,    58400,     6958
15974982,        0, 15925083,    58601,    58316,     4907
15975647,        1, 16042388,    58613,    58357,     5424
15975759,        2, 17007526,    58626,    58400,     5934
15975901,        3, 15962316,    58638,    58442,     6444
15977133,        4, 16738452,    58650,    58483,     6958
15977636,        0, 15925452,    59140,    57249,     4907
15978049,        1, 16040396,    59167,    57270,     5424
15979140,        2, 16495481,    59195,    57291,     5934
15979490,        3, 15469998,    59222,    57311,     6444
15980800,        4, 16739487,    59248,    57332,     6958
15983341,        0, 15926269,    58540,    57742,     4907
15983416,        1, 16036089,    58539,    57745,     5424
15983777,        3, 15465355,    58538,    57750,     6444
16415608,        4, 16737649,    58538,    57751,     6958
16416349,        0, 15926273,    58729,    57773,     4907
16417904,        3, 15465328,    58728,    57796,     6444
16417969,        0, 15926963,    58670,    58731,     4907
16418637,        1, 16547854,    58679,    58768,     5424
16418838,        2, 17011262,    58687,    58804,     5934
16424105,        3, 15963592,    58696,    58840,     6444
16424561,        4, 16740754,    58704,    58876,     6958
16425153,        0, 15927293,    58377,    57623,     4907
16425215,        1, 16035868,    58389,    57632,     5424
16425264,        2, 16493154,    58401,    57639,     5934
16427490,        3, 15467201,    58413,    57648,     6444
16427589,        4, 16740956,    58426,    57656,     6958
16428096,        0, 15927299,    58252,    57385,     4907
16429933,        3, 15467066,    58265,    57386,     6444
16430998,        4, 16741023,    58270,    57385,     6958
16431257,        0, 15927445,    58307,    57682,     4907
16432032,        1, 16035776,    58316,    57710,     5424
16432509,        2, 16488050,    58326,    57737,     5934
16434534,        3, 15465562,    58335,    57763,     6444
16435064,        4, 16743078,    58345,    57789,     6958
16435452,        0, 15927478,    58251,    57702,     4907
16435808,        1, 16035928,    58256,    57733,     5424
16435845,        2, 16487792,    58261,    57765,     5934
16436294,        3, 15465652,    58266,    57797,     6444
16436734,        4, 16743083,    58272,    57829,     6958
16437527,        0, 15927480,    57800,    57624,     4907
16439861,        1, 16030823,    57860,    57672,     5424
16440694,        2, 16488126,    57920,    57720,     5934
16442454,        3, 15463984,    57980,    57768,     6444
16442466,        4, 16735529,    58040,    57815,     6958
16443072,        1, 16038040,    59421,    57683,     5424
16443257,        2, 16495856,    59421,    57694,     5934
16443386,        3, 15469991,    59423,    57706,     6444
16443530,        4, 16741788,    59423,    57717,     6958
16444127,        0, 15928691,    59496,    58794,     4907
16444235,        4, 16742673,    59526,    58795,     6958
16446065,        0, 15930341,    57857,    58536,     4907
16446823,        1, 16536804,    57916,    58543,     5424
16450233,        2, 17005241,    57975,    58551,     5934
16450257,        3, 15957995,    58031,    58558,     6444
16450912,        4, 16734655,    58088,    58564,     6958
16452752,        0, 15930928,    59427,    57131,     4907
16453168,        1, 16040583,    59437,    57194,     5424
16453258,        2, 16495438,    59448,    57256,     5934
16453731,        3, 15469052,    59459,    57318,     6444
16454529,        0, 15930938,    59630,    57202,     4907
16456976,        1, 16040570,    59656,    57228,     5424
16457726,        2, 16495265,    59683,    57255,     5934
16458513,        3, 15474717,    59709,    57281,     6444
16462130,        4, 16741480,    59735,    57306,     6958
16462637,        0, 15932274,    60143,    57973,     4907
16462756,        1, 16044323,    60172,    58026,     5424
16463285,        2, 16500015,    60201,    58080,     5934
16463557,        3, 15970139,    60230,    58133,     6444
16464887,        4, 16753847,    60259,    58186,     6958
16465757,        0, 15932687,    60755,    58404,     4907
16466004,        1, 16049873,    60759,    58413,     5424
16466981,        2, 17015571,    60763,    58423,     5934
16468367,        3, 15965785,    60766,    58432,     6444
16468832,        4, 16747175,    60770,    58441,     6958
16470643,        0, 15933181,    60470,    57281,     4907
16470721,        1, 16041902,    60477,    57289,     5424
16471326,        2, 16500762,    60484,    57299,     5934
16471739,        3, 15474498,    60488,    57311,     6444
16471792,        4, 16748123,    60491,    57323,     6958
16472150,        0, 15934201,    60306,    57636,     4907
16472553,        1, 16043485,    60352,    57655,     5424
16472579,        2, 16501522,    60397,    57674,     5934
16472892,        3, 15473998,    60443,    57693,     6444
16472917,        4, 16746207,    60488,    57711,     6958
16473098,        0, 15935002,    59876,    57804,     4907
16473979,        1, 16044273,    59927,    57833,     5424
16474290,        2, 16495881,    59979,    57862,     5934
16474467,        3, 15474086,    60030,    57890,     6444
16474817,        4, 16743498,    60082,    57918,     6958
16475992,        0, 15935426,    61344,    57494,     4907
16476312,        1, 16051601,    61359,    57497,     5424
16476433,        2, 16503232,    61373,    57500,     5934
16478619,        3, 15477662,    61389,    57503,     6444
16479143,        4, 16750204,    61404,    57506,     6958
16479858,        0, 15936059,    61146,    58709,     4907
16480908,        1, 16551289,    61163,    58737,     5424
16481095,        2, 17021569,    61185,    58764,     5934
16482439,        3, 15974381,    61205,    58792,     6444
16482533,        4, 16751070,    61224,    58818,     6958
16483558,        0, 15936978,    61309,    57868,     4907
16916919,        1, 16047346,    61320,    57914,     5424
16917009,        2, 16504247,    61331,    57961,     5934
16917655,        3, 15482037,    61341,    58007,     6444
16918390,        4, 16751921,    61353,    58053,     6958
16921338,        0, 15937386,    60950,    58549,     4907
16921446,        1, 16551324,    60981,    58578,     5424
16921570,        2, 17021742,    61011,    58608,     5934
16922235,        4, 16751382,    61072,    58665,     6958
16922390,        0, 15937514,    60975,    58389,     4907
16922813,        1, 16049935,    61008,    58396,     5424
16926389,        2, 17021380,    61042,    58403,     5934
16927789,        3, 15972881,    61075,    58410,     6444
16928130,        4, 16752398,    61108,    58417,     6958
16928313,        0, 15938203,    61113,    57059,     4907
16928755,        1, 16049034,    61116,    57069,     5424
16930458,        2, 16506293,    61120,    57080,     5934
16932146,        3, 15476633,    61122,    57090,     6444
16933785,        4, 16753046,    61125,    57100,     6958
16933865,        0, 15938791,    59904,    57161,     4907
16934678,        1, 16041940,    59927,    57210,     5424
16936293,        2, 16495308,    59951,    57260,     5934
16936924,        3, 15475405,    59973,    57307,     6444
16937020,        4, 16741792,    59997,    57356,     6958
16937843,        0, 15940323,    62125,    58246,     4907
16938662,        1, 16051277,    62127,    58283,     5424
16939195,        2, 16508531,    62129,    58319,     5934
16939218,        3, 15977801,    62131,    58355,     6444
16939268,        4, 16747566,    62133,    58391,     6958
16940083,        0, 15940456,    62432,    58132,     4907
16940157,        1, 16047679,    62467,    58157,     5424
16940966,        2, 16507221,    62503,    58182,     5934
16942592,        3, 15973344,    62538,    58207,     6444
16944090,        4, 16755078,    62575,    58232,     6958
16945237,        0, 15941464,    61823,    57166,     4907
16946357,        1, 16050692,    61882,    57218,     5424
16948828,        2, 16509291,    61941,    57270,     5934
16949153,        3, 15483428,    62000,    57323,     6444
16949316,        4, 16748768,    62060,    57374,     6958
16951032,        0, 15943298,    63542,    58659,     4907
16951826,        1, 16564064,    63554,    58669,     5424
16951941,        2, 17034663,    63566,    58681,     5934
16951969,        3, 15986863,    63577,    58691,     6444
16952385,        4, 16758306,    63590,    58702,     6958
16952417,        0, 15943584,    63109,    57669,     4907
16952594,        1, 16054042,    63111,    57672,     5424
16953157,        2, 16512420,    63113,    57675,     5934
16953183,        3, 15491024,    63116,    57678,     6444
16954941,        4, 16758764,    63118,    57681,     6958
16955199,        0, 15943677,    62655,    57292,     4907
16955630,        1, 16056996,    62658,    57307,     5424
16956217,        2, 16503821,    62662,    57323,     5934
16956228,        3, 15478421,    62665,    57337,     6444
16958122,        4, 16755904,    62669,    57352,     6958
16960759,        0, 15943680,    62692,    57318,     4907
16961262,        1, 16054033,    62697,    57319,     5424
16961326,        3, 15478222,    62708,    57322,     6444
16961801,        4, 16755961,    62713,    57323,     6958
16964055,        0, 15943766,    63166,    57431,     4907
16966474,        1, 16059789,    63174,    57453,     5424
16966819,        2, 16511389,    63182,    57472,     5934
16967957,        3, 15490975,    63189,    57489,     6444
16968352,        4, 16758828,    63194,    57503,     6958
16968910,        0, 15943773,    62616,    57554,     4907
16969070,        1, 16054231,    62639,    57583,     5424
16969162,        2, 16504861,    62663,    57611,     5934
16969222,        3, 15478402,    62688,    57639,     6444
16971248,        4, 16759026,    62712,    57666,     6958
16971484,        0, 15944945,    62729,    57875,     4907
16972102,        1, 16055226,    62762,    57906,     5424
16972407,        2, 16512547,    62797,    57937,     5934
16972653,        3, 15480775,    62831,    57967,     6444
16973961,        4, 16760239,    62865,    57997,     6958
16976453,        0, 15945346,    63291,    58442,     4907
16978728,        1, 16059215,    63340,    58444,     5424
16979585,        2, 17032917,    63390,    58446,     5934
16980222,        3, 15985645,    63439,    58448,     6444
16980231,        4, 16761153,    63489,    58450,     6958
16980748,        0, 15946601,    61751,    58492,     4907
16982078,        2, 17026343,    61750,    58503,     5934
16982588,        4, 16752575,    61749,    58514,     6958
16982914,        2, 16518081,    63887,    57916,     5934
16983491,        3, 15489487,    63888,    57926,     6444
16985141,        4, 16754593,    63892,    57935,     6958
16985529,        0, 15947258,    65228,    57807,     4907
16986031,        1, 16068361,    65233,    57823,     5424
16986242,        2, 16526145,    65238,    57839,     5934
16987151,        3, 15496293,    65244,    57856,     6444
16987598,        4, 16768359,    65250,    57872,     6958
16987765,        0, 15947740,    63876,    58167,     4907
17425520,        1, 16055420,    63912,    58172,     5424
17426181,        2, 16516605,    63947,    58176,     5934
17426229,        3, 15979987,    63982,    58178,     6444
17426673,        0, 15947759,    64049,    58242,     4907
17427403,        1, 16057928,    64071,    58244,     5424
17427604,        2, 16516665,    64093,    58245,     5934
17427868,        3, 15980280,    64115,    58246,     6444
17428014,        4, 16755561,    64137,    58247,     6958
17430025,        0, 15948742,    63945,    57089,     4907
17434721,        1, 16058692,    63987,    57146,     5424
17435612,        2, 16517587,    64029,    57202,     5934
17436144,        3, 15484764,    64070,    57259,     6444
17437154,        4, 16756847,    64112,    57316,     6958
17440715,        0, 15949124,    65672,    57044,     4907
17441243,        1, 16063588,    65675,    57047,     5424
17441299,        2, 16524052,    65680,    57050,     5934
17441354,        3, 15492587,    65683,    57052,     6444
17441746,        4, 16763728,    65688,    57053,     6958
17442681,        0, 15949816,    65353,    57618,     4907
17444266,        1, 16067713,    65371,    57662,     5424
17444984,        4, 16764279,    65425,    57794,     6958
17446193,        0, 15950539,    65497,    58770,     4907
17446618,        1, 16571744,    65497,    58781,     5424
17446995,        2, 17042635,    65498,    58792,     5934
17447281,        3, 15989066,    65499,    58803,     6444
17447501,        4, 16764682,    65500,    58813,     6958
17448206,        0, 15950907,    64331,    57643,     4907
17448495,        1, 16054587,    64335,    57660,     5424
17450160,        2, 16512819,    64339,    57677,     5934
17450562,        3, 15485309,    64344,    57694,     6444
17450567,        4, 16766274,    64348,    57710,     6958
17452224,        0, 15951913,    64651,    58657,     4907
17452671,        1, 16569523,    64703,    58668,     5424
17453128,        2, 17030183,    64756,    58680,     5934
17453267,        3, 15982904,    64808,    58692,     6444
17455045,        4, 16767784,    64861,    58704,     6958
17455381,        0, 15952060,    64560,    57778,     4907
17455550,        1, 16065238,    64610,    57795,     5424
17456342,        2, 16512716,    64659,    57817,     5934
17456457,        3, 15487252,    64707,    57842,     6444
17456817,        4, 16768022,    64755,    57867,     6958
17458656,        0, 15952250,    64396,    57949,     4907
17459250,        1, 16055624,    64400,    57955,     5424
17460140,        2, 16512774,    64403,    57961,     5934
17460151,        3, 15486995,    64407,    57967,     6444
17460228,        4, 16768338,    64411,    57972,     6958
17460241,        0, 15953925,    65733,    56813,     4907
17460303,        1, 16063219,    65763,    56820,     5424
17460737,        2, 16523898,    65793,    56826,     5934
17461455,        3, 15494683,    65824,    56832,     6444
17463066,        4, 16233645,    65855,    56838,     6958
17464196,        0, 15954044,    67324,    57680,     4907
17464216,        1, 16069671,    67328,    57688,     5424
17464291,        2, 16533615,    67334,    57696,     5934
17465609,        3, 15500933,    67338,    57703,     6444
17467131,        4, 16770558,    67341,    57709,     6958
17469474,        0, 15956639,    67048,    58733,     4907
17469773,        1, 16578771,    67053,    58741,     5424
17469862,        2, 17049590,    67057,    58749,     5934
17469875,        3, 16001763,    67062,    58758,     6444
17470131,        4, 16773099,    67067,    58766,     6958
17470198,        0, 15957308,    67501,    58326,     4907
17471444,        1, 16072343,    67530,    58333,     5424
17472132,        2, 16530119,    67559,    58339,     5934
17472166,        3, 15995528,    67587,    58345,     6444
17472245,        4, 16771304,    67616,    58352,     6958
17472857,        0, 15959878,    66636,    57936,     4907
17474247,        1, 16075811,    66643,    57939,     5424
17474325,        2, 16522706,    66649,    57941,     5934
17474470,        4, 16778224,    68561,    57771,     6958
17475206,        0, 15961858,    68818,    57706,     4907
17475958,        1, 16081956,    68819,    57708,     5424
17476449,        2, 16541703,    68821,    57709,     5934
17476633,        3, 15505670,    68822,    57711,     6444
17477124,        4, 16780471,    68823,    57712,     6958
17477369,        0, 15962176,    68864,    58216,     4907
17477473,        1, 16081265,    68903,    58263,     5424
17477916,        2, 16539204,    68943,    58309,     5934
17477935,        3, 16002695,    68986,    58356,     6444
17478008,        4, 16778906,    69026,    58404,     6958
17478132,        0, 15963915,    69074,    57328,     4907
17478208,        1, 16077470,    69085,    57337,     5424
17478838,        2, 16540152,    69097,    57346,     5934
17479177,        3, 15508375,    69108,    57356,     6444
17480412,        4, 16780001,    69118,    57366,     6958
17480413,        0, 15963926,    68329,    57534,     4907
17481231,        1, 16074914,    68340,    57548,     5424
17481422,        2, 16532686,    68350,    57561,     5934
17481532,        3, 15505802,    68361,    57575,     6444
17482437,        4, 16781364,    68372,    57589,     6958
17484264,        0, 15963984,    69164,    57352,     4907
17484382,        1, 16077109,    69196,    57387,     5424
17485778,        2, 16535442,    69228,    57422,     5934
17488501,        3, 15508667,    69261,    57457,     6444
17488578,        4, 16780816,    69293,    57492,     6958
17488716,        0, 15964698,    68313,    57335,     4907
17489592,        1, 16074863,    68319,    57353,     5424
17490083,        2, 16527448,    68325,    57372,     5934
17920261,        3, 15505354,    68331,    57390,     6444
17920627,        4, 16781458,    68337,    57408,     6958
17920686,        0, 15966584,    67818,    58077,     4907
17920773,        1, 16070456,    67848,    58121,     5424
17920807,        2, 16530110,    67878,    58164,     5934
17921474,        3, 15995497,    67907,    58208,     6444
17923675,        0, 15966969,    69155,    57798,     4907
17924365,        1, 16078315,    69183,    57809,     5424
17924511,        2, 16536234,    69209,    57822,     5934
17926436,        3, 15511103,    69236,    57841,     6444
17927152,        0, 15967208,    69314,    58365,     4907
17928580,        1, 16079812,    69319,    58368,     5424
17929101,        2, 17054255,    69324,    58371,     5934
17929915,        3, 16002766,    69330,    58374,     6444
17930031,        4, 16779471,    69335,    58378,     6958
17930173,        0, 15967348,    69579,    57961,     4907
17930186,        1, 16078184,    69612,    57965,     5424
17930561,        2, 16536189,    69646,    57970,     5934
17930802,        3, 15512091,    69680,    57974,     6444
17930974,        4, 16783756,    69714,    57979,     6958
17931359,        0, 15967922,    68192,    58369,     4907
17931783,        1, 16074176,    68191,    58396,     5424
17931840,        3, 16000144,    68191,    58452,     6444
17932719,        4, 16776102,    68191,    58480,     6958
17933010,        0, 15969550,    70775,    57572,     4907
17933090,        1, 16084989,    70802,    57615,     5424
17933136,        2, 16550295,    70830,    57658,     5934
17935566,        3, 15516051,    70857,    57701,     6444
17935733,        4, 16786390,    70884,    57744,     6958
17937868,        0, 15970537,    70114,    56750,     4907
17938294,        1, 16083969,    70117,    56764,     5424
17938759,        2, 16541903,    70121,    56779,     5934
17939093,        3, 15511757,    70125,    56793,     6444
17940635,        4, 16255634,    70129,    56808,     6958
17941142,        0, 15971674,    70803,    57333,     4907
17941210,        1, 16084703,    70808,    57392,     5424
17941714,        2, 16543211,    70812,    57452,     5934
17942705,        3, 15509066,    70816,    57511,     6444
17943052,        4, 16789404,    70820,    57572,     6958
17945192,        0, 15972860,    70912,    57484,     4907
17945927,        1, 16084819,    70955,    57516,     5424
17946062,        2, 16543271,    70999,    57549,     5934
17946118,        3, 15515922,    71042,    57582,     6444
17947115,        4, 16790604,    71085,    57615,     6958
17947292,        0, 15973245,    69861,    58681,     4907
17948134,        1, 16586544,    69864,    58695,     5424
17948207,        2, 17052451,    69866,    58710,     5934
17948210,        3, 16008765,    69870,    58725,     6444
17948417,        4, 16782874,    69872,    58741,     6958
17949000,        0, 15973310,    69986,    58517,     4907
17949470,        1, 16584045,    69996,    58522,     5424
17949968,        3, 16007583,    70015,    58530,     6444
17950397,        4, 16784196,    70024,    58535,     6958
17950508,        0, 15974308,    71254,    57743,     4907
17951017,        1, 16084787,    71261,    57749,     5424
17952062,        2, 16544279,    71267,    57754,     5934
17952104,        3, 15515946,    71274,    57760,     6444
17952144,        4, 16791854,    71281,    57766,     6958
17952376,        1, 16085890,    71060,    57853,     5424
17953577,        2, 16544244,    71081,    57914,     5934
17953651,        3, 15518435,    71101,    57976,     6444
17954395,        4, 16791961,    71122,    58038,     6958
17954440,        0, 15974982,    70909,    58104,     4907
17954931,        2, 16546584,    70921,    58178,     5934
17955157,        3, 16010321,    70927,    58215,     6444
17955434,        4, 16787373,    70934,    58253,     6958
17956570,        1, 16087581,    71212,    57049,     5424
17956786,        0, 15975759,    71486,    56911,     4907
17957107,        1, 16091036,    71495,    56912,     5424
17957225,        2, 16545955,    71505,    56916,     5934
17958688,        3, 15518865,    71516,    56921,     6444
17959237,        4, 16793220,    71527,    56926,     6958
17959773,        0, 15975901,    70883,    56721,     4907
17960165,        1, 16086641,    70943,    56732,     5424
17961246,        2, 16545105,    71003,    56743,     5934
17962096,        3, 15517753,    71063,    56754,     6444
17963052,        4, 16263796,    71124,    56765,     6958
17963479,        0, 15977133,    73435,    57805,     4907
17963581,        1, 16097876,    73434,    57829,     5424
17966032,        2, 16556709,    73434,    57850,     5934
17966306,        3, 15527026,    73436,    57871,     6444
17966750,        4, 16799669,    73439,    57891,     6958
17967312,        0, 15977636,    72083,    57909,     4907
17967579,        1, 16090433,    72089,    57911,     5424
17967957,        2, 16549238,    72096,    57913,     5934
17968218,        3, 15519642,    72102,    57915,     6444
17969397,        4, 16786839,    72108,    57918,     6958
17970537,        0, 15978049,    73492,    57904,     4907
17970910,        1, 16097779,    73493,    57917,     5424
17971676,        2, 16556763,    73494,    57930,     5934
17972451,        3, 15527075,    73495,    57944,     6444
17973313,        4, 16799689,    73497,    57957,     6958
17974973,        0, 15979140,    73399,    57003,     4907
17975909,        1, 16096119,    73422,    57036,     5424
17977606,        2, 16554774,    73446,    57068,     5934
17977839,        3, 15527683,    73470,    57102,     6444
17979957,        4, 16801201,    73494,    57135,     6958
17980209,        0, 15979490,    72012,    57282,     4907
17981972,        1, 16088758,    72019,    57309,     5424
17982014,        2, 16548751,    72028,    57337,     5934
17983590,        3, 15520832,    72036,    57364,     6444
17984205,        4, 16789650,    72044,    57391,     6958
17985144,        0, 15980800,    72822,    57357,     4907
17985261,        1, 16091767,    72823,    57358,     5424
17985277,        2, 16550671,    72824,    57359,     5934
17985978,        3, 15515309,    72825,    57360,     6444
17986561,        4, 16798446,    72826,    57361,     6958
18422606,        0, 15983341,    72915,    56684,     4907
18423097,        1, 16093707,    72919,    56688,     5424
18423967,        2, 16552367,    72923,    56692,     5934
18424564,        3, 15525856,    72927,    56696,     6444
18425101,        4, 16272357,    72931,    56700,     6958
18426488,        0, 15983416,    73032,    56815,     4907
18426749,        1, 16098458,    73042,    56849,     5424
18429355,        2, 16553224,    73053,    56882,     5934
18430123,        3, 15526392,    73064,    56916,     6444
18430129,        4, 16793894,    73075,    56950,     6958
18430511,        0, 15983777,    71740,    58547,     4907
18430783,        1, 16592356,    71766,    58564,     5424
18430792,        2, 17065161,    71792,    58582,     5934
18430872,        3, 16014929,    71817,    58599,     6444
18431457,        4, 16791104,    71844,    58616,     6958
18431658,        0, 16415608,    56807,    60535,     4907
18432301,        1, 17044197,    56851,    60547,     5424
18432511,        2, 17531507,    56898,    60559,     5934
18434024,        3, 16460264,    56948,    60572,     6444
18434080,        4, 17252204,    56992,    60587,     6958
18434324,        0, 16416349,    56875,    59135,     4907
18434612,        1, 16541835,    56882,    59165,     5424
18434619,        2, 17011746,    56892,    59194,     5934
18434864,        3, 15959736,    56901,    59224,     6444
18435325,        4, 17253346,    56911,    59254,     6958
18436069,        0, 16417904,    57038,    59950,     4907
18436396,        1, 16538612,    57062,    59957,     5424
18436551,        2, 17008844,    57086,    59965,     5934
18439998,        3, 15963036,    57108,    59973,     6444
18441176,        4, 17254905,    57130,    59981,     6958
18441197,        0, 16417969,    56963,    60012,     4907
18441325,        1, 16538854,    56982,    60040,     5424
18441644,        2, 17010925,    57001,    60068,     5934
18442785,        3, 16461365,    57020,    60095,     6444
18443511,        4, 17255228,    57038,    60123,     6958
18443757,        0, 16418637,    57627,    59159,     4907
18446156,        1, 16536426,    57659,    59187,     5424
18446419,        2, 17006283,    57691,    59215,     5934
18448220,        3, 15958997,    57723,    59242,     6444
18448403,        4, 17258412,    57755,    59269,     6958
18448469,        0, 16418838,    57599,    59640,     4907
18449105,        1, 16536923,    57608,    59647,     5424
18450469,        2, 17004428,    57617,    59655,     5934
18451678,        3, 15956591,    57625,    59662,     6444
18451737,        4, 17254285,    57633,    59669,     6958
18453384,        1, 16541381,    58508,    59210,     5424
18453859,        2, 17011296,    58508,    59220,     5934
18454037,        3, 15960211,    58509,    59229,     6444
18454375,        4, 17266007,    58510,    59239,     6958
18454717,        0, 16424561,    58558,    60916,     4907
18455348,        2, 17533097,    58630,    60916,     5934
18455774,        4, 17790628,    58702,    60917,     6958
18456043,        0, 16425153,    58591,    59452,     4907
18456374,        1, 16546010,    58603,    59495,     5424
18456399,        2, 17008237,    58615,    59538,     5934
18457606,        3, 15961411,    58627,    59581,     6444
18457890,        4, 17262468,    58639,    59623,     6958
18458604,        0, 16425215,    58764,    59787,     4907
18459085,        1, 16545870,    58788,    59793,     5424
18459430,        2, 17016858,    58813,    59799,     5934
18459458,        4, 17262226,    58861,    59810,     6958
18460399,        0, 16425264,    58432,    59738,     4907
18460541,        1, 16538187,    58439,    59755,     5424
18461781,        2, 17009369,    58445,    59772,     5934
18461792,        3, 15961095,    58451,    59788,     6444
18463172,        4, 17268383,    58458,    59805,     6958
18463887,        0, 16427490,    58079,    60551,     4907
18464904,        1, 17041069,    58085,    60559,     5424
18466031,        2, 17531024,    58094,    60568,     5934
18466643,        3, 16459523,    58100,    60583,     6444
18468799,        4, 17258610,    58102,    60609,     6958
18470128,        0, 16427589,    58139,    60604,     4907
18470231,        1, 17043985,    58156,    60617,     5424
18471665,        2, 17531007,    58173,    60630,     5934
18471690,        3, 16460721,    58189,    60643,     6444
18472037,        4, 17258591,    58206,    60656,     6958
18472224,        0, 16428096,    59569,    60562,     4907
18473027,        1, 17049448,    59600,    60595,     5424
18474492,        0, 16429933,    59220,    59800,     4907
18474523,        1, 16542437,    59248,    59843,     5424
18477028,        2, 17012524,    59277,    59886,     5934
18477796,        3, 15966177,    59306,    59929,     6444
18478790,        4, 17263024,    59334,    59972,     6958
18479254,        0, 16430998,    60757,    60339,     4907
18480863,        1, 16552135,    60758,    60343,     5424
18481077,        2, 17537971,    60759,    60349,     5934
18481221,        4, 17268906,    60760,    60358,     6958
18482311,        0, 16431257,    60482,    60493,     4907
18482725,        1, 16548726,    60496,    60507,     5424
18482738,        2, 17540190,    60509,    60522,     5934
18485561,        3, 16467692,    60522,    60537,     6444
18486980,        4, 17268824,    60536,    60552,     6958
18487004,        0, 16432032,    60854,    59181,     4907
18488209,        1, 16552864,    60913,    59228,     5424
18488833,        2, 17024314,    60973,    59276,     5934
18488923,        3, 15975188,    61032,    59323,     6444
18489881,        4, 17276066,    61093,    59370,     6958
18489892,        0, 16432509,    60350,    60815,     4907
18489938,        1, 17050943,    60352,    60818,     5424
18919754,        2, 17540194,    60354,    60822,     5934
18920116,        3, 16468360,    60356,    60825,     6444
18920317,        4, 17270723,    60359,    60828,     6958
18920888,        0, 16434534,    59937,    60131,     4907
18920957,        1, 16547470,    59975,    60134,     5424
18921230,        2, 17018882,    60014,    60136,     5934
18921319,        3, 16468895,    60052,    60139,     6444
18921514,        4, 17264511,    60091,    60142,     6958
18921553,        1, 16550478,    61227,    59878,     5424
18922117,        0, 16435452,    59934,    60391,     4907
18922574,        1, 16548925,    59974,    60421,     5424
18924281,        2, 17539032,    60013,    60450,     5934
18927135,        3, 16467784,    60053,    60479,     6444
18927247,        4, 17265623,    60092,    60508,     6958
18927354,        0, 16435808,    61409,    60678,     4907
18927900,        1, 17059059,    61419,    60682,     5424
18928074,        2, 17548160,    61428,    60687,     5934
18929140,        4, 17275517,    61447,    60695,     6958
18929386,        0, 16435845,    61714,    60420,     4907
18930870,        1, 16556955,    61723,    60422,     5424
18931835,        2, 17550051,    61732,    60425,     5934
18932941,        3, 16475678,    61740,    60428,     6444
18934334,        4, 17274081,    61749,    60429,     6958
18934578,        0, 16436294,    59770,    59406,     4907
18934952,        1, 16549681,    59772,    59411,     5424
18935308,        2, 17015085,    59775,    59416,     5934
18935403,        3, 15969546,    59777,    59422,     6444
18935797,        4, 17266527,    59779,    59427,     6958
18935865,        0, 16436734,    61176,    59430,     4907
18935892,        1, 16553136,    61178,    59433,     5424
18937197,        2, 17024008,    61179,    59437,     5934
18937250,        4, 17275867,    61180,    59443,     6958
18937763,        0, 16437527,    59789,    60724,     4907
18938943,        1, 17050702,    59789,    60748,     5424
18939128,        2, 17539341,    59788,    60773,     5934
18940077,        0, 16439861,    61886,    59034,     4907
18940184,        1, 16557624,    61899,    59069,     5424
18940263,        2, 17027653,    61911,    59105,     5934
18940277,        3, 15976745,    61924,    59141,     6444
18940279,        4, 17270330,    61937,    59176,     6958
18940759,        0, 16440694,    62591,    60831,     4907
18941498,        1, 17066543,    62607,    60852,     5424
18942561,        2, 17547251,    62623,    60874,     5934
18944337,        3, 16473671,    62639,    60895,     6444
18945041,        4, 17807764,    62655,    60916,     6958
18947026,        0, 16442454,    62425,    59855,     4907
18949037,        1, 16550938,    62468,    59861,     5424
18951403,        2, 17021174,    62510,    59867,     5934
18955248,        3, 15974023,    62552,    59873,     6444
18955254,        4, 17280700,    62596,    59878,     6958
18955360,        3, 16476830,    61892,    60115,     6444
18956429,        0, 16443072,    63056,    59784,     4907
18956450,        1, 16562589,    63055,    59794,     5424
18956515,        2, 17028647,    63054,    59804,     5934
18956969,        0, 16443257,    63214,    60102,     4907
18957129,        1, 16563277,    63213,    60105,     5424
18957594,        2, 17035206,    63213,    60108,     5934
18957729,        3, 16485157,    63213,    60110,     6444
18958242,        0, 16443386,    62522,    60045,     4907
18958303,        1, 16551004,    62523,    60053,     5424
18958987,        2, 17022697,    62524,    60061,     5934
18959611,        3, 16474378,    62524,    60070,     6444
18959710,        4, 17280689,    62525,    60078,     6958
18960055,        0, 16443530,    62679,    59885,     4907
18960331,        1, 16558135,    62690,    59906,     5424
18961105,        2, 17021115,    62701,    59927,     5934
18963501,        3, 15974020,    62712,    59947,     6444
18963594,        4, 17282151,    62722,    59967,     6958
18964143,        0, 16444127,    63328,    60187,     4907
18964929,        1, 16564907,    63353,    60237,     5424
18965086,        2, 17035283,    63379,    60288,     5934
18965674,        3, 16483992,    63405,    60338,     6444
18965748,        4, 17282856,    63432,    60389,     6958
18965763,        0, 16444235,    62991,    60541,     4907
18966210,        1, 17068639,    63025,    60593,     5424
18966731,        2, 17556313,    63059,    60646,     5934
18967459,        3, 16484573,    63092,    60699,     6444
18968827,        4, 17284064,    63126,    60751,     6958
18969593,        0, 16446065,    62581,    59533,     4907
18971918,        1, 16561610,    62594,    59548,     5424
18972394,        2, 17024618,    62607,    59564,     5934
18972700,        3, 15972472,    62618,    59577,     6444
18973755,        4, 17279631,    62631,    59589,     6958
18974066,        0, 16446823,    64022,    60431,     4907
18974643,        2, 17558478,    64024,    60494,     5934
18974665,        3, 16482105,    64025,    60527,     6444
18974967,        4, 17277429,    64026,    60558,     6958
18975464,        0, 16450233,    63784,    59989,     4907
18975583,        1, 16563730,    63815,    59997,     5424
18976173,        2, 17034059,    63847,    60006,     5934
18976359,        3, 15980687,    63879,    60015,     6444
18976481,        4, 17281076,    63911,    60022,     6958
18976722,        0, 16450257,    63776,    60080,     4907
18977151,        1, 16563461,    63798,    60090,     5424
18978311,        2, 17033804,    63820,    60101,     5934
18979192,        3, 16481869,    63842,    60112,     6444
18979819,        4, 17281116,    63865,    60123,     6958
18981419,        0, 16450912,    64722,    58913,     4907
18982119,        1, 16569554,    64729,    58948,     5424
18983061,        2, 17031767,    64737,    58983,     5934
18984452,        3, 15982334,    64745,    59018,     6444
19420155,        4, 17291684,    64753,    59054,     6958
19420669,        0, 16452752,    64778,    59157,     4907
19420918,        1, 16573268,    64805,    59168,     5424
19421128,        2, 17040169,    64833,    59177,     5934
19422554,        3, 15990663,    64861,    59187,     6444
19422583,        4, 17291727,    64888,    59197,     6958
19423068,        0, 16453168,    65097,    60796,     4907
19423917,        1, 17075260,    65111,    60822,     5424
19424493,        2, 17565060,    65124,    60845,     5934
19425569,        3, 16492014,    65132,    60866,     6444
19427920,        4, 17292313,    65138,    60885,     6958
19428086,        0, 16453258,    64458,    60545,     4907
19428815,        1, 17066088,    64474,    60591,     5424
19429099,        2, 17556720,    64490,    60637,     5934
19429482,        3, 16481301,    64506,    60684,     6444
19430658,        4, 17292297,    64522,    60730,     6958
19431003,        0, 16453731,    64646,    59457,     4907
19431808,        1, 16569978,    64646,    59477,     5424
19432594,        2, 17032629,    64646,    59497,     5934
19433071,        4, 17292987,    64647,    59536,     6958
19433931,        0, 16454529,    67215,    60187,     4907
19434519,        1, 16579605,    67227,    60227,     5424
19435125,        2, 17050541,    67238,    60268,     5934
19435207,        3, 16497973,    67250,    60309,     6444
19435263,        4, 17293593,    67262,    60349,     6958
19435270,        0, 16456976,    67082,    59947,     4907
19435801,        1, 16577972,    67097,    59995,     5424
19436373,        2, 17048641,    67110,    60044,     5934
19436587,        3, 16500552,    67119,    60095,     6444
19436869,        4, 17296018,    67130,    60143,     6958
19437151,        0, 16457726,    67610,    59635,     4907
19437840,        1, 16576248,    67641,    59660,     5424
19438212,        2, 17044219,    67671,    59683,     5934
19438682,        3, 15994806,    67704,    59707,     6444
19439974,        4, 17295528,    67737,    59733,     6958
19439984,        0, 16458513,    66676,    58859,     4907
19440545,        1, 16578975,    66700,    58866,     5424
19440603,        2, 17039654,    66726,    58873,     5934
19441574,        3, 15993523,    66750,    58878,     6444
19442502,        4, 16774529,    66776,    58885,     6958
19442956,        0, 16462130,    68846,    60489,     4907
19443788,        1, 17092575,    68888,    60537,     5424
19443811,        2, 17580238,    68929,    60584,     5934
19444044,        3, 16505051,    68972,    60633,     6444
19444192,        4, 17302564,    69014,    60681,     6958
19444792,        0, 16462637,    68948,    58924,     4907
19444794,        1, 16581645,    68969,    58935,     5424
19444913,        2, 17059156,    68988,    58945,     5934
19445051,        3, 16004695,    69006,    58957,     6444
19445248,        0, 16462756,    69077,    58954,     4907
19445265,        1, 16581959,    69092,    58959,     5424
19445913,        2, 17053538,    69108,    58966,     5934
19446238,        3, 16004368,    69124,    58972,     6444
19446314,        4, 17302065,    69139,    58979,     6958
19446929,        0, 16463285,    68513,    60514,     4907
19450785,        1, 17084533,    68541,    60531,     5424
19450944,        2, 17572968,    68569,    60548,     5934
19451635,        3, 16498728,    68598,    60566,     6444
19452282,        4, 17301365,    68626,    60583,     6958
19453624,        0, 16463557,    69017,    59311,     4907
19454668,        1, 16582702,    69037,    59326,     5424
19454843,        2, 17055202,    69058,    59340,     5934
19455193,        3, 16005601,    69079,    59356,     6444
19456089,        4, 17303153,    69099,    59371,     6958
19457364,        0, 16464887,    69415,    58839,     4907
19457605,        1, 16581790,    69416,    58841,     5424
19458031,        2, 17053564,    69417,    58842,     5934
19460414,        3, 16004704,    69419,    58844,     6444
19460421,        4, 16782943,    69420,    58846,     6958
19462018,        0, 16465757,    69684,    60026,     4907
19462023,        1, 16580987,    69693,    60033,     5424
19462055,        2, 17051892,    69702,    60040,     5934
19462455,        3, 16008166,    69712,    60046,     6444
19462511,        4, 17304895,    69721,    60054,     6958
19463251,        0, 16466004,    68262,    60118,     4907
19464241,        1, 16578370,    68275,    60127,     5424
19464555,        2, 17049095,    68289,    60135,     5934
19466642,        3, 16500404,    68302,    60144,     6444
19468892,        4, 17304444,    68315,    60153,     6958
19470087,        0, 16466981,    68196,    58895,     4907
19470210,        1, 16579251,    68232,    58908,     5424
19470369,        2, 17046369,    68268,    58919,     5934
19470710,        3, 16001331,    68304,    58931,     6444
19470892,        4, 17304092,    68341,    58943,     6958
19470929,        0, 16468367,    69281,    59456,     4907
19471250,        1, 16583783,    69336,    59491,     5424
19471377,        2, 17054659,    69393,    59525,     5934
19472210,        3, 16002307,    69449,    59560,     6444
19472445,        4, 17308163,    69505,    59595,     6958
19472565,        0, 16468832,    67928,    59370,     4907
19472965,        1, 16575463,    67946,    59396,     5424
19473473,        2, 17046856,    67965,    59423,     5934
19473629,        3, 15994497,    67984,    59450,     6444
19474422,        4, 17300160,    68003,    59477,     6958
19475177,        0, 16470643,    70458,    60461,     4907
19475644,        1, 16587110,    70496,    60485,     5424
19475685,        2, 17580804,    70534,    60509,     5934
19477945,        3, 16506509,    70572,    60534,     6444
19478987,        4, 17309011,    70609,    60558,     6958
19479015,        0, 16470721,    70355,    60484,     4907
19480676,        1, 17092487,    70416,    60512,     5424
19480899,        2, 17582439,    70476,    60539,     5934
19480917,        3, 16506495,    70538,    60566,     6444
19481497,        4, 17309035,    70599,    60593,     6958
19486440,        2, 17055860,    70234,    59453,     5934
19486650,        3, 16007271,    70297,    59511,     6444
19486674,        4, 17311588,    70360,    59571,     6958
19487690,        0, 16471739,    70245,    59988,     4907
19487694,        1, 16585774,    70246,    59995,     5424
19487927,        2, 17056770,    70246,    60002,     5934
19487931,        3, 16008164,    70248,    60010,     6444
19920165,        4, 17316076,    70250,    60019,     6958
19920173,        0, 16471792,    70161,    59838,     4907
19920195,        1, 16584664,    70166,    59849,     5424
19921165,        2, 17056797,    70171,    59861,     5934
19921251,        3, 16006908,    70177,    59873,     6444
19929333,        4, 17304863,    70182,    59885,     6958
19937202,        0, 16472150,    69910,    58732,     4907
19940479,        1, 16586462,    69915,    58739,     5424
19940841,        2, 17052631,    69920,    58746,     5934
19942362,        3, 16008430,    69925,    58753,     6444
19945404,        4, 16782833,    69930,    58761,     6958
19946072,        0, 16472553,    69765,    59971,     4907
19950137,        1, 16580922,    69774,    60005,     5424
19950153,        2, 17052076,    69783,    60038,     5934
19950188,        3, 16008216,    69792,    60072,     6444
19953995,        4, 17304949,    69802,    60105,     6958
19954069,        3, 16007000,    70127,    59865,     6444
19954163,        4, 17304673,    70153,    59868,     6958
19959537,        0, 16472892,    71162,    59876,     4907
19960742,        1, 16588361,    71169,    59876,     5424
19962047,        2, 17059564,    71175,    59878,     5934
19962439,        3, 16009188,    71182,    59879,     6444
19966042,        4, 17313063,    71189,    59882,     6958
19968458,        0, 16472917,    71570,    59750,     4907
19968518,        1, 16592544,    71581,    59754,     5424
19968544,        2, 17059487,    71591,    59757,     5934
19968653,        3, 16014210,    71600,    59760,     6444
19968871,        4, 17315778,    71607,    59765,     6958
19968889,        0, 16473098,    71356,    59956,     4907
19969291,        1, 16588275,    71386,    59967,     5424
19969722,        2, 17059632,    71418,    59978,     5934
19973165,        3, 16015649,    71448,    59989,     6444
19975853,        4, 17313086,    71479,    60001,     6958
19976243,        0, 16473979,    71211,    60101,     4907
19976308,        1, 16588671,    71225,    60162,     5424
19976920,        2, 17061255,    71239,    60223,     5934
19979317,        3, 16513012,    71253,    60285,     6444
19981131,        4, 17314139,    71267,    60347,     6958
19981510,        0, 16474290,    69938,    58778,     4907
19981611,        1, 16586572,    69946,    58791,     5424
19982750,        2, 17052608,    69955,    58803,     5934
19985037,        3, 16008554,    69964,    58815,     6444
19986001,        4, 16782900,    69973,    58828,     6958
19986091,        3, 16011742,    71315,    58846,     6444
19987223,        0, 16474817,    71691,    59105,     4907
19987293,        1, 16594875,    71700,    59147,     5424
16046273,        2, 17066296,    71709,    59192,     5934
16544156,        3, 16014012,    71719,    59237,     6444
17047130,        4, 17314825,    71729,    59282,     6958
17049737,        0, 16475992,    71668,    59237,     4907
17577446,        1, 16594900,    71680,    59257,     5424
17577947,        2, 17066438,    71691,    59277,     5934
17584235,        3, 16013722,    71702,    59296,     6444
18064921,        4, 17314355,    71714,    59316,     6958
18569809,        1, 16584820,    70032,    59600,     5424
18599540,        2, 17055413,    70032,    59628,     5934
19059864,        4, 17308006,    70032,    59685,     6958
19070317,        0, 16476433,    69856,    59479,     4907
19073342,        1, 16584857,    69868,    59484,     5424
19584299,        0, 16478619,    72056,    60462,     4907
20097329,        4, 17309411,    72053,    60489,     6958
20104905,        0, 16479143,    72448,    59481,     4907
19670012,        1, 16592148,    72454,    59510,     5424
19958315,        2, 17063722,    72460,    59538,     5934
19477955,        3, 16009763,    72466,    59568,     6444
16755298,        4, 17318997,    72472,    59598,     6958
16948121,        0, 16479858,    72314,    58682,     4907
16956723,        2, 17064874,    72367,    58797,     5934
18957937,        3, 16011976,    72392,    58854,     6444
19440598,        4, 16797432,    72415,    58911,     6958
15970913,        0, 16480908,    73192,    59828,     4907
16426787,        1, 16599901,    73196,    59831,     5424
16479611,        2, 17067070,    73201,    59833,     5934
16415592,        3, 16023059,    73206,    59837,     6444
18467919,        4, 17320926,    73211,    59840,     6958
18475404,        0, 16481095,    73445,    59770,     4907
18485450,        1, 16600639,    73446,    59828,     5424
19454643,        2, 17072260,    73446,    59887,     5934
19943886,        3, 16023164,    73446,    59946,     6444
19960796,        0, 16482439,    72880,    58867,     4907
19976077,        1, 16596588,    72893,    58903,     5424
15943082,        2, 17069357,    72908,    58941,     5934
17433309,        3, 16020475,    72924,    58980,     6444
17445870,        4, 17322478,    72940,    59020,     6958
17451936,        0, 16482533,    73258,    59082,     4907
17462996,        1, 16602202,    73307,    59112,     5424
17935531,        2, 17073828,    73358,    59142,     5934
18441258,        3, 16021085,    73408,    59172,     6444
18933546,        4, 17322522,    73459,    59202,     6958
19426428,        0, 16483558,    73190,    59480,     4907
19431231,        1, 16599814,    73193,    59488,     5424
19468378,        2, 17070502,    73198,    59493,     5934
16539113,        3, 16021877,    73205,    59499,     6444
15955031,        0, 16916919,    56974,    61947,     4907
16952565,        1, 17048137,    56980,    61948,     5424
17466159,        2, 17535964,    56987,    61949,     5934
17928205,        3, 16464054,    56993,    61949,     6444
18464749,        4, 17785788,    57000,    61949,     6958
18465574,        0, 16917009,    57085,    61818,     4907
16952405,        1, 17048242,    57109,    61872,     5424
19948752,        2, 17535987,    57132,    61924,     5934
19972992,        3, 16464053,    57158,    61974,     6444
15971704,        4, 17786291,    57182,    62027,     6958
16470198,        0, 16917655,    57093,    61454,     4907
17435384,        1, 17042918,    57101,    61468,     5424
17564600,        2, 17537709,    57110,    61482,     5934
16961976,        3, 16463129,    57118,    61496,     6444
19426424,        4, 17781385,    57126,    61511,     6958
15978466,        0, 16918390,    57716,    61054,     4907
17461306,        1, 17040268,    57741,    61056,     5424
16961859,        2, 17529888,    57766,    61060,     5934
17433619,        3, 16461823,    57790,    61065,     6444
17480215,        4, 17783599,    57813,    61071,     6958
19455656,        0, 16921338,    57101,    62361,     4907
16970804,        1, 17046070,    57103,    62372,     5424
17952458,        2, 18059107,    57106,    62383,     5934
17490000,        3, 16968614,    57108,    62395,     6444
18437731,        4, 17786839,    57111,    62406,     6958
18945773,        0, 16921446,    56996,    62419,     4907
19457410,        1, 17047088,    57001,    62431,     5424
18958047,        2, 18059043,    57005,    62442,     5934
16036134,        3, 16968706,    57010,    62454,     6444
16434943,        4, 17786701,    57015,    62465,     6958
17940591,        0, 16921570,    56932,    62046,     4907
18454791,        1, 17045905,    56933,    62060,     5424
18474671,        2, 17535783,    56934,    62074,     5934
19428030,        4, 17785863,    56935,    62101,     6958
16921194,        0, 16922235,    57081,    62766,     4907
16936104,        1, 17548886,    57085,    62781,     5424
16942613,        2, 18061259,    57089,    62797,     5934
16944227,        3, 16964566,    57092,    62811,     6444
16439433,        4, 17785353,    57094,    62826,     6958
17426690,        0, 16922390,    57117,    62758,     4907
17474187,        1, 17548930,    57122,    62806,     5424
17474124,        2, 18061256,    57126,    62855,     5934
17480437,        3, 16964512,    57130,    62903,     6444
17478074,        4, 18314940,    57134,    62953,     6958
17921999,        0, 16922813,    57721,    62269,     4907
17453156,        1, 17045457,    57783,    62271,     5424
17950338,        2, 17534040,    57844,    62275,     5934
17961419,        3, 16963437,    57905,    62278,     6444
17965396,        4, 17788689,    57967,    62281,     6958
17470904,        0, 16926389,    58986,    61360,     4907
17966151,        1, 17048945,    59010,    61361,     5424
17480818,        2, 17546158,    59035,    61363,     5934
18472634,        3, 16469865,    59060,    61364,     6444
18461292,        4, 17791000,    59084,    61365,     6958
18968111,        0, 16927789,    58225,    61859,     4907
19468918,        2, 17535205,    58224,    61861,     5934
19484209,        3, 16464228,    58224,    61863,     6444
15412440,        4, 17792571,    58224,    61864,     6958
16917937,        0, 16928130,    58318,    61856,     4907
16439390,        2, 17536511,    58336,    61961,     5934
16444293,        3, 16464261,    58344,    62013,     6444
16945098,        4, 17797759,    58353,    62065,     6958
17941195,        0, 16928313,    59568,    61888,     4907
17967185,        1, 17053339,    59598,    61915,     5424
19481767,        2, 17543680,    59628,    61942,     5934
16480437,        3, 16469274,    59658,    61968,     6444
18935342,        4, 17797229,    59688,    61995,     6958
18473363,        0, 16928755,    59340,    60984,     4907
17928196,        1, 17049840,    59348,    61013,     5424
17444075,        2, 17538548,    59356,    61042,     5934
17927705,        3, 16469871,    59365,    61071,     6444
19956945,        4, 17791051,    59373,    61099,     6958
16443058,        0, 16930458,    58621,    62693,     4907
16965949,        1, 17558999,    58628,    62736,     5424
18049514,        2, 18060680,    58634,    62780,     5934
17963192,        3, 16965342,    58640,    62823,     6444
18472044,        4, 17794031,    58646,    62866,     6958
18966499,        0, 16932146,    59797,    62326,     4907
19472832,        1, 17054684,    59813,    62332,     5424
19973220,        2, 18062529,    59827,    62336,     5934
15480296,        0, 16933785,    60125,    60992,     4907
16964245,        1, 17050817,    60152,    61002,     5424
17467711,        2, 17541382,    60180,    61012,     5934
18453331,        3, 16468197,    60206,    61022,     6444
18432448,        4, 17802141,    60233,    61032,     6958
18455750,        0, 16933865,    60853,    60959,     4907
18921297,        0, 16934678,    60049,    61442,     4907
15958129,        1, 17051808,    60058,    61452,     5424
16926785,        2, 17545318,    60067,    61462,     5934
18940204,        3, 16471436,    60077,    61472,     6444
18974130,        4, 17793147,    60087,    61481,     6958
19458624,        0, 16936293,    61431,    61541,     4907
19435082,        1, 17064372,    61431,    61581,     5424
19425427,        2, 17551276,    61433,    61622,     5934
19441470,        3, 16479901,    61433,    61661,     6444
17928764,        4, 17801640,    61434,    61702,     6958
17434418,        0, 16936924,    61028,    61066,     4907
17456275,        1, 17056936,    61044,    61080,     5424
15955406,        2, 17546793,    61060,    61093,     5934
15967931,        3, 16477859,    61076,    61107,     6444
15962480,        4, 17800735,    61091,    61120,     6958
16967399,        0, 16937020,    59805,    60979,     4907
16976128,        0, 16937843,    60418,    61983,     4907
18464806,        1, 17054707,    60424,    61988,     5424
18472648,        2, 17544423,    60429,    61993,     5934
16438387,        3, 16472095,    60435,    61997,     6444
16442725,        4, 17802993,    60441,    62002,     6958
16984927,        0, 16938662,    60187,    62764,     4907
17976203,        1, 17558679,    60191,    62779,     5424
18439093,        2, 18069081,    60197,    62794,     5934
18474718,        3, 16973413,    60205,    62807,     6444
18589621,        4, 17802297,    60214,    62821,     6958
18422747,        0, 16939195,    61158,    62388,     4907
18441686,        1, 17060825,    61168,    62388,     5424
18450226,        2, 18070843,    61178,    62389,     5934
18961050,        3, 16978843,    61187,    62389,     6444
19105057,        4, 17804758,    61196,    62390,     6958
19430635,        0, 16939218,    61565,    62401,     4907
19925453,        1, 17063816,    61577,    62432,     5424
16031747,        2, 18070889,    61590,    62463,     5934
15412458,        3, 16983329,    61602,    62494,     6444
15949220,        4, 17804712,    61614,    62525,     6958
16417104,        0, 16939268,    61491,    62596,     4907
16446089,        1, 17565067,    61538,    62619,     5424
16925330,        2, 18075525,    61585,    62643,     5934
16935447,        3, 16983321,    61632,    62667,     6444
16948559,        4, 17804904,    61680,    62690,     6958
16948807,        0, 16940083,    61662,    62112,     4907
17440076,        1, 17063524,    61705,    62134,     5424
17450295,        2, 17553306,    61748,    62156,     5934
16957118,        3, 16982204,    61790,    62178,     6444
17928751,        4, 17805955,    61833,    62201,     6958
17953121,        0, 16940157,    61495,    61963,     4907
17978242,        1, 17062991,    61506,    61978,     5424
17978299,        2, 17552042,    61518,    61994,     5934
17488978,        3, 16480205,    61530,    62009,     6444
18441307,        4, 17805644,    61542,    62024,     6958
18485546,        2, 17554223,    62321,    61640,     5934
18485523,        0, 16942592,    62153,    61147,     4907
18452928,        0, 16944090,    62958,    61623,     4907
18979860,        2, 17559347,    63080,    61645,     5934
19481974,        3, 16488051,    63141,    61657,     6444
19448341,        4, 17810028,    63203,    61668,     6958
15970692,        2, 17552668,    62555,    61968,     5934
16418871,        4, 17811347,    62589,    61967,     6958
16568770,        0, 16946357,    62362,    62631,     4907
16432544,        1, 17560620,    62368,    62663,     5424
17455308,        2, 18076699,    62375,    62696,     5934
18445591,        3, 16979364,    62382,    62728,     6444
19427929,        4, 17810750,    62389,    62760,     6958
15920834,        0, 16948828,    63922,    61774,     4907
15945826,        1, 17070156,    63968,    61786,     5424
16454889,        2, 17561169,    64015,    61797,     5934
17430508,        3, 16486796,    64061,    61809,     6444
18444714,        4, 17807537,    64108,    61820,     6958
17939053,        0, 16949153,    65528,    61489,     4907
16547991,        1, 17076079,    65570,    61499,     5424
16942533,        2, 17570265,    65612,    61508,     5934
17069417,        3, 16494022,    65654,    61517,     6444
17469243,        4, 17814775,    65697,    61527,     6958
17471405,        0, 16949316,    65563,    61664,     4907
17964706,        1, 17077418,    65608,    61688,     5424
19561337,        2, 17570303,    65654,    61713,     5934
19591130,        3, 16494583,    65699,    61738,     6444
19984361,        4, 17814986,    65745,    61762,     6958
17088262,        0, 16951032,    64837,    61062,     4907
17482175,        3, 16496725,    64879,    61063,     6444
18046351,        4, 17817063,    64893,    61063,     6958
18579984,        0, 16951826,    65067,    61626,     4907
18483771,        1, 17080505,    65076,    61630,     5424
18976873,        2, 17570218,    65086,    61635,     5934
19967386,        3, 16494846,    65096,    61640,     6444
16446806,        4, 17817900,    65105,    61644,     6958
17469671,        0, 16951941,    65007,    61471,     4907
17483318,        1, 17080201,    65006,    61475,     5424
17963127,        0, 16951969,    64801,    61847,     4907
17967216,        1, 17080490,    64861,    61886,     5424
18426584,        2, 17568796,    64922,    61925,     5934
19430366,        3, 16495746,    64983,    61964,     6444
20159814,        4, 17822802,    65044,    62004,     6958
15917457,        0, 16952385,    64562,    60854,     4907
15981930,        1, 17067008,    64584,    60888,     5424
16429078,        2, 17556716,    64607,    60923,     5934
16958147,        3, 16481469,    64631,    60958,     6444
17463550,        4, 17818600,    64656,    60993,     6958
18461269,        0, 16952417,    64747,    60945,     4907
18919571,        1, 17075053,    64791,    60987,     5424
19468541,        2, 17564574,    64835,    61031,     5934
19432268,        3, 16491784,    64880,    61074,     6444
19470663,        4, 17817265,    64924,    61118,     6958
19970419,        0, 16952594,    64039,    62702,     4907
19987346,        1, 17568271,    64044,    62701,     5424
15926392,        1, 17072135,    63822,    61922,     5424
15968129,        2, 17561260,    63822,    61924,     5934
16456682,        3, 16487635,    63822,    61924,     6444
16469106,        4, 17811706,    63823,    61925,     6958
16429268,        0, 16953183,    63807,    62129,     4907
16953053,        1, 17071204,    63809,    62137,     5424
16965025,        2, 17560816,    63812,    62145,     5934
16983145,        3, 16984600,    63814,    62154,     6444
17435679,        4, 17811565,    63817,    62162,     6958
17478102,        0, 16954941,    64991,    62425,     4907
18451478,        1, 17080022,    64999,    62428,     5424
18447328,        2, 18091068,    65007,    62431,     5934
18924320,        3, 16998570,    65015,    62435,     6444
18449075,        4, 17821423,    65023,    62438,     6958
18969524,        0, 16955199,    64821,    62536,     4907
19438755,        0, 16955630,    64971,    62795,     4907
19438646,        1, 17581830,    64977,    62841,     5424
19987365,        2, 18089073,    64983,    62887,     5934
15956199,        3, 16994429,    64989,    62933,     6444
15451584,        4, 18352372,    64996,    62979,     6958
15944239,        0, 16956217,    64616,    62086,     4907
16461366,        2, 17559047,    64742,    62161,     5934
16954788,        0, 16956228,    64226,    61854,     4907
16972108,        1, 17069806,    64243,    61865,     5424
17426796,        2, 17560549,    64260,    61876,     5934
16954329,        3, 16485412,    64277,    61887,     6444
16952677,        4, 17816507,    64294,    61899,     6958
17469420,        0, 16958122,    67612,    61122,     4907
17936518,        1, 17081109,    67618,    61135,     5424
17455890,        2, 17571076,    67623,    61146,     5934
18438373,        3, 16501072,    67628,    61157,     6444
18456104,        4, 17824527,    67634,    61169,     6958
17969471,        0, 16960759,    67398,    62746,     4907
18457754,        1, 17583121,    67412,    62755,     5424
18952910,        2, 18094504,    67425,    62761,     5934
18472644,        3, 17000888,    67438,    62762,     6444
18973015,        4, 17827486,    67450,    62763,     6958
19466575,        0, 16961262,    67142,    61961,     4907
19935714,        1, 17086782,    67181,    61994,     5424
15917541,        2, 17576575,    67218,    62026,     5934
15444317,        3, 16500870,    67257,    62060,     6444
15963422,        4, 17828241,    67295,    62092,     6958
15936263,        0, 16961326,    67028,    62066,     4907
15969061,        1, 17086758,    67056,    62110,     5424
16454336,        2, 17576721,    67083,    62153,     5934
16463543,        3, 17004050,    67111,    62198,     6444
16471758,        4, 17827916,    67139,    62241,     6958
16475531,        0, 16961801,    67075,    62560,     4907
16932612,        1, 17587066,    67091,    62568,     5424
16951592,        2, 18099616,    67106,    62578,     5934
16956208,        3, 17006283,    67119,    62585,     6444
17929845,        4, 17828848,    67129,    62597,     6958
17474098,        0, 16964055,    66480,    62140,     4907
18462108,        1, 17078348,    66502,    62154,     5424
18438000,        2, 17566732,    66522,    62167,     5934
18439968,        3, 16996939,    66543,    62182,     6444
18572757,        4, 17830962,    66565,    62197,     6958
18478698,        0, 16966474,    68125,    61230,     4907
18977217,        1, 17084290,    68182,    61253,     5424
18939287,        2, 17571057,    68238,    61275,     5934
19483788,        3, 16504060,    68295,    61297,     6444
19426065,        4, 17833205,    68352,    61319,     6958
19937004,        0, 16966819,    69664,    60975,     4907
15924338,        2, 17579086,    69707,    60975,     5934
16545068,        3, 16507395,    69729,    60976,     6444
16451330,        4, 17835405,    69750,    60977,     6958
15951701,        0, 16967957,    69654,    61607,     4907
16459032,        1, 17093387,    69664,    61609,     5424
16926902,        3, 16510516,    69687,    61610,     6444
16440642,        4, 17835075,    69699,    61610,     6958
17922936,        0, 16968352,    68246,    60832,     4907
17438367,        0, 16968910,    68790,    62142,     4907
17982079,        1, 17094244,    68798,    62178,     5424
17931644,        2, 17585194,    68807,    62212,     5934
18425259,        3, 17004250,    68816,    62247,     6444
18949338,        4, 17836276,    68823,    62281,     6958
19447036,        0, 16969070,    69183,    61858,     4907
19478746,        2, 17584211,    68922,    62017,     5934
19925345,        3, 16508225,    68927,    62021,     6444
16468555,        4, 17836144,    68934,    62026,     6958
15967838,        0, 16969222,    68789,    62114,     4907
15962568,        1, 17094187,    68806,    62119,     5424
16460730,        2, 17584186,    68823,    62133,     5934
16927669,        3, 17007367,    68844,    62161,     6444
17489344,        4, 17836400,    68867,    62185,     6958
17918971,        0, 16971248,    69731,    62618,     4907
17920952,        2, 18102298,    69739,    62663,     5934
17939647,        0, 16971484,    69794,    61776,     4907
17926648,        1, 17095789,    69799,    61781,     5424
18937459,        2, 17583224,    69804,    61787,     5934
18919674,        3, 16510758,    69810,    61792,     6444
19942147,        4, 17834920,    69816,    61798,     6958
19966139,        0, 16972102,    68250,    62014,     4907
19472897,        1, 17087338,    68280,    62033,     5424
19484184,        2, 17577184,    68309,    62052,     5934
15961103,        3, 16503512,    68340,    62071,     6444
15983260,        4, 17839649,    68372,    62091,     6958
16418597,        0, 16972407,    71687,    60702,     4907
16437961,        2, 17588753,    71686,    60802,     5934
15950212,        0, 16972653,    70282,    61550,     4907
16438519,        1, 17095561,    70315,    61576,     5424
17054156,        2, 17585741,    70348,    61599,     5934
17934128,        3, 16510715,    70382,    61622,     6444
18439357,        4, 17840221,    70417,    61644,     6958
18475441,        0, 16973961,    69895,    61007,     4907
18481020,        1, 17090940,    69909,    61033,     5424
18925739,        2, 17578895,    69924,    61058,     5934
18934246,        3, 16507588,    69937,    61083,     6444
18943252,        4, 17833842,    69952,    61108,     6958
18981595,        0, 16976453,    70569,    62655,     4907
18930227,        1, 17589420,    70582,    62671,     5424
19459731,        2, 18107334,    70594,    62689,     5934
19426296,        3, 17009812,    70606,    62708,     6444
19455216,        4, 17843819,    70620,    62730,     6958
19967478,        0, 16978728,    71096,    62256,     4907
19987423,        1, 17101637,    71107,    62268,     5424
15917616,        2, 17590446,    71118,    62280,     5934
15932877,        3, 17015103,    71130,    62293,     6444
16935249,        4, 17847262,    71140,    62305,     6958
17091630,        0, 16979585,    71121,    62097,     4907
16975449,        1, 17101519,    71157,    62118,     5424
16478627,        2, 17592090,    71193,    62140,     5934
16946657,        3, 17015177,    71229,    62165,     6444
17458130,        4, 17847580,    71265,    62192,     6958
16954501,        0, 16980222,    69925,    61842,     4907
17473185,        1, 17095716,    69931,    61869,     5424
16986899,        2, 17583968,    69937,    61896,     5934
17940733,        3, 16510515,    69944,    61922,     6444
17478092,        4, 17838689,    69950,    61949,     6958
18557325,        0, 16980231,    69951,    61799,     4907
17969405,        1, 17095771,    69960,    61820,     5424
18955350,        2, 17584671,    69970,    61841,     5934
18969498,        3, 16510752,    69980,    61862,     6444
18969751,        4, 17835046,    69989,    61884,     6958
18919678,        0, 16980748,    72395,    61444,     4907
19438206,        1, 17097088,    72425,    61454,     5424
19469322,        2, 17591634,    72455,    61464,     5934
19484600,        3, 16516646,    72485,    61474,     6444
19960574,        4, 17848244,    72515,    61483,     6958
15425175,        0, 16982078,    72213,    61020,     4907
15937510,        1, 17098947,    72225,    61023,     5424
16426990,        2, 17589511,    72238,    61026,     5934
16963823,        3, 16512505,    72251,    61030,     6444
16925385,        4, 17849059,    72264,    61034,     6958
16929985,        0, 16982588,    72881,    61172,     4907
16986738,        1, 17104066,    72885,    61182,     5424
16987558,        2, 17594407,    72889,    61192,     5934
17981281,        3, 16524907,    72893,    61201,     6444
18430881,        4, 17850398,    72897,    61212,     6958
18920859,        0, 16982914,    72858,    61153,     4907
18939290,        1, 17104015,    72896,    61159,     5424
18960675,        2, 17594437,    72933,    61166,     5934
18985129,        3, 16524930,    72970,    61173,     6444
19948968,        4, 17850425,    73008,    61180,     6958
19454893,        0, 16983491,    73047,    61535,     4907
15941356,        1, 17110399,    73065,    61538,     5424
15941259,        2, 17598727,    73078,    61544,     5934
15441267,        4, 17850968,    73112,    61543,     6958
15963240,        0, 16985141,    72081,    61662,     4907
16461196,        1, 17103302,    72088,    61667,     5424
16444065,        2, 17593891,    72096,    61673,     5934
16949603,        3, 16517775,    72104,    61679,     6444
16921430,        4, 17840687,    72113,    61685,     6958
17967626,        0, 16985529,    73476,    62009,     4907
17968270,        1, 17109784,    73478,    62035,     5424
18432870,        2, 17600631,    73480,    62061,     5934
18446933,        3, 16525984,    73482,    62086,     6444
18965788,        4, 17855256,    73485,    62112,     6958
19559623,        0, 16986031,    72354,    62129,     4907
15923823,        1, 17102037,    72358,    62139,     5424
16441911,        2, 17592989,    72363,    62149,     5934
15950237,        3, 17015337,    72367,    62160,     6444
16464836,        4, 17852364,    72372,    62171,     6958
