Vector Track Size:     1254

21446653,        2, 22474644,    56907,    65118,    11356
21446713,        3, 24044656,    56907,    65132,    11872
21446857,        4, 25222440,    56907,    65146,    12387
23344638,        0, 21446713,    56856,    65345,    10285
23357689,        1, 21950083,    56864,    65354,    10815
23358682,        2, 22471759,    56872,    65364,    11356
23358799,        3, 24044858,    56879,    65373,    11872
23358949,        4, 25222511,    56887,    65382,    12387
23360029,        0, 21446857,    57130,    65118,    10285
23361425,        2, 22474689,    57133,    65121,    11356
23362527,        3, 24048847,    57134,    65122,    11872
23364822,        4, 25228972,    57136,    65124,    12387
18987828,        0, 23344638,    62708,    70916,    10285
20840543,        1, 23838691,    62731,    70934,    10815
18964929,        2, 24454846,    62754,    70953,    11356
18967247,        3, 26106846,    62776,    70970,    11872
18969500,        4, 27218724,    62798,    70987,    12387
18973322,        0, 23357689,    64494,    72026,    10285
18973371,        1, 23853040,    64546,    72081,    10815
18973535,        2, 25112843,    64597,    72137,    11356
18975434,        3, 26121991,    64645,    72190,    11872
18975452,        4, 27232746,    64694,    72243,    12387
18975647,        0, 23358682,    64056,    71508,    10285
18975699,        1, 23853380,    64081,    71534,    10815
18978687,        2, 24460323,    64106,    71561,    11356
18979203,        3, 26123866,    64130,    71586,    11872
18979317,        4, 27236856,    64154,    71612,    12387
18982934,        0, 23358799,    64261,    71397,    10285
18985885,        1, 23853283,    64287,    71417,    10815
18986513,        2, 24463118,    64313,    71438,    11356
18988043,        3, 26118541,    64338,    71458,    11872
18988541,        4, 27237007,    64363,    71478,    12387
18988595,        0, 23358949,    64082,    71536,    10285
18991587,        1, 23852402,    64109,    71598,    10815
18996749,        2, 24460405,    64136,    71660,    11356
18998298,        3, 26123926,    64162,    71721,    11872
18999113,        4, 27237300,    64187,    71780,    12387
18999503,        0, 23360029,    67171,    71219,    10285
19003915,        1, 23859701,    67183,    71274,    10815
19003972,        2, 24471766,    67195,    71326,    11356
19004281,        3, 26139683,    67206,    71379,    11872
19008549,        4, 27246785,    67218,    71431,    12387
19011307,        0, 23361425,    66368,    70640,    10285
19012016,        1, 23856005,    66394,    70644,    10815
19020467,        2, 24468636,    66420,    70649,    11356
19020815,        3, 26126490,    66445,    70654,    11872
19022250,        4, 27239564,    66471,    70658,    12387
19024543,        0, 23362527,    66253,    71137,    10285
19026040,        1, 23863255,    66275,    71170,    10815
19027268,        2, 24473392,    66295,    71202,    11356
19031770,        3, 26125590,    66315,    71233,    11872
19033198,        4, 27238272,    66335,    71265,    12387
19033231,        0, 23364822,    67167,    71304,    10285
19035057,        1, 23859332,    67178,    71324,    10815
19035700,        2, 24471524,    67190,    71345,    11356
19036962,        3, 26139622,    67200,    71364,    11872
19037208,        4, 27246572,    67212,    71384,    12387
19038450,        0, 18987828,    61515,    57553,    10285
19039822,        1, 19467140,    61530,    57557,    10815
19043018,        2, 19921591,    61547,    57562,    11356
19043556,        3, 21345968,    61561,    57566,    11872
19046888,        4, 22631381,    61577,    57570,    12387
19580518,        0, 20840543,    58369,    63491,    10285
19584001,        1, 21344688,    58425,    63503,    10815
19584003,        2, 21840757,    58481,    63517,    11356
19584156,        3, 23373488,    58534,    63529,    11872
19584811,        4, 24590609,    58587,    63541,    12387
19584870,        0, 18964929,    56891,    56526,    10285
19585178,        1, 19448289,    56931,    56554,    10815
19585666,        2, 19883327,    56973,    56584,    11356
19586363,        3, 21329875,    57013,    56611,    11872
19586377,        4, 22602534,    57054,    56640,    12387
19588090,        0, 18967247,    57448,    56781,    10285
19588134,        1, 19450746,    57453,    56787,    10815
19588452,        2, 19884601,    57459,    56795,    11356
19589856,        3, 21334563,    57464,    56802,    11872
19589998,        4, 22605180,    57469,    56810,    12387
19591373,        0, 18969500,    57526,    57233,    10285
19592431,        1, 19452817,    57532,    57242,    10815
19594732,        2, 19899218,    57539,    57252,    11356
19595169,        3, 21330959,    57546,    57262,    11872
19595519,        4, 22617546,    57553,    57271,    12387
19599025,        0, 18973322,    58520,    57732,    10285
19599162,        1, 19457050,    58533,    57740,    10815
19600527,        2, 19894514,    58546,    57749,    11356
19600734,        3, 21324460,    58559,    57758,    11872
19601179,        4, 22612008,    58571,    57766,    12387
19602080,        0, 18973371,    59152,    57677,    10285
19602119,        1, 19463071,    59179,    57685,    10815
19604113,        2, 19897077,    59207,    57693,    11356
19604764,        3, 21341881,    59234,    57701,    11872
19607167,        0, 18973535,    58548,    57790,    10285
19607448,        2, 19894460,    58548,    57795,    11356
19609357,        3, 21324485,    58547,    57798,    11872
19609718,        0, 18975434,    58679,    58197,    10285
19610503,        1, 20082563,    58682,    58222,    10815
19610914,        2, 20536888,    58685,    58249,    11356
19611070,        3, 21328604,    58687,    58274,    11872
19611824,        4, 22617028,    58690,    58300,    12387
19614589,        0, 18975452,    58437,    57986,    10285
19614796,        1, 19459336,    58449,    58012,    10815
19615442,        2, 20536970,    58462,    58039,    11356
19617170,        3, 21325279,    58475,    58066,    11872
19617804,        4, 22614778,    58488,    58093,    12387
19620790,        0, 18975647,    58896,    58213,    10285
19622739,        1, 20082590,    58925,    58249,    10815
19623844,        2, 20538559,    58955,    58287,    11356
19623985,        3, 21340499,    58984,    58322,    11872
19624739,        4, 22616905,    59013,    58358,    12387
19627218,        0, 18975699,    58328,    58061,    10285
19628810,        1, 19459475,    58335,    58092,    10815
19633510,        2, 20537143,    58342,    58125,    11356
19635124,        3, 21325505,    58349,    58157,    11872
19637500,        4, 22614541,    58356,    58190,    12387
19638538,        0, 18978687,    59449,    57488,    10285
19640528,        1, 19463248,    59478,    57508,    10815
19640537,        2, 19897048,    59509,    57529,    11356
19640914,        3, 21335815,    59536,    57549,    11872
19642080,        4, 22631009,    59565,    57570,    12387
19643004,        0, 18979203,    59452,    57815,    10285
19645202,        1, 19463184,    59454,    57827,    10815
19646421,        2, 20539904,    59458,    57839,    11356
19646488,        3, 21343483,    59460,    57850,    11872
19647405,        4, 22610539,    59464,    57860,    12387
19650433,        0, 18979317,    59566,    57812,    10285
19654504,        1, 19461405,    59579,    57875,    10815
19655093,        2, 20549740,    59592,    57941,    11356
19655761,        3, 21336716,    59605,    58003,    11872
19655832,        4, 22622808,    59619,    58065,    12387
20201169,        0, 18982934,    60159,    57704,    10285
20204501,        1, 19466740,    60182,    57753,    10815
20204551,        2, 19904613,    60206,    57805,    11356
20205301,        3, 21336754,    60230,    57854,    11872
20209926,        4, 22629507,    60253,    57903,    12387
20211108,        0, 18985885,    60441,    58130,    10285
20214088,        1, 19469829,    60493,    58158,    10815
20216613,        2, 20546993,    60548,    58189,    11356
20216614,        3, 21341426,    60600,    58217,    11872
20218286,        4, 22627810,    60654,    58246,    12387
20218618,        0, 18986513,    61472,    56804,    10285
20219620,        1, 19470556,    61478,    56804,    10815
20221185,        2, 19908076,    61485,    56805,    11356
20221242,        4, 22624672,    61499,    56806,    12387
20221727,        0, 18988043,    61159,    57193,    10285
20222786,        1, 19472062,    61162,    57203,    10815
20224455,        2, 19908634,    61165,    57214,    11356
20224998,        3, 21349750,    61169,    57225,    11872
20227063,        4, 22628400,    61172,    57236,    12387
20228694,        0, 18988541,    60776,    57586,    10285
20229319,        1, 19472958,    60783,    57597,    10815
20229696,        2, 19906996,    60790,    57606,    11356
20230319,        3, 21342402,    60797,    57617,    11872
20230866,        4, 22628388,    60805,    57627,    12387
20231994,        0, 18988595,    60810,    57865,    10285
20232113,        1, 19471567,    60858,    57885,    10815
20232174,        2, 20549837,    60907,    57907,    11356
20233763,        3, 21354588,    60954,    57927,    11872
20233846,        4, 22629143,    61002,    57948,    12387
20234801,        0, 18991587,    63354,    57283,    10285
20234865,        1, 19475628,    63356,    57294,    10815
20237151,        2, 19913545,    63358,    57304,    11356
20239390,        3, 21360790,    63360,    57315,    11872
20241880,        4, 22632226,    63363,    57326,    12387
20241917,        0, 18996749,    63051,    56877,    10285
20242543,        1, 19480656,    63052,    56879,    10815
20243311,        2, 19918966,    63055,    56881,    11356
20243707,        3, 21359074,    63057,    56884,    11872
20244757,        4, 22636119,    63059,    56886,    12387
20244763,        0, 18998298,    62704,    57477,    10285
20245123,        1, 19483044,    62708,    57492,    10815
20247328,        2, 19917956,    62711,    57509,    11356
20248056,        3, 21353226,    62715,    57525,    11872
20248131,        4, 22639246,    62719,    57541,    12387
20249547,        1, 19483408,    63114,    57747,    10815
20251639,        0, 18999503,    62468,    57750,    10285
20253825,        1, 19483369,    62529,    57804,    10815
20255417,        2, 20561188,    62593,    57861,    11356
20258325,        3, 21354102,    62652,    57915,    11872
20259437,        4, 22640409,    62711,    57969,    12387
20260766,        0, 19003915,    65300,    58020,    10285
20263069,        1, 19487898,    65306,    58040,    10815
20266192,        2, 20567236,    65312,    58060,    11356
20269683,        3, 21374961,    65317,    58081,    11872
20271670,        4, 22646006,    65324,    58100,    12387
20273402,        0, 19003972,    65553,    58120,    10285
20275499,        1, 19487961,    65570,    58166,    10815
20278919,        2, 20580220,    65589,    58214,    11356
20279507,        3, 21373741,    65606,    58260,    11872
20281621,        4, 22657638,    65623,    58304,    12387
20281637,        0, 19004281,    65735,    57095,    10285
20282639,        1, 19488455,    65742,    57098,    10815
20286979,        2, 19939925,    65748,    57101,    11356
20286995,        3, 21372834,    65754,    57105,    11872
20831007,        4, 22656259,    65761,    57108,    12387
20831221,        0, 19008549,    64386,    57844,    10285
20831890,        1, 19490942,    64390,    57861,    10815
20833384,        2, 20570967,    64395,    57879,    11356
20833403,        3, 21364978,    64399,    57896,    11872
20833516,        4, 22650598,    64404,    57912,    12387
20834111,        3, 21384866,    67519,    57549,    11872
20836945,        4, 22668548,    67544,    57553,    12387
20837598,        2, 19931377,    67121,    56641,    11356
20838002,        0, 19020467,    68387,    57553,    10285
20841248,        1, 19504642,    68394,    57571,    10815
20841716,        2, 19945285,    68401,    57591,    11356
20841828,        3, 21377071,    68407,    57608,    11872
20843771,        4, 22662980,    68414,    57627,    12387
20844271,        0, 19020815,    68567,    57848,    10285
20844959,        1, 19507013,    68568,    57857,    10815
20849965,        0, 19022250,    69025,    57014,    10285
20853903,        3, 21391796,    69022,    57046,    11872
20854399,        0, 19024543,    68200,    58260,    10285
20856057,        1, 20131031,    68206,    58262,    10815
20857093,        2, 20587822,    68213,    58263,    11356
20859645,        3, 21380616,    68219,    58265,    11872
20860687,        4, 22665619,    68224,    58266,    12387
20862644,        0, 19026040,    69228,    57418,    10285
20864039,        1, 19510279,    69244,    57422,    10815
20864456,        2, 19947459,    69261,    57425,    11356
20864928,        3, 21393997,    69279,    57428,    11872
20869558,        4, 22668816,    69296,    57433,    12387
20869575,        0, 19027268,    69520,    57748,    10285
20870372,        1, 19511149,    69554,    57784,    10815
20871767,        2, 20601633,    69589,    57820,    11356
20871794,        3, 21388805,    69622,    57855,    11872
20874520,        4, 22673844,    69654,    57890,    12387
20877660,        0, 19031770,    70180,    56731,    10285
20878525,        1, 19517046,    70185,    56735,    10815
20878747,        2, 19952032,    70191,    56740,    11356
20880075,        3, 21389256,    70196,    56744,    11872
20880818,        4, 22675040,    70200,    56748,    12387
20882117,        0, 19033198,    70680,    56857,    10285
20882879,        1, 19518984,    70712,    56868,    10815
20885037,        3, 21396544,    70777,    56891,    11872
20886304,        4, 22678187,    70808,    56902,    12387
20886325,        0, 19033231,    70159,    56924,    10285
20887717,        1, 19517127,    70163,    56938,    10815
20888283,        2, 19952042,    70166,    56953,    11356
20888287,        3, 21389597,    70170,    56966,    11872
20889165,        4, 22676425,    70174,    56980,    12387
20889178,        0, 19035057,    71529,    56870,    10285
20890777,        1, 19519235,    71589,    56883,    10815
20891719,        2, 19962238,    71652,    56895,    11356
20895024,        3, 21399848,    71711,    56907,    11872
20895080,        4, 22686585,    71770,    56919,    12387
20902775,        0, 19035700,    70857,    58003,    10285
20904031,        1, 19519722,    70862,    58066,    10815
20904580,        2, 20602243,    70867,    58130,    11356
20908290,        3, 21406289,    70872,    58192,    11872
20908774,        4, 22679204,    70876,    58253,    12387
20908852,        0, 19036962,    70712,    57687,    10285
20908868,        1, 19521330,    70721,    57711,    10815
20909288,        2, 20598772,    70730,    57736,    11356
20911305,        3, 21394635,    70738,    57760,    11872
20914459,        4, 22680850,    70746,    57784,    12387
20914819,        0, 19037208,    71332,    57831,    10285
21451444,        1, 19519598,    71339,    57838,    10815
21452603,        2, 20598785,    71346,    57845,    11356
21453196,        3, 21399037,    71353,    57851,    11872
21456239,        4, 22674469,    71360,    57858,    12387
21461632,        0, 19038450,    69943,    58027,    10285
21462157,        1, 19522876,    69977,    58031,    10815
21462411,        2, 20595977,    70012,    58035,    11356
21463662,        4, 22673506,    70079,    58043,    12387
21464014,        0, 19039822,    72157,    57951,    10285
21465132,        1, 19527291,    72163,    57953,    10815
21466736,        2, 20605687,    72170,    57954,    11356
21468240,        3, 21405416,    72176,    57955,    11872
21468413,        4, 23341494,    72585,    58489,    12387
21470350,        1, 19528373,    72410,    56971,    10815
21470757,        0, 19046888,    72965,    56752,    10285
21471488,        1, 19528006,    72969,    56757,    10815
21471599,        2, 19968747,    72974,    56761,    11356
21473634,        3, 21410398,    72978,    56765,    11872
21474773,        4, 22685912,    72982,    56769,    12387
21476344,        0, 19580518,    57699,    59730,    10285
21478804,        1, 20075926,    57707,    59736,    10815
21479371,        2, 20544066,    57716,    59744,    11356
21479616,        3, 22003873,    57724,    59750,    11872
21481124,        4, 23271452,    57732,    59756,    12387
21481200,        0, 19584001,    59023,    59851,    10285
21481941,        1, 20079432,    59046,    59854,    10815
21484716,        2, 21187755,    59068,    59858,    11356
21485851,        3, 22013789,    59090,    59861,    11872
21486165,        4, 23272149,    59112,    59864,    12387
21487779,        0, 19584003,    58510,    59936,    10285
21488651,        1, 20081251,    58516,    59953,    10815
21489837,        2, 21187807,    58523,    59972,    11356
21490154,        3, 21998102,    58529,    59989,    11872
21490168,        4, 23266003,    58536,    60007,    12387
21491084,        0, 19584156,    58745,    59898,    10285
21491123,        1, 20081386,    58759,    59937,    10815
21496239,        2, 21187748,    58774,    59977,    11356
21497620,        3, 22001567,    58787,    60015,    11872
21498986,        4, 23274216,    58801,    60055,    12387
21499003,        0, 19584811,    58760,    58327,    10285
21499248,        1, 20080455,    58761,    58335,    10815
21500620,        2, 20536517,    58762,    58344,    11356
21501024,        3, 21328674,    58763,    58353,    11872
21502264,        4, 22616926,    58764,    58362,    12387
21502705,        0, 19584870,    58748,    58779,    10285
21502802,        1, 20082230,    58762,    58821,    10815
21503617,        2, 20539547,    58776,    58865,    11356
21503739,        3, 22001743,    58789,    58906,    11872
21504628,        4, 23275162,    58802,    58948,    12387
21507070,        1, 20080761,    58565,    58579,    10815
21507559,        2, 20538502,    58631,    58579,    11356
21508189,        4, 23273506,    58754,    58578,    12387
21514214,        4, 23267253,    58236,    60252,    12387
21514234,        0, 19586363,    59014,    58732,    10285
21515583,        1, 20082187,    59042,    58784,    10815
21516851,        3, 22015003,    59100,    58885,    11872
21517067,        4, 23275230,    59129,    58935,    12387
21519311,        0, 19586377,    58775,    59135,    10285
21520334,        1, 20083044,    58784,    59172,    10815
21520614,        2, 20536289,    58794,    59210,    11356
21522909,        3, 22002019,    58802,    59247,    11872
21523388,        4, 23270363,    58812,    59284,    12387
21524104,        0, 19588090,    57974,    59470,    10285
21526747,        1, 20083746,    58004,    59497,    10815
21526833,        2, 20541715,    58037,    59526,    11356
22066927,        3, 22001066,    58068,    59554,    11872
22068638,        4, 23269329,    58099,    59581,    12387
22070226,        0, 19588134,    58059,    59392,    10285
22073848,        1, 20083782,    58093,    59403,    10815
22075224,        2, 20541558,    58131,    59414,    11356
22076660,        3, 22000106,    58166,    59425,    11872
22079072,        4, 23269144,    58201,    59436,    12387
22079103,        0, 19588452,    59808,    59479,    10285
22079355,        2, 20551460,    59813,    59491,    11356
22080037,        3, 22011714,    59816,    59495,    11872
22080058,        4, 23280829,    59819,    59501,    12387
22081527,        0, 19589856,    59403,    59666,    10285
22084140,        1, 20085765,    59415,    59696,    10815
22084367,        2, 20543602,    59429,    59728,    11356
22085623,        3, 22012519,    59442,    59757,    11872
22086307,        4, 23271728,    59455,    59787,    12387
22086437,        0, 19589998,    59425,    59803,    10285
22088107,        1, 20085269,    59442,    59839,    10815
22088197,        2, 21191351,    59460,    59877,    11356
22088954,        3, 22012250,    59477,    59913,    11872
22089530,        4, 23272119,    59494,    59949,    12387
22089959,        1, 20087169,    59784,    60097,    10815
22092331,        2, 21199314,    59784,    60132,    11356
22093180,        3, 22008008,    59786,    60165,    11872
22095351,        0, 19592431,    59553,    58832,    10285
22096471,        1, 20088142,    59556,    58836,    10815
22097083,        2, 20550245,    59560,    58841,    11356
22101337,        3, 22009067,    59564,    58846,    11872
22106169,        4, 23279092,    59569,    58851,    12387
22107499,        0, 19594732,    60468,    58564,    10285
22107505,        1, 20090629,    60499,    58618,    10815
22109228,        2, 20548567,    60530,    58676,    11356
22109275,        3, 22015442,    60560,    58729,    11872
22109849,        4, 23283922,    60591,    58784,    12387
22110010,        0, 19595169,    61749,    58424,    10285
22110865,        1, 20091141,    61756,    58429,    10815
22111913,        2, 20559014,    61763,    58433,    11356
22112614,        3, 21349353,    61770,    58438,    11872
22113345,        4, 23287633,    61777,    58445,    12387
22114568,        0, 19595519,    60364,    60175,    10285
22114915,        1, 20091633,    60404,    60178,    10815
22116272,        2, 21198887,    60446,    60181,    11356
22116798,        3, 22014448,    60486,    60184,    11872
22117849,        4, 23284631,    60526,    60186,    12387
22119874,        0, 19599025,    61095,    59439,    10285
22120780,        1, 20094887,    61099,    59442,    10815
22124799,        2, 20552034,    61102,    59445,    11356
22125131,        3, 22022787,    61106,    59448,    11872
22125648,        4, 23282312,    61110,    59451,    12387
22128721,        0, 19599162,    61196,    59483,    10285
22128723,        1, 20095668,    61196,    59486,    10815
22129883,        2, 20553793,    61196,    59491,    11356
22132232,        3, 22022718,    61197,    59493,    11872
22133094,        0, 19600527,    60800,    58517,    10285
22133493,        1, 20096474,    60803,    58525,    10815
22134098,        2, 20554702,    60806,    58535,    11356
22134143,        3, 21341348,    60809,    58543,    11872
22136647,        4, 23283677,    60812,    58552,    12387
22137563,        0, 19600734,    61347,    58486,    10285
22137578,        1, 20096778,    61382,    58492,    10815
22138301,        2, 20554551,    61417,    58500,    11356
22139106,        3, 21349406,    61451,    58508,    11872
22139599,        4, 23278104,    61484,    58514,    12387
22139853,        0, 19601179,    61500,    60205,    10285
22141401,        1, 20721783,    61514,    60215,    10815
22141500,        2, 21199751,    61528,    60224,    11356
22146834,        3, 22018167,    61542,    60233,    11872
22147377,        4, 23288601,    61557,    60243,    12387
22147494,        0, 19602080,    61394,    59104,    10285
22148084,        1, 20095010,    61431,    59146,    10815
22149453,        2, 20552198,    61469,    59191,    11356
22149682,        3, 22021076,    61506,    59232,    11872
22149696,        4, 23289537,    61543,    59274,    12387
22693625,        0, 19602119,    61291,    58876,    10285
22695072,        1, 20097895,    61322,    58905,    10815
22696034,        2, 20550774,    61356,    58935,    11356
22696176,        3, 22019618,    61387,    58964,    11872
22698462,        4, 23280284,    61419,    58994,    12387
22700730,        0, 19604113,    62157,    58656,    10285
22702241,        1, 20100271,    62159,    58694,    10815
22702294,        2, 20559327,    62161,    58734,    11356
22704359,        3, 22026056,    62162,    58771,    11872
22705633,        0, 19604764,    63832,    58502,    10285
22705651,        1, 20100897,    63883,    58507,    10815
22706507,        2, 20568919,    63935,    58512,    11356
22706845,        3, 21363327,    63984,    58517,    11872
22706848,        4, 23304385,    64034,    58522,    12387
22707931,        0, 19607167,    62033,    59439,    10285
22707944,        1, 20103276,    62046,    59476,    10815
22708326,        2, 20555809,    62060,    59516,    11356
22708520,        3, 22023389,    62073,    59553,    11872
22708543,        4, 23292461,    62087,    59590,    12387
22710620,        0, 19607448,    62236,    59277,    10285
22711707,        1, 20103551,    62265,    59314,    10815
22712129,        2, 20555860,    62295,    59351,    11356
22712439,        3, 22027793,    62324,    59388,    11872
22714293,        4, 23292586,    62354,    59425,    12387
22714949,        0, 19609357,    62748,    59642,    10285
22714985,        1, 20105812,    62759,    59644,    10815
22715933,        2, 20564161,    62770,    59647,    11356
22716793,        3, 22023105,    62780,    59649,    11872
22720807,        4, 23292291,    62789,    59652,    12387
22721968,        0, 19609718,    62891,    59939,    10285
22722143,        1, 20106961,    62934,    59945,    10815
22723191,        2, 21212958,    62979,    59952,    11356
22723367,        3, 22029358,    63022,    59958,    11872
22725621,        4, 23286667,    63065,    59964,    12387
22730456,        0, 19610503,    62824,    58418,    10285
22731200,        1, 20106187,    62861,    58443,    10815
22731205,        2, 20564991,    62899,    58470,    11356
22731961,        3, 21366529,    62936,    58496,    11872
22734421,        4, 23288122,    62972,    58521,    12387
22734939,        0, 19610914,    62540,    60151,    10285
22735205,        2, 21210787,    62541,    60168,    11356
22735775,        3, 22024551,    62542,    60177,    11872
22735806,        4, 23294640,    62543,    60185,    12387
22739209,        0, 19611070,    63226,    60150,    10285
22739611,        1, 20106928,    63226,    60153,    10815
22740716,        2, 21210995,    63227,    60156,    11356
22742942,        4, 23288915,    63228,    60162,    12387
22744581,        0, 19611824,    62737,    59194,    10285
22744590,        1, 20104787,    62748,    59225,    10815
22746232,        2, 20562640,    62759,    59257,    11356
22746796,        3, 22027705,    62769,    59288,    11872
22750239,        4, 23292093,    62780,    59319,    12387
22750634,        0, 19614589,    65045,    58875,    10285
22750739,        1, 20110651,    65052,    58879,    10815
22751330,        2, 20570654,    65060,    58885,    11356
22752662,        3, 22040876,    65068,    58890,    11872
22752948,        4, 23298621,    65075,    58896,    12387
22753004,        0, 19614796,    65222,    58811,    10285
22753537,        1, 20110712,    65276,    58825,    10815
22756972,        2, 20570540,    65331,    58839,    11356
22759389,        3, 22040930,    65384,    58852,    11872
22760009,        4, 23300953,    65436,    58865,    12387
22760402,        0, 19615442,    65080,    59284,    10285
22761017,        1, 20111458,    65107,    59294,    10815
22761678,        2, 20566189,    65135,    59304,    11356
22761998,        3, 22042869,    65162,    59315,    11872
22763668,        4, 23299601,    65189,    59325,    12387
22764611,        0, 19617170,    64026,    60208,    10285
22765277,        1, 20745422,    64049,    60219,    10815
22765443,        2, 21221907,    64074,    60230,    11356
22765526,        3, 22036135,    64097,    60240,    11872
22767793,        4, 23305376,    64120,    60250,    12387
22769676,        0, 19617804,    64294,    58277,    10285
22770043,        1, 20113719,    64317,    58279,    10815
22770940,        2, 20574573,    64340,    58280,    11356
22772541,        3, 21363252,    64363,    58281,    11872
23311803,        4, 22648993,    64385,    58283,    12387
23314652,        0, 19620790,    64219,    60110,    10285
23317272,        1, 20116918,    64265,    60122,    10815
23317515,        2, 21221855,    64315,    60135,    11356
23317518,        3, 22035976,    64360,    60147,    11872
23318093,        4, 23305519,    64405,    60159,    12387
23323954,        2, 20577629,    67052,    58672,    11356
23324703,        0, 19623844,    67277,    60062,    10285
23326556,        1, 20120009,    67278,    60079,    10815
23326578,        2, 21230266,    67279,    60095,    11356
23327081,        3, 22056669,    67280,    60111,    11872
23327921,        4, 23313053,    67281,    60127,    12387
23327990,        0, 19623985,    66950,    60169,    10285
23328428,        1, 20120096,    66961,    60174,    10815
23328847,        2, 21230102,    66971,    60180,    11356
23330223,        3, 22054286,    66981,    60185,    11872
23330429,        0, 19624739,    67113,    58840,    10285
23334227,        1, 20120463,    67119,    58849,    10815
23334279,        2, 20578818,    67125,    58857,    11356
23334811,        3, 22057375,    67131,    58865,    11872
23335025,        4, 23315328,    67137,    58874,    12387
23336851,        0, 19627218,    66381,    59800,    10285
23337484,        1, 20123534,    66389,    59820,    10815
23340085,        2, 21233743,    66397,    59841,    11356
23340272,        3, 22040260,    66405,    59860,    11872
23341654,        4, 23306982,    66413,    59880,    12387
23341676,        0, 19628810,    67814,    58421,    10285
23342246,        1, 20124790,    67844,    58429,    10815
23342716,        2, 20593991,    67875,    58437,    11356
23342734,        3, 21380464,    67905,    58445,    11872
23348067,        4, 23317757,    67934,    58452,    12387
23348097,        0, 19633510,    68560,    58996,    10285
23349034,        1, 20129817,    68579,    59050,    10815
23349221,        2, 20585641,    68600,    59106,    11356
23353620,        3, 22052004,    68619,    59159,    11872
23366104,        4, 23319387,    68639,    59212,    12387
23366311,        0, 19635124,    68060,    59373,    10285
23366786,        1, 20131328,    68073,    59375,    10815
23366843,        2, 20590699,    68087,    59377,    11356
23366920,        3, 22051984,    68100,    59379,    11872
23366962,        4, 23320188,    68113,    59380,    12387
23367278,        0, 19637500,    68112,    58547,    10285
23367890,        1, 20133776,    68138,    58591,    10815
23369307,        2, 20589412,    68165,    58637,    11356
23369866,        3, 22050524,    68191,    58680,    11872
23371400,        4, 23317792,    68217,    58724,    12387
23371508,        0, 19638538,    69807,    60125,    10285
23371687,        1, 20135028,    69818,    60134,    10815
23375071,        2, 21250544,    69830,    60142,    11356
23377124,        3, 22059743,    69842,    60151,    11872
23377347,        4, 23328850,    69854,    60159,    12387
23379205,        0, 19640528,    70041,    59888,    10285
23380692,        2, 21250042,    70041,    59946,    11356
23381431,        3, 22060176,    70042,    59974,    11872
23382876,        4, 23326786,    70042,    60001,    12387
23383541,        0, 19640537,    70223,    59982,    10285
23383547,        1, 20138734,    70228,    59994,    10815
23389934,        2, 21250022,    70233,    60007,    11356
23391029,        3, 22060133,    70238,    60019,    11872
23391224,        4, 23326586,    70243,    60030,    12387
23392424,        0, 19640914,    71717,    59871,    10285
23394605,        1, 20139222,    71734,    59883,    10815
23395943,        2, 21260125,    71750,    59894,    11356
23925120,        3, 22069638,    71765,    59902,    11872
23928190,        4, 23336101,    71781,    59910,    12387
23928199,        0, 19642080,    71646,    58572,    10285
23928423,        1, 20138521,    71655,    58576,    10815
23929406,        2, 20607710,    71663,    58580,    11356
23936851,        3, 22072696,    71669,    58586,    11872
23937907,        4, 23337239,    71676,    58589,    12387
23938471,        0, 19643004,    71692,    60096,    10285
23939915,        1, 20139227,    71723,    60108,    10815
23940448,        2, 21259989,    71755,    60120,    11356
23940836,        3, 22069486,    71787,    60131,    11872
23941152,        4, 23338321,    71817,    60142,    12387
23942546,        0, 19645202,    71799,    59471,    10285
23942641,        1, 20137211,    71811,    59492,    10815
23943503,        2, 20606846,    71824,    59513,    11356
23945144,        3, 22073205,    71836,    59534,    11872
23946488,        4, 23340588,    71848,    59554,    12387
23946736,        0, 19646421,    71240,    59909,    10285
23947361,        1, 20142955,    71247,    59911,    10815
23948145,        2, 21251265,    71254,    59913,    11356
23948942,        3, 22069834,    71261,    59914,    11872
23950643,        4, 23327295,    71268,    59916,    12387
23952345,        0, 19646488,    70767,    59969,    10285
23953639,        1, 20144536,    70777,    59986,    10815
23956949,        2, 21251087,    70788,    60003,    11356
23957617,        3, 22065953,    70798,    60019,    11872
23958340,        4, 23332787,    70808,    60035,    12387
23958374,        0, 19647405,    70980,    58524,    10285
23959480,        1, 20144167,    70985,    58562,    10815
23962993,        2, 20603625,    70991,    58601,    11356
23965652,        3, 22076514,    70997,    58639,    11872
23970078,        4, 23333883,    71003,    58676,    12387
23974268,        0, 19650433,    72023,    58758,    10285
23974596,        1, 20148866,    72050,    58776,    10815
23976342,        2, 20608939,    72077,    58793,    11356
23976512,        3, 22077187,    72102,    58810,    11872
23976553,        4, 23343867,    72128,    58826,    12387
23977812,        0, 19654504,    72668,    59300,    10285
23980825,        1, 20151201,    72706,    59359,    10815
23981011,        2, 20612616,    72746,    59418,    11356
23981944,        3, 22074315,    72784,    59474,    11872
23983393,        4, 23341623,    72821,    59530,    12387
23983987,        0, 19655093,    73021,    59282,    10285
23984306,        1, 20151718,    73029,    59319,    10815
23984614,        2, 20611268,    73035,    59358,    11356
23984760,        3, 22083179,    73041,    59398,    11872
23985312,        4, 23340855,    73045,    59437,    12387
23985387,        0, 19655761,    72520,    59818,    10285
23985388,        1, 20152606,    72527,    59849,    10815
23987655,        2, 21262474,    72534,    59880,    11356
23987681,        3, 22075941,    72541,    59911,    11872
23989174,        4, 23342816,    72547,    59941,    12387
23990260,        0, 19655832,    73249,    59879,    10285
23990598,        1, 20146583,    73254,    59882,    10815
23991257,        2, 21260460,    73260,    59885,    11356
23994755,        0, 20201169,    56709,    60731,    10285
23994971,        1, 20700594,    56709,    60749,    10815
23995877,        2, 21175828,    56710,    60769,    11356
23995991,        3, 22672436,    56711,    60788,    11872
23998887,        4, 23920947,    56712,    60807,    12387
23999535,        0, 20204501,    57238,    62207,    10285
24000820,        1, 21335940,    57255,    62221,    10815
24001138,        3, 22690436,    57290,    62251,    11872
24002946,        4, 23928676,    57307,    62264,    12387
24002965,        1, 21335734,    56950,    62222,    10815
24004321,        2, 21830770,    56951,    62236,    11356
24004981,        3, 22690024,    56951,    62250,    11872
24005875,        4, 23925046,    56951,    62264,    12387
19455656,        0, 20205301,    57189,    61620,    10285
20114329,        1, 20705809,    57196,    61634,    10815
20757841,        2, 21181397,    57205,    61650,    11356
20770267,        3, 22692289,    57213,    61665,    11872
21335127,        4, 23928890,    57220,    61679,    12387
21378971,        0, 20209926,    58958,    60937,    10285
22626868,        1, 20710364,    58996,    60937,    10815
23202374,        3, 22695436,    59072,    60938,    11872
24441295,        4, 23932915,    59108,    60939,    12387
21846946,        0, 20211108,    58330,    60755,    10285
23359971,        1, 20710561,    58346,    60767,    10815
19016447,        2, 21187018,    58364,    60780,    11356
19636789,        3, 22682697,    58381,    60793,    11872
19647656,        4, 23931745,    58398,    60805,    12387
20204341,        0, 20214088,    59541,    60279,    10285
20892717,        1, 20714930,    59571,    60323,    10815
21516945,        2, 21199273,    59602,    60369,    11356
21451534,        3, 22009965,    59632,    60413,    11872
21481991,        4, 23942236,    59662,    60457,    12387
21482848,        0, 20216613,    58234,    61886,    10285
21490253,        1, 20717459,    58233,    61887,    10815
21498940,        3, 22687712,    58232,    61890,    11872
21504671,        0, 20216614,    58289,    61901,    10285
21508053,        1, 20717062,    58290,    61930,    10815
21520328,        2, 21840009,    58292,    61960,    11356
22773552,        3, 22687873,    58293,    61987,    11872
22738878,        4, 23937036,    58293,    62014,    12387
23370541,        0, 20218286,    59441,    61306,    10285
23962839,        1, 20719404,    59450,    61335,    10815
24005316,        2, 21195150,    59460,    61365,    11356
18965629,        3, 22696384,    59469,    61394,    11872
20233044,        4, 23939909,    59478,    61423,    12387
20873854,        0, 20218618,    59268,    61391,    10285
21464146,        1, 20719279,    59295,    61393,    10815
23329182,        3, 22696368,    59349,    61396,    11872
23396219,        4, 23939920,    59375,    61398,    12387
22722193,        0, 20219620,    60385,    60867,    10285
21956477,        1, 20720260,    60388,    60871,    10815
21963309,        2, 21203439,    60390,    60876,    11356
23965273,        3, 22695882,    60392,    60879,    11872
20264641,        4, 23943897,    60395,    60883,    12387
21492859,        2, 21197509,    60609,    60594,    11356
23981973,        3, 22697707,    60611,    60595,    11872
20881851,        0, 20221242,    60375,    60727,    10285
22107387,        1, 20720746,    60417,    60759,    10815
19630393,        2, 21197750,    60461,    60791,    11356
20219156,        3, 22695960,    60503,    60820,    11872
21463252,        4, 23944058,    60546,    60850,    12387
20847826,        0, 20221727,    61521,    60740,    10285
19010405,        1, 20722980,    61532,    60744,    10815
22119296,        2, 21201233,    61542,    60749,    11356
22734398,        3, 22705266,    61551,    60753,    11872
19589875,        4, 23953106,    61561,    60757,    12387
21512390,        1, 20724124,    60857,    61020,    10815
22091201,        2, 21206583,    60856,    61025,    11356
22629453,        0, 20224455,    61627,    62150,    10285
22712393,        1, 20725497,    61638,    62167,    10815
22727540,        2, 21861928,    61650,    62185,    11356
22740578,        3, 22710865,    61661,    62202,    11872
22761795,        4, 23956358,    61673,    62218,    12387
23327838,        0, 20224998,    60157,    61568,    10285
23925202,        1, 20725850,    60166,    61579,    10815
18975897,        2, 21204226,    60174,    61590,    11356
19580505,        3, 22698988,    60183,    61600,    11872
20217242,        4, 23946763,    60190,    61611,    12387
20235360,        2, 21855813,    61446,    62075,    11356
20873225,        3, 22711233,    61446,    62115,    11872
21485864,        4, 23948598,    61447,    62156,    12387
21514655,        0, 20228694,    61210,    61228,    10285
21516287,        1, 20729322,    61226,    61241,    10815
21528501,        2, 21206589,    61243,    61257,    11356
22086444,        3, 22703934,    61259,    61270,    11872
22146816,        4, 23941910,    61275,    61284,    12387
22714880,        0, 20229319,    59913,    62182,    10285
22736177,        1, 21354657,    59946,    62208,    10815
23321701,        2, 21850999,    59980,    62235,    11356
23387367,        3, 22699786,    60012,    62262,    11872
23968145,        4, 23946088,    60045,    62287,    12387
19624021,        0, 20229696,    62408,    61157,    10285
20878725,        3, 22707852,    62463,    61156,    11872
22125586,        4, 23955544,    62481,    61156,    12387
20219587,        0, 20230319,    63360,    61139,    10285
21501235,        1, 20731304,    63394,    61195,    10815
23329068,        2, 21216108,    63430,    61255,    11356
23937977,        3, 22715134,    63464,    61310,    11872
18964175,        4, 23952064,    63498,    61366,    12387
19625491,        1, 20731703,    61906,    60278,    10815
20853784,        2, 21209739,    61907,    60292,    11356
22085123,        3, 22018168,    61909,    60304,    11872
22749806,        4, 23288504,    61914,    60311,    12387
23345681,        0, 20231994,    63811,    60791,    10285
19588720,        1, 20731021,    63835,    60814,    10815
19598475,        2, 21224361,    63859,    60839,    11356
21446665,        3, 22718024,    63883,    60862,    11872
21465547,        4, 23964518,    63906,    60885,    12387
21517879,        0, 20232113,    63369,    60524,    10285
18977173,        1, 20733072,    63382,    60565,    10815
19621511,        2, 21208929,    63397,    60608,    11356
19035774,        3, 22716134,    63410,    60649,    11872
20244345,        4, 23953744,    63424,    60689,    12387
20902890,        0, 20232174,    63615,    60747,    10285
22722753,        1, 20731317,    63642,    60799,    10815
23361571,        2, 21224334,    63669,    60853,    11356
23964564,        3, 22717993,    63695,    60904,    11872
18972624,        4, 23963467,    63723,    60955,    12387
20214130,        0, 20233763,    62507,    60962,    10285
22078439,        1, 20734562,    62518,    60971,    10815
23329683,        2, 21217817,    62530,    60982,    11356
20281901,        3, 22706110,    62542,    60991,    11872
20903365,        4, 23955341,    62553,    61000,    12387
22098314,        0, 20233846,    62770,    61074,    10285
22100799,        1, 20734820,    62785,    61095,    10815
22122281,        2, 21217522,    62802,    61119,    11356
19503918,        3, 22707972,    62818,    61140,    11872
19594735,        4, 23951840,    62833,    61160,    12387
19604150,        0, 20234801,    63852,    62228,    10285
19640968,        1, 21364620,    63856,    62236,    10815
20205522,        2, 21871468,    63860,    62245,    11356
20237616,        3, 22723379,    63863,    62253,    11872
20861123,        4, 23971064,    63867,    62260,    12387
20245305,        0, 20234865,    63331,    62245,    10285
20869566,        1, 21364657,    63362,    62275,    10815
20266370,        2, 21862710,    63397,    62305,    11356
21528454,        3, 22722275,    63429,    62334,    11872
21464809,        4, 23956559,    63464,    62361,    12387
21520968,        0, 20237151,    63628,    61749,    10285
22760610,        1, 20738057,    63691,    61759,    10815
23313267,        2, 21223762,    63757,    61770,    11356
23333772,        3, 22725075,    63819,    61781,    11872
23342339,        4, 23970066,    63881,    61791,    12387
23389526,        2, 21225011,    65030,    61082,    11356
18990645,        3, 22725981,    65044,    61082,    11872
20219148,        4, 23961377,    65059,    61082,    12387
21469517,        0, 20241880,    64019,    60711,    10285
22146342,        1, 20744742,    64024,    60728,    10815
22749790,        2, 21227949,    64029,    60747,    11356
22691999,        3, 22717555,    64034,    60765,    11872
23364722,        4, 23964641,    64039,    60782,    12387
22759126,        1, 20742574,    64038,    60819,    10815
18979834,        2, 21224518,    64038,    60854,    11356
18994565,        4, 23965676,    64039,    60918,    12387
19007125,        0, 20242543,    64101,    60702,    10285
19022405,        1, 20744769,    64152,    60752,    10815
19020656,        2, 21222950,    64204,    60804,    11356
19609582,        3, 22718099,    64253,    60852,    11872
19599180,        4, 23964595,    64302,    60901,    12387
19633370,        0, 20243311,    64962,    61093,    10285
19643573,        1, 20740656,    64989,    61125,    10815
19636377,        2, 21224980,    65017,    61155,    11356
20273259,        3, 22726035,    65044,    61180,    11872
20269123,        4, 23961450,    65069,    61207,    12387
19646925,        0, 20243707,    64642,    61064,    10285
20841250,        1, 20744682,    64658,    61113,    10815
20879280,        2, 21228343,    64675,    61163,    11356
20909511,        3, 22715749,    64692,    61210,    11872
20912928,        4, 23961027,    64708,    61256,    12387
21454813,        0, 20244757,    65465,    62274,    10285
21375863,        1, 21373115,    65529,    62313,    10815
22068491,        2, 21883754,    65594,    62353,    11356
21464303,        4, 24636080,    65720,    62429,    12387
22092341,        0, 20244763,    65097,    62211,    10285
22123108,        1, 21373066,    65149,    62233,    10815
22692661,        2, 21872099,    65202,    62255,    11356
22704450,        3, 22732918,    65254,    62277,    11872
22715012,        4, 23966949,    65305,    62299,    12387
22722714,        3, 22731435,    65011,    61555,    11872
22748870,        0, 20247328,    63906,    62041,    10285
22755220,        1, 20748069,    63909,    62047,    10815
23320156,        2, 21869313,    63913,    62052,    11356
23335464,        3, 22723448,    63916,    62058,    11872
22711720,        4, 23970098,    63920,    62063,    12387
23342686,        0, 20248056,    64417,    61986,    10285
23332135,        2, 21875924,    64453,    62009,    11356
23348187,        3, 22723420,    64470,    62019,    11872
22764093,        4, 23969941,    64487,    62030,    12387
23929548,        0, 20248131,    64428,    61918,    10285
20219822,        1, 20748999,    64476,    61931,    10815
20861598,        2, 21875850,    64527,    61944,    11356
21510586,        3, 22721881,    64575,    61956,    11872
22076287,        4, 23968565,    64624,    61967,    12387
22091961,        0, 20249547,    64280,    61615,    10285
22726359,        1, 20748963,    64308,    61678,    10815
22739269,        2, 21227566,    64337,    61744,    11356
22765831,        4, 23970356,    64392,    61866,    12387
23340233,        0, 20251639,    67341,    60634,    10285
23362812,        1, 20753790,    67351,    60675,    10815
23359771,        2, 21228953,    67362,    60718,    11356
23326548,        3, 22739621,    67372,    60757,    11872
20284812,        4, 23975006,    67382,    60797,    12387
20887785,        0, 20253825,    67679,    61259,    10285
20891815,        1, 20759615,    67685,    61270,    10815
22008784,        2, 21246027,    67691,    61282,    11356
21460091,        3, 22740791,    67697,    61293,    11872
21495892,        4, 23985589,    67703,    61304,    12387
21499634,        0, 20255417,    67072,    61713,    10285
22759355,        1, 20757333,    67086,    61717,    10815
23927213,        2, 21234108,    67099,    61720,    11356
19014047,        3, 22746161,    67112,    61723,    11872
19446506,        4, 23981102,    67126,    61726,    12387
19601973,        0, 20258325,    67874,    61642,    10285
20229573,        1, 20767433,    67887,    61677,    10815
20277560,        2, 21247047,    67900,    61713,    11356
20779571,        3, 22742455,    67913,    61748,    11872
20910046,        4, 23987894,    67926,    61782,    12387
21975661,        0, 20259437,    68500,    60844,    10285
22021674,        1, 20760946,    68524,    60845,    10815
22592318,        2, 21244611,    68548,    60847,    11356
22627666,        3, 22737755,    68571,    60848,    11872
22737481,        4, 23983719,    68594,    60850,    12387
22750726,        0, 20260766,    68826,    60714,    10285
23808713,        1, 20760559,    68856,    60731,    10815
23831986,        2, 21244521,    68886,    60750,    11356
23392485,        3, 22749449,    68915,    60766,    11872
20140984,        4, 23984763,    68943,    60783,    12387
20748841,        0, 20263069,    69299,    61026,    10285
20257749,        1, 20764424,    69341,    61076,    10815
21367453,        2, 21247550,    69385,    61129,    11356
20286321,        3, 22750970,    69427,    61178,    11872
21417467,        4, 23986195,    69469,    61227,    12387
21455653,        0, 20266192,    69860,    61842,    10285
23187043,        1, 20767792,    69866,    61846,    10815
22706850,        2, 21904667,    69871,    61850,    11356
23816844,        3, 22752846,    69877,    61855,    11872
23978236,        4, 23998778,    69882,    61859,    12387
24004415,        2, 21265115,    71690,    61356,    11356
19020000,        0, 20271670,    71015,    60786,    10285
20570306,        1, 20773974,    71078,    60813,    10815
19627359,        2, 21257420,    71142,    60841,    11356
20231152,        3, 22759030,    71204,    60867,    11872
21511822,        4, 23994455,    71265,    60893,    12387
21507027,        0, 20273402,    69999,    62133,    10285
22076261,        1, 20774794,    70005,    62159,    10815
22720813,        2, 21900537,    70011,    62186,    11356
22755519,        3, 22753881,    70017,    62212,    11872
22773568,        4, 23997055,    70024,    62237,    12387
24470868,        0, 20275499,    70066,    62038,    10285
19576421,        1, 20776496,    70077,    62059,    10815
19616730,        2, 21900510,    70088,    62082,    11356
19630854,        3, 22753916,    70099,    62102,    11872
20227169,        4, 23999007,    70108,    62123,    12387
20268524,        0, 20278919,    73266,    61237,    10285
20868139,        1, 20785450,    73305,    61243,    10815
20901537,        2, 21265436,    73345,    61250,    11356
21481526,        3, 22768840,    73384,    61255,    11872
21513333,        4, 24002823,    73421,    61261,    12387
21521194,        0, 20279507,    73449,    60421,    10285
21528462,        3, 22769820,    73448,    60606,    11872
22085659,        0, 20281621,    72343,    61078,    10285
22097058,        1, 20782803,    72354,    61084,    10815
22709560,        2, 21265929,    72365,    61091,    11356
22713916,        3, 22760085,    72376,    61097,    11872
22744953,        4, 24006237,    72387,    61103,    12387
23327785,        0, 20281637,    72930,    61293,    10285
23352327,        1, 20787940,    72933,    61303,    10815
23369252,        2, 21266044,    72938,    61313,    11356
19027251,        3, 22768720,    72942,    61323,    11872
19023659,        4, 24002721,    72945,    61333,    12387
19586951,        0, 20282639,    72408,    62248,    10285
19624012,        1, 21411399,    72412,    62258,    10815
20231062,        2, 21916415,    72417,    62267,    11356
20238425,        3, 22765490,    72422,    62277,    11872
20874476,        4, 24010544,    72426,    62286,    12387
20912635,        0, 20286979,    72723,    61567,    10285
20914545,        1, 20787855,    72755,    61578,    10815
21458224,        2, 21266757,    72786,    61589,    11356
21490901,        3, 22762782,    72817,    61600,    11872
23373808,        4, 24011145,    72847,    61611,    12387
23377149,        0, 20286995,    72930,    61498,    10285
23395054,        1, 20788167,    72943,    61507,    10815
18995437,        2, 21266137,    72954,    61515,    11356
18990644,        3, 22774296,    72964,    61521,    11872
19037207,        4, 24008283,    72974,    61527,    12387
19595647,        0, 20831007,    57012,    63473,    10285
20232093,        1, 21335026,    57022,    63478,    10815
19644757,        2, 21830145,    57033,    63484,    11356
20206074,        3, 23376551,    57042,    63489,    11872
20226155,        4, 24586794,    57051,    63494,    12387
22134689,        0, 20831221,    57179,    63293,    10285
23354212,        1, 21335249,    57184,    63343,    10815
22751449,        2, 21830192,    57190,    63395,    11356
22762197,        3, 23376439,    57194,    63445,    11872
18988665,        4, 24587034,    57199,    63495,    12387
19024942,        1, 21337310,    57295,    62504,    10815
19030737,        0, 20833384,    57115,    62909,    10285
19046534,        1, 21338077,    57116,    62919,    10815
19650115,        2, 21828681,    57116,    62930,    11356
20868984,        3, 23379611,    57116,    62941,    11872
20894903,        4, 24589005,    57117,    62951,    12387
20912690,        0, 20833403,    57063,    62559,    10285
21461180,        1, 21336948,    57068,    62571,    10815
21512528,        2, 21832114,    57075,    62584,    11356
22126206,        3, 23375283,    57080,    62596,    11872
22697318,        4, 24587615,    57085,    62608,    12387
22712714,        0, 20833516,    57140,    62492,    10285
23320260,        1, 21337502,    57143,    62503,    10815
23334164,        2, 21831047,    57146,    62515,    11356
23341288,        3, 22691493,    57148,    62526,    11872
23395068,        4, 24587766,    57150,    62537,    12387
23948694,        0, 20834111,    57261,    62959,    10285
18992629,        1, 21338309,    57272,    63003,    10815
19592961,        2, 21828790,    57284,    63049,    11356
20203730,        3, 23380069,    57295,    63093,    11872
20259628,        4, 24585555,    57306,    63136,    12387
20271559,        0, 20836945,    57549,    63527,    10285
20862150,        1, 21340881,    57572,    63545,    10815
21482436,        2, 21846914,    57598,    63565,    11356
22733827,        3, 23376148,    57622,    63584,    11872
23316142,        4, 24595813,    57646,    63602,    12387
23393101,        0, 20837598,    57618,    62307,    10285
20252129,        1, 21341529,    57644,    62310,    10815
20868122,        2, 21848084,    57671,    62313,    11356
20911905,        4, 23939097,    57720,    62317,    12387
21478157,        0, 20838002,    57416,    63857,    10285
22100764,        1, 21341799,    57416,    63862,    10815
22129315,        2, 22475010,    57417,    63866,    11356
22696184,        3, 23377559,    57417,    63870,    11872
22741782,        4, 24587912,    57418,    63874,    12387
22752000,        0, 20841248,    58423,    62429,    10285
22772316,        1, 21345190,    58431,    62483,    10815
19044008,        2, 21842360,    58441,    62539,    11356
19592184,        3, 23371171,    58450,    62593,    11872
19595587,        4, 24593125,    58459,    62646,    12387
19602631,        0, 20841716,    58725,    63847,    10285
19607396,        1, 21345983,    58760,    63856,    10815
20843050,        2, 22484840,    58797,    63866,    11356
20872834,        3, 23374195,    58831,    63875,    11872
20903034,        4, 24596258,    58865,    63884,    12387
22112446,        0, 20841828,    58337,    64099,    10285
22090650,        1, 21348067,    58340,    64132,    10815
22147535,        2, 22483262,    58344,    64168,    11356
22755894,        3, 23372049,    58348,    64202,    11872
23372264,        4, 24593998,    58351,    64235,    12387
18973345,        0, 20843771,    58678,    63185,    10285
19034974,        1, 21347593,    58684,    63202,    10815
20214689,        2, 21838971,    58692,    63220,    11356
20227341,        3, 23373954,    58699,    63236,    11872
20871077,        4, 24594880,    58706,    63252,    12387
20891917,        0, 20844271,    58187,    63279,    10285
23944637,        1, 21349785,    58199,    63339,    10815
23349152,        2, 21846989,    58210,    63401,    11356
23363373,        3, 23373463,    58222,    63459,    11872
23936825,        4, 24590659,    58233,    63517,    12387
23961441,        0, 20844959,    59137,    62934,    10285
23975216,        1, 21348913,    59192,    62981,    10815
18963200,        2, 21845161,    59248,    63028,    11356
18972680,        3, 23390547,    59302,    63075,    11872
19014317,        4, 24595035,    59355,    63120,    12387
19619245,        0, 20849965,    60584,    63611,    10285
20851671,        1, 21353656,    60604,    63619,    10815
20904910,        2, 21850317,    60624,    63627,    11356
20909463,        3, 23385820,    60642,    63635,    11872
20914862,        4, 24606935,    60661,    63642,    12387
22086952,        0, 20853903,    61713,    62755,    10285
21483639,        1, 21357751,    61726,    62788,    10815
22067890,        2, 21863114,    61739,    62823,    11356
22711373,        3, 23393859,    61752,    62855,    11872
22765521,        4, 24613103,    61765,    62888,    12387
23336032,        0, 20854399,    60048,    63009,    10285
22767831,        1, 21358426,    60056,    63015,    10815
19035754,        2, 21848972,    60064,    63022,    11356
19599204,        3, 23383564,    60072,    63028,    11872
19617345,        4, 24603440,    60080,    63034,    12387
20225147,        0, 20856057,    61071,    64206,    10285
21464786,        1, 21971584,    61088,    64256,    10815
22117509,        2, 22500470,    61106,    64306,    11356
23323306,        3, 23399677,    61123,    64355,    11872
19047067,        4, 25245367,    61140,    64403,    12387
19580368,        0, 20857093,    61269,    62408,    10285
20214087,        2, 21857656,    61287,    62409,    11356
19602069,        3, 22709562,    61297,    62410,    11872
19605293,        4, 24601612,    61306,    62410,    12387
19634184,        0, 20859645,    62114,    63766,    10285
19024656,        1, 21365048,    62125,    63777,    10815
19629129,        2, 22506066,    62137,    63789,    11356
20851304,        3, 23397512,    62147,    63800,    11872
20830957,        4, 24616410,    62158,    63812,    12387
21467588,        0, 20860687,    62132,    62367,    10285
20874443,        1, 21364360,    62177,    62391,    10815
20884653,        2, 21861834,    62223,    62416,    11356
20909278,        3, 22713036,    62266,    62439,    11872
21465635,        4, 24617211,    62310,    62463,    12387
22089888,        0, 20862644,    62008,    62875,    10285
22126377,        1, 21367433,    62057,    62902,    10815
22697107,        2, 21858562,    62107,    62930,    11356
22706535,        3, 23400041,    62154,    62956,    11872
23324713,        4, 24618782,    62202,    62982,    12387
23329092,        0, 20864039,    63342,    63136,    10285
23341460,        1, 21367788,    63346,    63144,    10815
23361517,        2, 21859437,    63351,    63151,    11356
24005167,        3, 23404663,    63354,    63158,    11872
18965637,        4, 24614516,    63358,    63165,    12387
19034431,        0, 20864456,    63506,    64215,    10285
20859901,        1, 21979226,    63511,    64235,    10815
20894816,        2, 22504577,    63516,    64254,    11356
21448017,        3, 23403191,    63521,    64273,    11872
21473224,        4, 24624400,    63525,    64292,    12387
21518470,        0, 20864928,    62444,    62986,    10285
22089375,        1, 21368801,    62450,    63020,    10815
23312607,        2, 21865069,    62458,    63053,    11356
22773618,        3, 23400168,    62464,    63085,    11872
23391041,        4, 24615405,    62471,    63118,    12387
18975101,        0, 20869558,    65098,    62484,    10285
19029404,        1, 21374443,    65109,    62490,    10815
19600385,        2, 21873166,    65119,    62496,    11356
19604100,        3, 22730858,    65129,    62502,    11872
20841205,        4, 24620329,    65139,    62507,    12387
20272508,        1, 21374755,    65369,    62544,    10815
20885891,        2, 21873101,    65435,    62584,    11356
21474264,        3, 23418629,    65496,    62621,    11872
22581362,        4, 24638550,    65558,    62658,    12387
22130445,        0, 20870372,    65178,    63867,    10285
23316744,        1, 21373549,    65180,    63888,    10815
23372705,        2, 22516035,    65182,    63910,    11356
23984288,        3, 23411422,    65184,    63930,    11872
19598392,        4, 24620821,    65186,    63950,    12387
19606480,        0, 20871767,    65042,    63301,    10285
19025134,        1, 21372076,    65048,    63348,    10815
19033983,        2, 21870954,    65053,    63397,    11356
19046455,        3, 23415570,    65059,    63443,    11872
20200119,        4, 24619742,    65065,    63490,    12387
20841054,        0, 20871794,    65347,    63096,    10285
20265940,        1, 21375376,    65375,    63113,    10815
20277926,        2, 21868563,    65404,    63130,    11356
20280661,        4, 24623075,    65459,    63162,    12387
21490975,        0, 20874520,    64211,    63199,    10285
20873905,        1, 21378157,    64221,    63224,    10815
21515815,        2, 21875231,    64233,    63248,    11356
22089631,        3, 23406870,    64244,    63272,    11872
22095848,        0, 20877660,    64101,    62710,    10285
22118292,        1, 21377257,    64107,    62709,    10815
22125722,        2, 21872702,    64112,    62709,    11356
23333031,        0, 20878525,    66884,    63402,    10285
23352477,        1, 21382214,    66911,    63409,    10815
23928145,        2, 21880101,    66940,    63417,    11356
23358739,        3, 23426651,    66971,    63427,    11872
23356868,        4, 24629911,    67000,    63436,    12387
23377438,        0, 20878747,    67277,    63658,    10285
23994385,        1, 21382411,    67290,    63669,    10815
18972675,        2, 21882043,    67302,    63681,    11356
18990418,        3, 23428346,    67315,    63691,    11872
20279650,        4, 24635504,    67327,    63701,    12387
20207614,        0, 20880075,    67306,    63873,    10285
20227488,        1, 21388986,    67330,    63878,    10815
20241971,        2, 22524219,    67356,    63884,    11356
20267946,        3, 23428152,    67380,    63889,    11872
20264479,        4, 24635617,    67404,    63894,    12387
20274220,        0, 20880818,    67328,    62528,    10285
20913303,        1, 21384487,    67356,    62570,    10815
20855648,        2, 21882154,    67384,    62613,    11356
20858350,        3, 23429122,    67412,    62653,    11872
20866704,        4, 24637847,    67439,    62694,    12387
21492816,        0, 20882117,    67123,    64214,    10285
21526715,        1, 21997441,    67159,    64228,    10815
22113545,        3, 23429874,    67233,    64255,    11872
23361487,        4, 24634733,    67268,    64268,    12387
23981750,        0, 20882879,    67489,    63163,    10285
23927318,        1, 21386734,    67498,    63165,    10815
23984769,        2, 21882455,    67507,    63167,    11356
19045506,        3, 23430662,    67514,    63169,    11872
19584225,        4, 24642966,    67523,    63171,    12387
19648591,        0, 20885037,    67555,    62313,    10285
20256130,        1, 21388522,    67592,    62345,    10815
21466732,        2, 21897579,    67631,    62379,    11356
22116001,        3, 22745161,    67669,    62410,    11872
22075543,        4, 24646030,    67706,    62441,    12387
22106918,        0, 20886304,    67573,    62529,    10285
22730288,        1, 21389837,    67586,    62550,    10815
22095958,        2, 21892284,    67601,    62573,    11356
22119005,        3, 23429187,    67614,    62594,    11872
22707496,        4, 24645988,    67628,    62615,    12387
22729570,        0, 20886325,    67452,    62671,    10285
23353146,        1, 21389933,    67474,    62694,    10815
23385656,        2, 21882231,    67497,    62719,    11356
23935182,        3, 23429046,    67518,    62741,    11872
23956021,        4, 24648716,    67539,    62764,    12387
20237003,        0, 20887717,    68258,    63824,    10285
20252260,        1, 21392692,    68286,    63834,    10815
20285614,        2, 22534650,    68314,    63845,    11356
20868770,        3, 23420786,    68341,    63855,    11872
21458043,        4, 24640901,    68368,    63865,    12387
22072556,        0, 20888283,    68271,    62373,    10285
22121268,        1, 21391916,    68293,    62393,    10815
22082882,        2, 21890907,    68315,    62414,    11356
23367324,        3, 22741833,    68337,    62433,    11872
19591094,        4, 24640148,    68358,    62454,    12387
19609744,        0, 20888287,    68886,    62514,    10285
20221579,        1, 21393427,    68893,    62547,    10815
20847203,        2, 21891886,    68901,    62580,    11356
20879905,        3, 23438079,    68907,    62612,    11872
20890586,        4, 24648256,    68914,    62644,    12387
22067725,        0, 20889165,    68842,    64109,    10285
21512451,        1, 21392475,    68842,    64109,    10815
22080985,        2, 22532799,    68843,    64109,    11356
22086945,        0, 20889178,    68848,    63887,    10285
22727594,        1, 21392839,    68875,    63896,    10815
22759726,        2, 22534530,    68904,    63905,    11356
23384038,        3, 23436997,    68930,    63914,    11872
23964460,        4, 24645108,    68957,    63922,    12387
18969935,        0, 20890777,    68544,    63195,    10285
18973112,        1, 21394617,    68561,    63213,    10815
19047230,        2, 21888866,    68578,    63231,    11356
19637501,        3, 23424067,    68593,    63248,    11872
20258666,        4, 24642429,    68608,    63265,    12387
20271710,        0, 20891719,    69865,    63319,    10285
20843798,        1, 21410075,    69870,    63327,    10815
20903491,        2, 21906171,    69874,    63335,    11356
20837961,        3, 23434637,    69878,    63342,    11872
21511800,        4, 24653416,    69883,    63349,    12387
21514691,        0, 20895024,    69357,    63878,    10285
22748067,        1, 21398921,    69413,    63884,    10815
23334816,        2, 22536327,    69471,    63891,    11356
22747672,        3, 23431432,    69526,    63898,    11872
23950498,        4, 24649174,    69582,    63903,    12387
23969769,        3, 23433161,    69717,    64224,    11872
19014396,        0, 20902775,    71060,    64270,    10285
19595039,        1, 22019303,    71080,    64290,    10815
