Vector Track Size:      829

55878214,        0, 55878214,    58634,    57844,    36858
55938066,        1, 57498325,    58663,    57845,    37392
55951155,        2, 59494034,    58691,    57847,    37912
55991808,        3, 60340569,    58720,    57847,    38433
56023505,        4, 63516536,    58749,    57850,    38957
56027019,        0, 55938066,    61809,    56855,    36858
56042092,        1, 57563323,    61816,    56858,    37392
56044859,        2, 59558247,    61823,    56860,    37912
56088706,        3, 58410622,    61832,    56862,    38433
57741557,        0, 55951155,    63073,    57433,    36858
57767657,        1, 57557563,    63080,    57436,    37392
57770223,        2, 59572094,    63087,    57438,    37912
57788639,        3, 60416565,    63093,    57440,    38433
57793056,        4, 63591865,    63100,    57442,    38957
57807972,        0, 55991808,    67164,    57784,    36858
57815787,        1, 57636611,    67169,    57795,    37392
57818043,        2, 59635016,    67175,    57805,    37912
57845681,        3, 60486353,    67181,    57815,    38433
57847601,        4, 63680012,    67188,    57826,    38957
57868691,        1, 57661636,    68920,    57863,    37392
57899881,        2, 59668434,    68922,    57867,    37912
57908939,        3, 60517881,    68924,    57871,    38433
57909295,        4, 63712765,    68927,    57873,    38957
57941191,        0, 56027019,    69238,    56843,    36858
57945745,        0, 56042092,    70499,    56967,    36858
57953984,        1, 57695693,    70506,    56972,    37392
57958943,        2, 59669607,    70514,    56977,    37912
59653608,        3, 60555056,    70521,    56982,    38433
59658689,        4, 63700877,    70529,    56988,    38957
59669282,        0, 56044859,    70417,    57460,    36858
59669332,        1, 57697427,    70428,    57470,    37392
59675252,        2, 59664356,    70438,    57481,    37912
59676073,        3, 60545141,    70448,    57492,    38433
59684210,        4, 63707826,    70459,    57502,    38957
59690744,        0, 56088706,    73115,    57911,    36858
59693891,        1, 57717588,    73119,    57932,    37392
59712694,        2, 59705517,    73121,    57953,    37912
59715018,        3, 60561547,    73126,    57975,    38433
59728656,        0, 57741557,    58813,    58202,    36858
59732766,        1, 59443970,    58815,    58203,    37392
59743029,        2, 59527423,    58817,    58205,    37912
59746038,        3, 60364275,    58820,    58206,    38433
59762580,        4, 63542276,    58822,    58207,    38957
59765353,        2, 61379080,    60638,    59702,    37912
59776912,        0, 57770223,    60722,    58279,    36858
59796744,        1, 59485572,    60772,    58294,    37392
59821424,        2, 59536731,    60821,    58309,    37912
59828426,        3, 60397130,    60870,    58324,    38433
59831272,        4, 63590308,    60920,    58339,    38957
59831624,        0, 57788639,    61031,    58403,    36858
59848014,        1, 59485069,    61036,    58423,    37392
59867673,        2, 59546222,    61040,    58443,    37912
59867960,        3, 60397011,    61044,    58463,    38433
59868129,        4, 65483220,    61049,    58484,    38957
59868631,        0, 57793056,    61290,    58936,    36858
61531311,        1, 59475061,    61318,    58965,    37392
61534302,        2, 61398835,    61345,    58994,    37912
61537351,        3, 62346237,    61372,    59023,    38433
61611169,        4, 65490809,    61399,    59052,    38957
61615824,        0, 57807972,    63239,    58984,    36858
61620208,        1, 59503432,    63287,    59006,    37392
61625886,        2, 61445720,    63333,    59028,    37912
61637394,        3, 62375488,    63380,    59050,    38433
61651369,        4, 65540710,    63427,    59073,    38957
61653761,        0, 57815787,    62932,    59577,    36858
61653855,        1, 59494072,    62947,    59582,    37392
61658561,        2, 61432603,    62961,    59589,    37912
61660482,        3, 62381419,    62976,    59594,    38433
61665699,        4, 65526477,    62992,    59599,    38957
61668935,        0, 57818043,    62552,    58493,    36858
61683509,        1, 59514266,    62562,    58502,    37392
61690753,        2, 59547336,    62572,    58511,    37912
61692718,        3, 60427746,    62582,    58520,    38433
61697401,        4, 65486058,    62591,    58528,    38957
61711688,        0, 57845681,    64667,    58384,    36858
61713134,        1, 59524544,    64672,    58392,    37392
61715773,        2, 59575290,    64677,    58401,    37912
61717647,        3, 60436198,    64682,    58409,    38433
61765203,        4, 63606418,    64687,    58417,    38957
61771422,        0, 57847601,    64730,    60015,    36858
63420608,        1, 59526443,    64757,    60053,    37392
63420776,        2, 61464618,    64784,    60089,    37912
63422248,        3, 62410492,    64812,    60126,    38433
63428541,        4, 65558152,    64839,    60163,    38957
63442849,        0, 57868691,    65763,    59057,    36858
63449215,        1, 59565214,    65776,    59078,    37392
63450879,        2, 61453693,    65790,    59098,    37912
63465212,        3, 62452144,    65802,    59118,    38433
63498790,        4, 65573212,    65814,    59138,    38957
63502262,        0, 57899881,    67684,    58311,    36858
63519318,        1, 59601025,    67715,    58335,    37392
63524056,        2, 59621931,    67745,    58357,    37912
63564793,        3, 60522483,    67776,    58380,    38433
63577028,        4, 63666134,    67806,    58403,    38957
63587673,        0, 57908939,    70518,    59642,    36858
63590528,        1, 59628385,    70528,    59657,    37392
63595815,        2, 61519265,    70537,    59672,    37912
63601163,        3, 62519524,    70547,    59686,    38433
63602296,        4, 65620356,    70557,    59701,    38957
63605474,        0, 57909295,    70486,    59729,    36858
63605646,        1, 59628869,    70523,    59742,    37392
63623961,        2, 61519875,    70559,    59756,    37912
63625804,        3, 62519909,    70595,    59769,    38433
63630182,        4, 65620174,    70632,    59783,    38957
63630966,        3, 60559826,    71739,    58091,    38433
63634180,        4, 63742014,    71773,    58091,    38957
63636114,        0, 57945745,    73455,    59711,    36858
63638676,        1, 59639172,    73486,    59733,    37392
65278161,        0, 57953984,    72581,    59142,    36858
65310909,        1, 59653927,    72591,    59174,    37392
65322735,        4, 65647969,    72620,    59267,    38957
65336946,        0, 57958943,    72835,    58386,    36858
65341121,        1, 59658993,    72838,    58397,    37392
65351816,        2, 59714476,    72840,    58406,    37912
65355118,        3, 60583978,    72843,    58418,    38433
65355330,        4, 63761726,    72845,    58428,    38957
65357486,        0, 59653608,    58212,    61448,    36858
65375794,        1, 61411999,    58215,    61452,    37392
65398213,        2, 63234585,    58218,    61455,    37912
65428320,        3, 64338598,    58220,    61459,    38433
65429653,        4, 67417938,    58223,    61463,    38957
65463813,        0, 59658689,    58197,    61746,    36858
65466698,        1, 61415974,    58219,    61774,    37392
65496580,        2, 63252368,    58240,    61801,    37912
65500043,        3, 64339491,    58261,    61828,    38433
65521060,        4, 67429710,    58282,    61855,    38957
65521227,        1, 61455167,    60301,    61179,    37392
65521448,        2, 63276989,    60316,    61243,    37912
65522842,        3, 64379537,    60330,    61307,    38433
67159374,        4, 67448953,    60346,    61372,    38957
67189414,        0, 59669332,    60037,    60777,    36858
67207561,        1, 61427038,    60052,    60807,    37392
67214288,        2, 63279778,    60066,    60835,    37912
67214319,        3, 64377708,    60083,    60867,    38433
67214414,        4, 67443465,    60101,    60901,    38957
67222590,        1, 61440082,    61077,    60233,    37392
67235739,        2, 61395234,    61098,    60236,    37912
67236346,        3, 62358881,    61119,    60239,    38433
67236604,        4, 65487031,    61140,    60242,    38957
67269498,        0, 59676073,    61477,    60429,    36858
67275166,        1, 61434282,    61505,    60483,    37392
67287456,        2, 61418910,    61532,    60536,    37912
67313480,        3, 62369727,    61560,    60590,    38433
67314176,        0, 59684210,    60417,    61469,    36858
67316761,        1, 61455188,    60469,    61501,    37392
67345822,        2, 63277329,    60520,    61530,    37912
67349423,        3, 64385759,    60571,    61561,    38433
67359562,        0, 59690744,    60863,    61561,    36858
67362714,        1, 61450435,    60884,    61584,    37392
67368370,        2, 63295855,    60903,    61606,    37912
67370472,        3, 64385314,    60923,    61628,    38433
68990416,        4, 67489010,    60942,    61651,    38957
69018996,        0, 59693891,    60822,    61261,    36858
69019843,        0, 59712694,    62097,    61995,    36858
69032370,        1, 61483826,    62115,    62011,    37392
69039693,        2, 63321733,    62132,    62026,    37912
69054293,        3, 64431866,    62150,    62041,    38433
69055490,        4, 67495037,    62168,    62057,    38957
69070775,        0, 59715018,    62077,    61471,    36858
69081952,        1, 61481705,    62108,    61529,    37392
69091681,        2, 63307057,    62139,    61586,    37912
69098787,        3, 64417604,    62171,    61643,    38433
69109077,        4, 67499462,    62202,    61700,    38957
69109835,        0, 59728656,    65439,    60613,    36858
69115216,        1, 61492933,    65494,    60669,    37392
69140680,        2, 63367851,    65548,    60723,    37912
69156449,        3, 62456360,    65600,    60777,    38433
69158519,        4, 67544321,    65653,    60832,    38957
69159950,        0, 59732766,    65172,    60313,    36858
69165982,        1, 61491532,    65217,    60320,    37392
69168634,        2, 61471586,    65260,    60328,    37912
69169622,        3, 62400118,    65304,    60336,    38433
69171457,        4, 65571319,    65348,    60344,    38957
69177195,        0, 59743029,    65223,    61190,    36858
69185293,        1, 61504617,    65233,    61226,    37392
69192672,        2, 63365282,    65242,    61261,    37912
69192932,        3, 64439374,    65251,    61297,    38433
69223139,        4, 67546775,    65261,    61332,    38957
69223836,        0, 59746038,    65265,    61539,    36858
69225749,        1, 61504951,    65280,    61559,    37392
69229570,        2, 63364974,    65294,    61580,    37912
70875973,        3, 64441411,    65308,    61600,    38433
70877014,        4, 67567949,    65322,    61621,    38957
70882867,        0, 59762580,    66400,    60556,    36858
70887114,        1, 61524654,    66418,    60606,    37392
70899976,        2, 61456054,    66436,    60656,    37912
70916292,        3, 62433090,    66453,    60707,    38433
70930904,        4, 67538856,    66470,    60758,    38957
70932087,        0, 59765353,    66408,    60666,    36858
70933042,        1, 61520295,    66411,    60686,    37392
70934905,        2, 63355637,    66415,    60705,    37912
70937383,        3, 62438174,    66418,    60725,    38433
70937400,        4, 67537986,    66422,    60744,    38957
70946817,        0, 59776912,    65585,    61868,    36858
70954250,        1, 61540430,    65591,    61873,    37392
70958386,        2, 63381767,    65598,    61878,    37912
70974020,        3, 64498752,    65605,    61883,    38433
70986479,        4, 67567481,    65612,    61887,    38957
70988113,        1, 61595886,    69560,    60998,    37392
71010535,        2, 63417393,    69577,    61001,    37912
71026642,        3, 64539545,    69595,    61002,    38433
71027329,        4, 67603534,    69614,    61004,    38957
71032657,        0, 59821424,    71317,    60520,    36858
71034176,        1, 61588357,    71322,    60559,    37392
71057506,        2, 61541040,    71329,    60597,    37912
71069284,        3, 62495048,    71335,    60636,    38433
71084517,        4, 67642057,    71341,    60674,    38957
71088000,        0, 59828426,    70866,    60055,    36858
71088213,        1, 59632560,    70870,    60080,    37392
71089799,        2, 61534594,    70874,    60105,    37912
71091576,        3, 62509918,    70878,    60129,    38433
61469850,        0, 59831272,    70094,    61389,    36858
63401405,        1, 61598267,    70096,    61419,    37392
65228473,        2, 63424768,    70098,    61448,    37912
65360576,        3, 64540636,    70100,    61477,    38433
65368467,        4, 67632506,    70102,    61507,    38957
69246789,        0, 59831624,    70622,    61132,    36858
71104371,        1, 61608276,    70683,    61149,    37392
73035942,        2, 63412421,    70742,    61166,    37912
61559883,        3, 64543878,    70801,    61184,    38433
59753970,        4, 67651307,    70861,    61202,    38957
61749906,        0, 59848014,    73396,    60710,    36858
69167400,        1, 61613205,    73431,    60724,    37392
69177206,        2, 63485289,    73465,    60738,    37912
57763282,        3, 62524083,    73499,    60752,    38433
59682706,        0, 59867673,    73231,    61738,    36858
63567565,        1, 61632399,    73273,    61758,    37392
67299125,        2, 63498130,    73315,    61775,    37912
70971830,        3, 64568863,    73357,    61790,    38433
59487121,        4, 67697064,    73399,    61806,    38957
61583568,        0, 59867960,    72333,    61685,    36858
65440030,        1, 61633780,    72343,    61692,    37392
67229238,        2, 63468671,    72352,    61699,    37912
69203057,        3, 64578402,    72360,    61704,    38433
69151500,        4, 67665771,    72369,    61710,    38957
57798677,        0, 59868129,    72863,    61491,    36858
59804731,        1, 61637781,    72870,    61526,    37392
69121841,        2, 63471915,    72877,    61561,    37912
63604033,        3, 64578477,    72883,    61596,    38433
65479243,        0, 59868631,    72353,    61809,    36858
70976823,        1, 61634271,    72376,    61875,    37392
61604842,        0, 61531311,    57029,    62339,    36858
71079112,        1, 63327039,    57032,    62343,    37392
61641381,        2, 63256646,    57034,    62348,    37912
70928337,        3, 64330573,    57037,    62352,    38433
70909968,        4, 67428272,    57039,    62357,    38957
71087416,        0, 61534302,    56989,    62983,    36858
61564093,        1, 63334773,    56989,    62999,    37392
67289294,        2, 65162883,    56990,    63015,    37912
55881903,        3, 66323260,    56991,    63031,    38433
67298906,        4, 69430106,    56991,    63046,    38957
65510599,        0, 61537351,    57444,    62142,    36858
67217322,        1, 63344908,    57451,    62163,    37392
69192591,        2, 63254346,    57458,    62183,    37912
69186505,        3, 64333146,    57464,    62204,    38433
57858347,        4, 67424198,    57472,    62223,    38957
57901345,        0, 61611169,    61781,    63568,    36858
63534973,        1, 63411041,    61819,    63597,    37392
63573404,        2, 65208522,    61856,    63624,    37912
65312662,        3, 66405380,    61892,    63651,    38433
63426659,        4, 69484894,    61929,    63679,    38957
65507730,        0, 61615824,    63291,    62292,    36858
67258012,        1, 63414763,    63314,    62307,    37392
55878684,        2, 63346019,    63336,    62322,    37912
59726282,        3, 64423678,    63358,    62336,    38433
61767973,        4, 67529465,    63381,    62351,    38957
63390591,        0, 61620208,    61892,    62604,    36858
63500855,        1, 63419368,    61895,    62610,    37392
63513012,        2, 63320617,    61897,    62616,    37912
65415991,        3, 64425793,    61900,    62620,    38433
70953861,        4, 69486738,    61903,    62625,    38957
61648429,        0, 61625886,    62972,    62944,    36858
63527640,        1, 63424118,    62975,    62950,    37392
69016794,        2, 65227691,    62977,    62955,    37912
59747604,        4, 69504920,    62982,    62966,    38957
61660774,        0, 61637394,    61565,    64049,    36858
65364458,        1, 63424955,    61587,    64054,    37392
65447348,        2, 65211095,    61608,    64059,    37912
67312423,        3, 66392603,    61629,    64064,    38433
69227011,        4, 69489081,    61649,    64068,    38957
71014431,        0, 61651369,    65067,    62838,    36858
71049176,        2, 65267694,    65091,    62876,    37912
57748014,        3, 64452092,    65104,    62895,    38433
57842900,        4, 69555575,    65115,    62914,    38957
61459770,        0, 61653761,    64761,    62960,    36858
61711695,        1, 63447660,    64795,    62996,    37392
59814571,        2, 65260816,    64828,    63031,    37912
59839966,        3, 66423170,    64862,    63066,    38433
63593454,        4, 69542378,    64896,    63101,    38957
65318117,        0, 61653855,    64131,    62759,    36858
67202696,        1, 63466696,    64147,    62804,    37392
69000775,        2, 65224147,    64163,    62848,    37912
69034523,        3, 64464814,    64178,    62892,    38433
69051983,        4, 69506909,    64194,    62936,    38957
56004494,        0, 61658561,    64096,    62352,    36858
59651965,        1, 63462151,    64101,    62358,    37392
59839906,        2, 63346655,    64105,    62365,    37912
61594383,        3, 64462095,    64109,    62372,    38433
61608116,        4, 67529499,    64114,    62379,    38957
63512885,        0, 61660482,    64227,    63793,    36858
65375414,        1, 63464016,    64233,    63810,    37392
67262867,        2, 65221092,    64238,    63827,    37912
69063822,        3, 66439862,    64243,    63844,    38433
57776055,        4, 69497314,    64249,    63862,    38957
57821626,        0, 61665699,    66811,    63231,    36858
57862727,        1, 63469911,    66867,    63279,    37392
61557199,        2, 65285765,    66923,    63327,    37912
59745637,        3, 66478017,    66978,    63375,    38433
61534725,        4, 69570056,    67034,    63423,    38957
63514960,        0, 61668935,    66820,    63786,    36858
65284311,        1, 63473770,    66848,    63799,    37392
63385373,        2, 65289519,    66876,    63812,    37912
66410670,        4, 69574701,    66932,    63838,    38957
67216346,        0, 61683509,    65839,    63944,    36858
63620103,        1, 63489795,    65869,    63961,    37392
67227636,        2, 65246825,    65897,    63978,    37912
67370303,        3, 66464707,    65925,    63996,    38433
69115603,        4, 69530502,    65952,    64014,    38957
69184806,        0, 61690753,    66504,    62444,    36858
71060457,        1, 63476236,    66562,    62458,    37392
69245126,        2, 63374782,    66619,    62473,    37912
70948761,        3, 64490648,    66676,    62487,    38433
57824418,        4, 69538573,    66734,    62501,    38957
56029949,        0, 61692718,    68785,    63473,    36858
61477598,        1, 63513376,    68789,    63476,    37392
59758888,        2, 65311055,    68793,    63479,    37912
65453262,        3, 66508462,    68797,    63482,    38433
63605550,        0, 61697401,    68471,    63590,    36858
63593264,        1, 63500536,    68485,    63631,    37392
61755550,        2, 65287289,    68499,    63670,    37912
65440244,        3, 66492104,    68512,    63709,    38433
70878726,        4, 69576366,    68526,    63748,    38957
69091877,        0, 61711688,    67865,    62106,    36858
69119969,        1, 63515618,    67887,    62130,    37392
71070659,        2, 63402578,    67911,    62150,    37912
70883182,        3, 64521077,    67933,    62172,    38433
69182870,        4, 67591023,    67955,    62194,    38957
55947423,        1, 63516762,    69177,    62224,    37392
57821989,        3, 64530382,    69178,    62238,    38433
59680276,        4, 67625781,    69178,    62244,    38957
59796637,        0, 61715773,    67658,    63724,    36858
57896479,        1, 63520878,    67707,    63770,    37392
61679867,        2, 65275522,    67754,    63815,    37912
61724354,        4, 69558518,    67849,    63907,    38957
61704564,        0, 61717647,    69454,    62539,    36858
61708442,        1, 63494582,    69481,    62555,    37392
63516232,        2, 63428129,    69508,    62571,    37912
65347451,        3, 64565979,    69534,    62587,    38433
65342226,        4, 69590091,    69560,    62603,    38957
67315714,        0, 61765203,    73085,    62898,    36858
67348460,        1, 63566758,    73125,    62931,    37392
67307322,        2, 65361346,    73164,    62963,    37912
67293347,        3, 66546106,    73202,    62995,    38433
69210947,        4, 69657000,    73241,    63027,    38957
57489991,        0, 61771422,    72789,    63615,    36858
55878254,        1, 63574939,    72811,    63625,    37392
57772060,        2, 65364114,    72834,    63634,    37912
59818202,        3, 66557225,    72856,    63643,    38433
61586297,        4, 69648137,    72879,    63652,    38957
59810039,        0, 63420608,    58842,    64520,    36858
59840769,        1, 65251243,    58855,    64555,    37392
61566132,        2, 65188447,    58867,    64590,    37912
61660632,        3, 66356228,    58880,    64623,    38433
63506060,        4, 71378175,    58892,    64658,    38957
67260493,        0, 63420776,    58829,    64519,    36858
65432347,        1, 65250874,    58854,    64539,    37392
65496182,        2, 65188504,    58879,    64560,    37912
67326921,        3, 66355787,    58904,    64580,    38433
69016079,        4, 71377875,    58929,    64601,    38957
67294024,        0, 63422248,    58916,    65154,    36858
69007620,        1, 65253565,    58926,    65207,    37392
69040825,        2, 67008066,    58935,    65258,    37912
59673062,        3, 68302269,    58944,    65309,    38433
57784662,        4, 71398431,    58953,    65361,    38957
59708902,        0, 63428541,    58074,    64274,    36858
57860954,        1, 65235833,    58096,    64294,    37392
59660540,        2, 65142359,    58117,    64314,    37912
59652134,        0, 63442849,    58035,    64969,    36858
59717950,        1, 65232684,    58051,    64978,    37392
63569482,        2, 66961681,    58067,    64988,    37912
61706791,        3, 68286199,    58082,    64996,    38433
59835600,        4, 71338784,    58097,    65006,    38957
67180901,        0, 63449215,    60207,    64685,    36858
67339315,        1, 65261544,    60247,    64709,    37392
67372846,        2, 66998524,    60285,    64731,    37912
71033706,        3, 66381531,    60322,    64754,    38433
69129624,        4, 71378991,    60361,    64776,    38957
71010467,        0, 63450879,    60231,    65071,    36858
71060653,        1, 65265190,    60240,    65074,    37392
69220738,        2, 67009075,    60249,    65076,    37912
70976565,        3, 68324201,    60257,    65079,    38433
57767497,        4, 71392581,    60266,    65081,    38957
57922654,        0, 63465212,    61403,    66006,    36858
59656491,        1, 65260510,    61424,    66014,    37392
59683530,        2, 67028068,    61445,    66021,    37912
59706898,        3, 68323268,    61465,    66028,    38433
61546935,        4, 71400411,    61486,    66036,    38957
61531792,        0, 63498790,    62404,    64558,    36858
61741117,        1, 65309233,    62417,    64594,    37392
63490593,        2, 65209974,    62430,    64629,    37912
63568961,        3, 66415644,    62442,    64665,    38433
65382447,        4, 71416949,    62455,    64699,    38957
65380906,        0, 63502262,    61590,    64184,    36858
65438014,        1, 65297388,    61601,    64232,    37392
67235771,        2, 65215222,    61612,    64279,    37912
69065293,        3, 66398837,    61623,    64325,    38433
57764787,        4, 69483503,    61634,    64371,    38957
57922475,        0, 63519318,    64489,    64061,    36858
59649368,        1, 63448884,    64538,    64086,    37392
59782530,        2, 65220929,    64585,    64109,    37912
63401750,        3, 66421089,    64634,    64132,    38433
63566769,        4, 69503401,    64682,    64156,    38957
65338953,        0, 63524056,    64581,    65695,    36858
67292386,        1, 65337576,    64591,    65704,    37392
65523109,        2, 67052479,    64601,    65712,    37912
67282349,        3, 68374453,    64611,    65720,    38433
69112958,        4, 71447582,    64621,    65728,    38957
69155606,        0, 63564793,    68722,    64653,    36858
70883354,        1, 65400055,    68746,    64693,    37392
69067056,        2, 67140867,    68770,    64732,    37912
55913266,        4, 71542737,    68818,    64811,    38957
59703450,        0, 63577028,    69527,    65475,    36858
59740281,        1, 65391580,    69529,    65489,    37392
61722673,        2, 67135485,    69531,    65501,    37912
61754931,        3, 68492264,    69532,    65514,    38433
63456933,        4, 71537160,    69534,    65528,    38957
65481484,        1, 65404787,    67680,    65074,    37392
67339266,        2, 67105850,    67681,    65082,    37912
71000156,        3, 68443832,    67683,    65089,    38433
70942242,        4, 71502609,    67684,    65097,    38957
57689745,        0, 63590528,    69941,    65869,    36858
63380266,        1, 65406342,    69982,    65877,    37392
63509063,        2, 67145855,    70022,    65886,    37912
63527067,        3, 68471676,    70062,    65893,    38433
63638592,        4, 71548320,    70102,    65902,    38957
67173354,        0, 63595815,    70147,    64969,    36858
67198961,        1, 65413462,    70158,    64984,    37392
67359432,        2, 67153414,    70170,    64999,    37912
69096974,        3, 68474910,    70182,    65013,    38433
70891447,        4, 71556355,    70194,    65028,    38957
57830165,        0, 63601163,    69669,    64335,    36858
61545633,        1, 65416647,    69710,    64382,    37392
63489893,        2, 65305114,    69751,    64428,    37912
61733859,        3, 66518825,    69791,    64472,    38433
61773634,        4, 71539913,    69831,    64518,    38957
71125379,        0, 63602296,    71068,    64378,    36858
71166978,        1, 65421045,    71108,    64388,    37392
70847115,        2, 65332369,    71146,    64398,    37912
72858030,        3, 66514423,    71184,    64408,    38433
57936193,        4, 69634030,    71223,    64418,    38957
59650987,        0, 63605474,    71374,    65139,    36858
57745531,        1, 65415703,    71381,    65151,    37392
59704926,        2, 67163124,    71388,    65162,    37912
59699007,        3, 68475635,    71395,    65174,    38433
63508096,        4, 71567478,    71401,    65185,    38957
61650114,        0, 63605646,    71422,    65496,    36858
63556065,        1, 65420327,    71432,    65515,    37392
61651351,        2, 67166002,    71441,    65533,    37912
63479582,        3, 68470388,    71450,    65551,    38433
65322247,        4, 71570953,    71459,    65570,    38957
72962334,        0, 63623961,    72218,    64687,    36858
69156119,        1, 65455871,    72222,    64730,    37392
71074317,        2, 67173656,    72225,    64771,    37912
70976367,        3, 66564157,    72229,    64810,    38433
57786967,        4, 71586992,    72232,    64852,    38957
57883932,        0, 63625804,    73277,    64683,    36858
59674319,        1, 65439188,    73284,    64689,    37392
57925561,        2, 67200070,    73291,    64694,    37912
59663711,        4, 71607223,    73306,    64705,    38957
61773816,        0, 63630182,    72150,    64140,    36858
63565078,        1, 65448929,    72166,    64207,    37392
65370018,        3, 66560114,    72197,    64338,    38433
65399322,        4, 69637387,    72213,    64403,    38957
67238319,        0, 63630966,    73356,    64100,    36858
67323692,        1, 65444815,    73398,    64110,    37392
55951025,        2, 65369922,    73439,    64120,    37912
59825097,        3, 66544015,    73480,    64129,    38433
63540922,        0, 63634180,    73214,    64285,    36858
65448217,        1, 65444995,    73238,    64290,    37392
70953665,        2, 65357852,    73263,    64295,    37912
55886562,        3, 66544007,    73286,    64300,    38433
59686910,        4, 69653365,    73310,    64306,    38957
59753721,        0, 63636114,    72765,    65343,    36858
63417875,        1, 65450630,    72768,    65369,    37392
63446286,        2, 67192641,    72772,    65395,    37912
65385397,        3, 68514617,    72776,    65420,    38433
67295218,        4, 71573377,    72779,    65446,    38957
69129938,        0, 63638676,    73094,    65644,    36858
57917298,        1, 65436523,    73134,    65666,    37392
57868669,        2, 67192678,    73175,    65688,    37912
59818539,        3, 68501011,    73215,    65709,    38433
59734886,        4, 71605116,    73256,    65730,    38957
63564959,        0, 65278161,    57145,    66199,    36858
63445621,        1, 67153291,    57150,    66210,    37392
63642633,        2, 66974786,    57154,    66220,    37912
65420443,        3, 68263809,    57157,    66229,    38433
67374558,        4, 71354066,    57161,    66240,    38957
69100754,        0, 65310909,    58778,    66409,    36858
69129740,        1, 67184115,    58789,    66471,    37392
69129307,        3, 68298444,    58812,    66593,    38433
69151899,        4, 73343582,    58824,    66655,    38957
69163528,        0, 65322735,    58107,    67159,    36858
69244374,        1, 67158419,    58128,    67202,    37392
57720410,        2, 68819180,    58149,    67243,    37912
61631489,        3, 70265560,    58170,    67284,    38433
63547831,        4, 73283197,    58191,    67326,    38957
65281428,        0, 65336946,    59981,    67548,    36858
63529011,        1, 67191397,    59988,    67606,    37392
67242765,        2, 68858152,    59995,    67663,    37912
67226591,        3, 70290641,    60002,    67721,    38433
69109995,        4, 73318108,    60009,    67779,    38957
57940669,        0, 65341121,    60586,    66683,    36858
59737197,        1, 67203242,    60591,    66691,    37392
59682498,        2, 68864040,    60596,    66698,    37912
63453682,        3, 68330051,    60601,    66706,    38433
67156918,        4, 73341095,    60606,    66713,    38957
65490990,        0, 65351816,    61357,    66963,    36858
67372891,        1, 67189826,    61386,    66970,    37392
67309107,        2, 68874173,    61416,    66977,    37912
67332538,        3, 70300670,    61445,    66983,    38433
69226758,        4, 73357529,    61474,    66990,    38957
70906300,        0, 65355118,    60974,    67477,    36858
59840934,        1, 67209688,    61000,    67519,    37392
65317761,        3, 70307225,    61051,    67600,    38433
67280395,        0, 65355330,    61118,    67697,    36858
65457114,        1, 67205864,    61134,    67755,    37392
69112591,        2, 68868222,    61150,    67811,    37912
71026848,        3, 70292729,    61166,    67867,    38433
71022959,        4, 73350001,    61181,    67923,    38957
57745397,        0, 65357486,    59649,    67660,    36858
57918518,        1, 67190659,    59683,    67671,    37392
59684011,        2, 68839964,    59712,    67681,    37912
61670990,        3, 70290595,    59744,    67690,    38433
59855328,        4, 73317649,    59775,    67699,    38957
61555362,        0, 65375794,    62193,    67906,    36858
65370354,        1, 67233689,    62209,    67914,    37392
63523852,        2, 68889884,    62226,    67922,    37912
63532666,        3, 70341829,    62242,    67930,    38433
63616313,        4, 73370546,    62259,    67938,    38957
67231901,        0, 65398213,    63758,    66505,    36858
67123103,        1, 67270569,    63811,    66533,    37392
57750237,        2, 67064095,    63861,    66560,    37912
57788284,        3, 68392178,    63911,    66587,    38433
57856353,        4, 73402917,    63963,    66614,    38957
63433604,        0, 65428320,    67138,    67746,    36858
67202147,        1, 67289909,    67183,    67783,    37392
65457449,        2, 68967986,    67228,    67818,    37912
70895464,        3, 70403880,    67273,    67854,    38433
69067024,        4, 73466589,    67318,    67889,    38957
70963120,        0, 65429653,    67490,    67745,    36858
71051998,        1, 67289990,    67522,    67780,    37392
57818147,        2, 68951830,    67553,    67814,    37912
57847092,        3, 70431240,    67585,    67848,    38433
61656024,        4, 73445750,    67617,    67881,    38957
61764920,        4, 73475769,    69395,    68034,    38957
65412354,        0, 65466698,    69326,    67076,    36858
67217721,        1, 67320175,    69341,    67082,    37392
69079651,        2, 68983527,    69355,    67088,    37912
69160346,        3, 70439027,    69369,    67093,    38433
71094833,        4, 73481674,    69382,    67099,    38957
70944552,        0, 65496580,    71376,    67312,    36858
57884071,        1, 67333017,    71381,    67315,    37392
56072937,        2, 69015211,    71386,    67319,    37912
59640590,        3, 70451579,    71392,    67323,    38433
57847825,        4, 73503697,    71397,    67326,    38957
61593823,        0, 65500043,    71365,    66255,    36858
63573472,        2, 67159429,    71444,    66275,    37912
63600921,        3, 68504831,    71483,    66285,    38433
63426531,        4, 71563411,    71523,    66294,    38957
63605299,        0, 65521060,    72718,    67655,    36858
63626566,        1, 67381262,    72726,    67664,    37392
65335934,        2, 69006921,    72734,    67672,    37912
67259821,        3, 70483964,    72743,    67680,    38433
65442209,        4, 73505912,    72751,    67688,    38957
67163443,        0, 65521227,    73187,    67830,    36858
67177340,        1, 67372376,    73222,    67881,    37392
67182350,        2, 69034260,    73257,    67930,    37912
69024168,        3, 70471431,    73291,    67979,    38433
56030987,        4, 73556788,    73325,    68028,    38957
56017396,        0, 65521448,    72654,    67821,    36858
59684282,        1, 67375866,    72666,    67853,    37392
59700930,        2, 69007282,    72677,    67885,    37912
63469516,        4, 73509648,    72699,    67948,    38957
63417566,        0, 65522842,    73048,    67129,    36858
65396359,        1, 67361104,    73052,    67141,    37392
65470371,        2, 69041492,    73055,    67153,    37912
67195962,        3, 70477917,    73059,    67165,    38433
69100560,        4, 73544279,    73062,    67177,    38957
57738771,        0, 67159374,    59005,    70028,    36858
57795655,        1, 69072498,    59010,    70065,    37392
61459745,        2, 70660651,    59015,    70102,    37912
57880737,        3, 72223999,    59019,    70140,    38433
59860204,        4, 75239336,    59025,    70177,    38957
61638359,        0, 67189414,    60599,    68905,    36858
63571801,        1, 69104499,    60627,    68913,    37392
63398669,        2, 70665009,    60652,    68921,    37912
63397631,        0, 67207561,    61487,    68714,    36858
65423854,        1, 69090853,    61533,    68719,    37392
65473332,        2, 70687452,    61578,    68723,    37912
65457007,        3, 70334661,    61623,    68728,    38433
65417789,        4, 75276045,    61668,    68732,    38957
65491108,        0, 67214288,    61838,    68128,    36858
69058873,        1, 69110476,    61843,    68138,    37392
67210884,        2, 68890176,    61846,    68147,    37912
70909991,        3, 70324815,    61851,    68156,    38433
69049392,        4, 73365162,    61855,    68165,    38957
70953519,        0, 67214319,    62212,    68555,    36858
71002078,        1, 69128417,    62234,    68575,    37392
56083170,        2, 68885240,    62255,    68593,    37912
56092388,        3, 70339356,    62276,    68612,    38433
57753378,        4, 75275688,    62297,    68632,    38957
57878329,        0, 67214414,    61724,    68282,    36858
57862589,        1, 69110676,    61764,    68325,    37392
61477089,        2, 68885381,    61802,    68367,    37912
59864107,        4, 75269885,    61880,    68452,    38957
61632986,        0, 67222590,    62054,    68080,    36858
63518440,        1, 69122170,    62100,    68120,    37392
65444731,        2, 68890170,    62144,    68159,    37912
67252527,        4, 73365518,    62237,    68236,    38957
65455921,        0, 67235739,    62646,    68643,    36858
67163480,        1, 69131852,    62696,    68655,    37392
69054898,        2, 70684980,    62745,    68667,    37912
69192505,        3, 70339300,    62795,    68678,    38433
69245983,        4, 75287151,    62844,    68690,    38957
71008278,        0, 67236346,    62903,    68609,    36858
57822310,        1, 69111926,    62914,    68627,    37392
59707021,        2, 68907453,    62924,    68644,    37912
59871477,        3, 70335408,    62934,    68661,    38433
61620870,        4, 75287506,    62945,    68678,    38957
63396303,        0, 67236604,    62622,    68642,    36858
63589442,        1, 69131711,    62642,    68667,    37392
65351895,        2, 70678055,    62661,    68692,    37912
65368600,        3, 70339497,    62681,    68716,    38433
63585809,        4, 75259285,    62700,    68742,    38957
65284924,        0, 67269498,    67175,    68265,    36858
67220953,        2, 68972302,    67252,    68315,    37912
67312365,        3, 70405626,    67289,    68340,    38433
67234259,        4, 73458454,    67327,    68365,    38957
69117704,        0, 67275166,    67236,    69007,    36858
67266335,        1, 69177271,    67238,    69012,    37392
67313352,        2, 70770017,    67240,    69016,    37912
55921327,        3, 72339957,    67241,    69020,    38433
56062970,        4, 75369235,    67243,    69025,    38957
59653100,        0, 67287456,    65845,    68424,    36858
59834054,        1, 69182077,    65849,    68437,    37392
61767771,        2, 68941330,    65853,    68449,    37912
61759158,        3, 70407376,    65856,    68462,    38433
61708996,        4, 75321976,    65860,    68474,    38957
61704188,        0, 67313480,    69539,    69792,    36858
63640909,        1, 69244027,    69575,    69830,    37392
65374892,        2, 70787538,    69611,    69867,    37912
63577113,        3, 72396132,    69647,    69903,    38433
65377766,        4, 75372642,    69682,    69939,    38957
69050477,        0, 67314176,    67622,    69720,    36858
70894427,        1, 69205199,    67629,    69766,    37392
69112944,        2, 70762561,    67637,    69811,    37912
69235419,        3, 72367443,    67645,    69856,    38433
57714823,        4, 75344156,    67653,    69902,    38957
57738444,        0, 67316761,    68129,    68824,    36858
59619864,        2, 70755783,    68137,    68829,    37912
61758442,        3, 70423104,    68141,    68831,    38433
61680072,        4, 75346331,    68144,    68833,    38957
63465153,        0, 67345822,    69878,    68684,    36858
65348841,        3, 70455058,    69878,    68697,    38433
67217385,        4, 75375180,    69879,    68701,    38957
67328365,        0, 67349423,    73382,    69756,    36858
67336180,        1, 69246474,    73436,    69781,    37392
70985742,        2, 70846978,    73488,    69805,    37912
57748487,        2, 70824713,    71832,    69156,    37912
59728497,        0, 67362714,    73272,    68908,    36858
59794228,        1, 69255463,    73289,    68911,    37392
59625364,        2, 70833852,    73306,    68915,    37912
59663571,        3, 70483209,    73322,    68919,    38433
63457727,        4, 75455029,    73338,    68922,    38957
61639875,        0, 67368370,    73258,    68476,    36858
61638611,        1, 69249992,    73273,    68504,    37392
61764823,        2, 69048364,    73288,    68532,    37912
65406052,        3, 70474376,    73303,    68560,    38433
65336172,        4, 75447991,    73317,    68588,    38957
67193259,        0, 67370472,    72925,    69898,    36858
67221858,        1, 69252653,    72975,    69918,    37392
65437925,        4, 75433522,    73123,    69976,    38957
65462229,        0, 68990416,    57447,    70668,    36858
65444790,        2, 72450139,    57453,    70683,    37912
67350906,        3, 72235236,    57456,    70690,    38433
69045182,        4, 77109909,    57459,    70697,    38957
67273133,        0, 69018996,    58728,    70213,    36858
69169666,        1, 70970321,    58760,    70253,    37392
69170094,        2, 70660368,    58792,    70291,    37912
69042855,        3, 72228182,    58822,    70329,    38433
69059501,        4, 75248576,    58855,    70368,    38957
56073013,        0, 69019843,    58538,    70488,    36858
57743849,        1, 70960747,    58543,    70516,    37392
61505701,        2, 70639060,    58548,    70544,    37912
61673516,        3, 72209523,    58553,    70572,    38433
65309999,        4, 77114521,    58558,    70600,    38957
63503888,        0, 69032370,    58973,    71315,    36858
63626691,        1, 70982570,    59003,    71360,    37392
65275683,        2, 72484949,    59031,    71404,    37912
67156463,        3, 74167128,    59059,    71448,    38433
67188648,        4, 77168633,    59088,    71492,    38957
65509304,        0, 69039693,    57683,    71923,    36858
67226935,        1, 70977377,    57699,    71972,    37392
67281041,        1, 70986587,    59935,    70877,    37392
67292963,        2, 72482818,    59964,    70940,    37912
69231871,        3, 74190618,    59995,    71003,    38433
71023077,        0, 69055490,    61294,    70963,    36858
57952376,        1, 70988759,    61309,    70971,    37392
57765026,        2, 72509533,    61324,    70979,    37912
57815094,        3, 74191268,    61339,    70988,    38433
57849505,        4, 77169976,    61353,    70996,    38957
59684246,        0, 69070775,    61469,    71062,    36858
61538609,        1, 70988762,    61480,    71080,    37392
61698179,        2, 72510375,    61490,    71098,    37912
61713066,        3, 74222798,    61500,    71115,    38433
63478304,        4, 77169999,    61510,    71133,    38957
65370044,        0, 69081952,    63498,    70413,    36858
63521670,        1, 71021651,    63500,    70414,    37392
63640761,        3, 72311870,    63502,    70418,    38433
65374871,        4, 77215980,    63502,    70420,    38957
67193745,        0, 69091681,    61814,    71272,    36858
67273179,        1, 71030187,    61823,    71289,    37392
67365090,        2, 72514904,    61831,    71305,    37912
69067080,        3, 74222361,    61839,    71321,    38433
69171041,        4, 77181291,    61847,    71338,    38957
71024839,        0, 69098787,    63282,    71730,    36858
71054335,        1, 71034810,    63321,    71743,    37392
57805814,        2, 72559156,    63359,    71755,    37912
59818438,        3, 74219025,    63397,    71767,    38433
57944150,        4, 77228565,    63436,    71779,    38957
61658893,        1, 71086827,    65612,    70123,    37392
59754427,        2, 70745514,    65653,    70143,    37912
61695530,        3, 72340623,    65696,    70164,    38433
59796489,        4, 75334502,    65738,    70185,    38957
63459708,        0, 69109835,    64017,    70431,    36858
61665318,        1, 71051822,    64038,    70458,    37392
63459993,        2, 70722115,    64059,    70484,    37912
65442112,        3, 72319232,    64080,    70510,    38433
63521819,        4, 77216108,    64101,    70537,    38957
68983689,        0, 69115216,    64249,    70659,    36858
67176500,        1, 71051754,    64299,    70686,    37392
67189821,        2, 72538723,    64348,    70712,    37912
70847197,        3, 72303319,    64398,    70738,    38433
70882521,        4, 77208959,    64447,    70765,    38957
69182853,        0, 69140680,    66219,    70387,    36858
55913482,        1, 71079468,    66234,    70393,    37392
61634930,        2, 70730462,    66249,    70399,    37912
61562749,        3, 72329286,    66264,    70406,    38433
61568322,        4, 75317879,    66278,    70412,    38957
63448732,        0, 69156449,    66020,    71833,    36858
63445814,        1, 71093273,    66023,    71836,    37392
65453084,        2, 72578889,    66025,    71839,    37912
67176378,        3, 74288482,    66028,    71842,    38433
67331087,        4, 77249936,    66031,    71845,    38957
70878918,        0, 69158519,    66670,    71940,    36858
69094661,        1, 71087264,    66687,    71946,    37392
70985895,        2, 72583477,    66704,    71951,    37912
69241222,        3, 74295518,    66721,    71957,    38433
70914478,        4, 77254430,    66738,    71963,    38957
55948061,        0, 69159950,    65921,    71320,    36858
59675985,        1, 71099558,    65973,    71329,    37392
59693113,        2, 72561967,    66024,    71339,    37912
59709142,        3, 74284810,    66074,    71349,    38433
61619791,        4, 77232381,    66126,    71359,    38957
59855171,        0, 69165982,    68872,    70359,    36858
61632811,        1, 71108368,    68876,    70365,    37392
63569246,        2, 70792594,    68879,    70370,    37912
61703735,        3, 72372550,    68882,    70376,    38433
61710835,        4, 75398705,    68885,    70381,    38957
65447970,        0, 69168634,    67820,    70202,    36858
65450654,        1, 71107424,    67869,    70228,    37392
65519043,        2, 70754493,    67918,    70253,    37912
67309306,        4, 75349041,    68016,    70305,    38957
69074615,        0, 69169622,    69281,    70402,    36858
69235062,        1, 71108423,    69301,    70428,    37392
55890911,        2, 70782925,    69320,    70453,    37912
57784202,        4, 77296255,    69358,    70505,    38957
