Vector Track Size:     1024

28735539,       10, 34161409,    59433,    68850,    21345
28738298,       11, 34675126,    59437,    68870,    21863
28739368,       12, 34261216,    59440,    68890,    22390
28741111,       13, 38260807,    59444,    68910,    22913
28741347,       14, 38285344,    59448,    68930,    23412
28741680,       10, 34162099,    59624,    70368,    21345
24116883,       11, 35615590,    59635,    70406,    21863
24116920,       12, 35184752,    59646,    70447,    22390
24126626,       13, 39301130,    59657,    70487,    22913
24127536,       14, 39275022,    59668,    70525,    23412
24128635,       11, 34676420,    59461,    69452,    21863
24130254,       12, 34255159,    59465,    69488,    22390
24130689,       13, 38257872,    59470,    69523,    22913
24133200,       14, 38287277,    59475,    69557,    23412
24134559,       10, 35064189,    58508,    70870,    21345
24134925,       11, 35603133,    58538,    70914,    21863
24135584,       12, 35181386,    58570,    70959,    22390
24144319,       13, 39310773,    58600,    71004,    22913
24144949,       14, 39280803,    58629,    71047,    23412
24145653,       10, 34168551,    60307,    69097,    21345
24145926,       11, 34683779,    60348,    69102,    21863
24147672,       12, 34267450,    60390,    69106,    22390
24147796,       13, 38287316,    60432,    69110,    22913
24149912,       14, 38300909,    60472,    69114,    23412
24157879,       10, 34160055,    59629,    69981,    21345
24158480,       11, 34671783,    59640,    70039,    21863
24160424,       12, 34259862,    59652,    70097,    22390
24162714,       13, 39298968,    59663,    70155,    22913
24168852,       10, 28626607,    57568,    56942,    21345
24169013,       11, 28986353,    57574,    56950,    21863
24170961,       12, 28679885,    57579,    56957,    22390
24171248,       13, 32071878,    57585,    56965,    22913
24177286,       14, 32275892,    57591,    56972,    23412
24184027,       10, 28629306,    57745,    57136,    21345
24185292,       11, 28986092,    57785,    57164,    21863
24189719,       12, 28683139,    57825,    57193,    22390
24192067,       13, 32072160,    57865,    57222,    22913
24192478,       14, 32286930,    57904,    57250,    23412
24192708,       10, 28640317,    58797,    57924,    21345
24193276,       11, 29008660,    58810,    57933,    21863
24193714,       12, 28688799,    58822,    57942,    22390
24196598,       13, 33110197,    58835,    57951,    22913
24197641,       14, 32297421,    58848,    57959,    23412
24199692,       10, 28639996,    58566,    57848,    21345
24204731,       11, 28992713,    58567,    57851,    21863
24205531,       12, 28689094,    58568,    57853,    22390
24208160,       13, 33110342,    58570,    57856,    22913
24215948,       14, 32300160,    58571,    57859,    23412
24216385,       10, 28641446,    58731,    56808,    21345
24216601,       11, 29010594,    58746,    56809,    21863
24885918,       12, 28691504,    58760,    56810,    22390
24894065,       13, 32096243,    58774,    56812,    22913
24894443,       14, 32296552,    58787,    56813,    23412
24894690,       10, 28644009,    58792,    58525,    21345
24894898,       11, 29946748,    58793,    58534,    21863
24894935,       12, 29603149,    58795,    58544,    22390
24895269,       13, 33102510,    58796,    58554,    22913
24896876,       14, 33291004,    58798,    58563,    23412
24897135,       10, 29561850,    58437,    58734,    21345
24898930,       11, 29932816,    58444,    58764,    21863
24899077,       12, 29604926,    58452,    58796,    22390
24899932,       13, 33090846,    58460,    58828,    22913
24903637,       14, 33302828,    58468,    58859,    23412
24903654,       10, 29563980,    59512,    58997,    21345
24909591,       11, 29940424,    59540,    59034,    21863
24910421,       12, 29614581,    59569,    59071,    22390
24911209,       13, 33099530,    59599,    59108,    22913
24911238,       14, 33295226,    59626,    59144,    23412
24912532,       10, 28649811,    59728,    57854,    21345
24914144,       12, 28687004,    59781,    57872,    22390
24915313,       13, 33110961,    59808,    57880,    22913
24915966,       14, 32300556,    59834,    57888,    23412
24915986,       10, 28665272,    60053,    57941,    21345
24918636,       11, 29007933,    60080,    57962,    21863
24920632,       12, 28703230,    60108,    57984,    22390
24922272,       13, 33110820,    60135,    58005,    22913
24922998,       14, 32300705,    60161,    58026,    23412
24927953,       10, 28649887,    59519,    58037,    21345
24929596,       11, 28998085,    59522,    58046,    21863
24930252,       12, 28695688,    59525,    58056,    22390
24931590,       13, 33100415,    59528,    58066,    22913
24932958,       14, 32300484,    59531,    58075,    23412
24933923,       10, 29582720,    62080,    58618,    21345
24937105,       11, 29963422,    62114,    58623,    21863
24938928,       12, 29632103,    62148,    58628,    22390
24939251,       13, 33124206,    62183,    58633,    22913
24954040,       14, 33306514,    62216,    58638,    23412
24955378,       10, 28662937,    61238,    57432,    21345
24957212,       11, 29011566,    61242,    57443,    21863
24960612,       12, 28711467,    61246,    57454,    22390
24961255,       13, 32109805,    61250,    57465,    22913
24962170,       14, 32319569,    61254,    57476,    23412
24964845,       10, 29576798,    61577,    58720,    21345
24966646,       11, 29963147,    61630,    58747,    21863
24968414,       12, 29618711,    61684,    58776,    22390
24969548,       13, 33124542,    61737,    58804,    22913
24971804,       14, 33317705,    61789,    58830,    23412
24972161,       10, 28661696,    61497,    58393,    21345
25656206,       11, 29020158,    61498,    58396,    21863
25661731,       12, 29626841,    61499,    58400,    22390
25662437,       13, 33129847,    61500,    58403,    22913
25662692,       14, 33314757,    61502,    58406,    23412
25664203,       10, 28654887,    60858,    57914,    21345
25668822,       11, 29013030,    60861,    57917,    21863
25670428,       12, 28712564,    60863,    57920,    22390
25670699,       13, 33117420,    60865,    57923,    22913
25672212,       14, 32314820,    60868,    57926,    23412
25673633,       10, 28661423,    61814,    58312,    21345
25675834,       11, 29020238,    61860,    58333,    21863
25678097,       12, 29636338,    61908,    58356,    22390
25679028,       13, 33129698,    61955,    58378,    22913
25679202,       14, 33306613,    62000,    58399,    23412
25682638,       10, 28669948,    62496,    57991,    21345
25682655,       11, 29014251,    62504,    58017,    21863
25684151,       12, 28723976,    62512,    58043,    22390
25689798,       13, 33133330,    62521,    58069,    22913
25692443,       14, 32330296,    62529,    58093,    23412
25695183,       10, 28678200,    63263,    57831,    21345
25696504,       11, 29037363,    63277,    57835,    21863
25700440,       12, 28717853,    63291,    57839,    22390
25705002,       13, 33139600,    63306,    57843,    22913
25708317,       14, 32332830,    63319,    57847,    23412
25708456,       10, 28679632,    62767,    57816,    21345
25709130,       11, 29027711,    62768,    57832,    21863
25709682,       12, 28726734,    62770,    57849,    22390
25709753,       13, 33133090,    62771,    57865,    22913
25713867,       14, 32333229,    62772,    57880,    23412
25714908,       10, 28680826,    63105,    56935,    21345
25717428,       11, 29033669,    63107,    56938,    21863
25719362,       12, 28723103,    63110,    56940,    22390
25724321,       13, 32129925,    63112,    56943,    22913
25724654,       14, 32331653,    63115,    56945,    23412
25729343,       10, 28689069,    65477,    58453,    21345
25729541,       11, 29989879,    65486,    58474,    21863
25737520,       12, 29645634,    65496,    58495,    22390
25738179,       13, 33162186,    65505,    58516,    22913
25741789,       14, 33335820,    65514,    58536,    23412
25743077,       10, 29603734,    64926,    58646,    21345
25744018,       11, 29993354,    64976,    58651,    21863
25744900,       12, 29646003,    65028,    58656,    22390
25745201,       13, 33161970,    65080,    58661,    22913
25745967,       14, 33346858,    65128,    58665,    23412
25747072,       10, 28691334,    64782,    58315,    21345
25751131,       12, 28738149,    64828,    58318,    22390
25753923,       13, 33159185,    64851,    58319,    22913
25755526,       14, 33346920,    64872,    58320,    23412
25761921,       10, 28693335,    64543,    58174,    21345
26431141,       11, 29032722,    64548,    58180,    21863
26431560,       12, 28737823,    64553,    58187,    22390
26438158,       13, 33154521,    64557,    58193,    22913
26441097,       14, 33343211,    64562,    58200,    23412
26443090,       10, 28691267,    64488,    58223,    21345
26443091,       12, 28738336,    64497,    58259,    22390
26445708,       13, 33155040,    64502,    58277,    22913
26448945,       14, 33342051,    64506,    58294,    23412
26449208,       10, 28707281,    66745,    57643,    21345
26454555,       11, 29066401,    66777,    57665,    21863
26465624,       12, 28744512,    66808,    57687,    22390
26468653,       13, 32159437,    66840,    57709,    22913
26472188,       14, 32366755,    66870,    57730,    23412
26473772,       10, 28712146,    68530,    57963,    21345
26475811,       11, 29065783,    68536,    57982,    21863
26475821,       12, 28758513,    68543,    58001,    22390
26476710,       14, 32378136,    68555,    58037,    23412
26477706,       10, 28712359,    68623,    58004,    21345
26478194,       11, 29081469,    68626,    58013,    21863
26480280,       12, 28758986,    68629,    58021,    22390
26481798,       14, 32377991,    68637,    58038,    23412
26483285,       10, 29630193,    68478,    58585,    21345
26483360,       11, 30006196,    68510,    58592,    21863
26493538,       12, 29673504,    68543,    58598,    22390
26494945,       13, 33193102,    68575,    58604,    22913
26495503,       14, 33375885,    68607,    58610,    23412
26495931,       10, 28712284,    69223,    58195,    21345
26495938,       11, 29074437,    69227,    58199,    21863
26497032,       12, 28765272,    69232,    58203,    22390
26497576,       13, 33180255,    69235,    58208,    22913
26497621,       14, 33369966,    69239,    58212,    23412
26497676,       10, 29644116,    70247,    58526,    21345
26499638,       11, 30020241,    70281,    58562,    21863
26499771,       12, 29687181,    70316,    58599,    22390
26500346,       13, 33191778,    70350,    58635,    22913
26502814,       14, 33385469,    70382,    58670,    23412
26503579,       10, 28719010,    69376,    58391,    21345
26513585,       11, 30014236,    69382,    58421,    21863
26515375,       12, 29677313,    69389,    58452,    22390
26516764,       13, 33182154,    69395,    58482,    22913
26520182,       14, 33366968,    69402,    58511,    23412
26523687,       10, 28718547,    68336,    58312,    21345
26524536,       11, 29063259,    68342,    58315,    21863
26524716,       12, 28762111,    68348,    58317,    22390
26528845,       13, 33174280,    68354,    58319,    22913
26530908,       14, 33375947,    68360,    58321,    23412
26531559,       10, 28713588,    69170,    56856,    21345
27183173,       11, 29072653,    69173,    56857,    21863
27184363,       12, 28769255,    69176,    56857,    22390
27187096,       14, 32374093,    69183,    56857,    23412
27194174,       10, 28726445,    70657,    58120,    21345
27197138,       11, 29098300,    70689,    58121,    21863
27201117,       12, 28779562,    70721,    58122,    22390
27202502,       13, 33195932,    70753,    58122,    22913
27203384,       14, 32392968,    70783,    58123,    23412
27205786,       10, 29655012,    72356,    58631,    21345
27207136,       11, 30027179,    72402,    58668,    21863
27208741,       12, 29709837,    72448,    58704,    22390
27211537,       13, 33200172,    72494,    58741,    22913
27214169,       14, 33400266,    72538,    58776,    23412
27216225,       10, 28730502,    70232,    57208,    21345
27216844,       11, 29075824,    70236,    57219,    21863
27216886,       12, 28776285,    70241,    57229,    22390
27217234,       13, 32178962,    70245,    57239,    22913
27220219,       14, 32380343,    70250,    57248,    23412
27220457,       10, 28726427,    70895,    58215,    21345
27222582,       11, 29090933,    70904,    58239,    21863
27223409,       12, 28780074,    70912,    58263,    22390
27223738,       13, 33198839,    70920,    58287,    22913
27225010,       14, 33382642,    70928,    58310,    23412
27225918,       10, 28731439,    71356,    57100,    21345
27226814,       11, 29089648,    71388,    57110,    21863
27231674,       12, 28778420,    71420,    57120,    22390
27233278,       13, 32194069,    71452,    57131,    22913
27234427,       14, 32396521,    71482,    57140,    23412
27235136,       10, 28741312,    72291,    57996,    21345
27243896,       11, 29086999,    72297,    57999,    21863
27244013,       12, 28786397,    72304,    58001,    22390
27247501,       13, 33197035,    72310,    58004,    22913
27250470,       14, 32407868,    72316,    58006,    23412
27251970,       10, 28750231,    72782,    58108,    21345
27252061,       11, 29100846,    72784,    58117,    21863
27252256,       12, 28795770,    72785,    58127,    22390
27252867,       13, 33211142,    72788,    58135,    22913
27253170,       10, 28751426,    73264,    56867,    21345
27254256,       11, 29110870,    73269,    56871,    21863
27254838,       12, 28792072,    73275,    56874,    22390
27255728,       13, 32209385,    73280,    56877,    22913
27257992,       14, 32408964,    73285,    56881,    23412
27258311,       10, 28751591,    73175,    56752,    21345
27258865,       11, 29110563,    73181,    56754,    21863
27263158,       12, 28796631,    73187,    56755,    22390
27265121,       13, 32209543,    73194,    56755,    22913
27267187,       14, 32409050,    73200,    56757,    23412
27269277,       10, 29559918,    57866,    59878,    21345
27269569,       11, 29922322,    57872,    59886,    21863
27272442,       12, 29609810,    57879,    59893,    22390
27274637,       13, 34120125,    57886,    59901,    22913
27275994,       14, 33283361,    57893,    59908,    23412
27277235,       10, 30488136,    59019,    60738,    21345
27278247,       11, 30899318,    59031,    60776,    21863
27281125,       12, 30543749,    59043,    60816,    22390
27283095,       13, 34144221,    59054,    60856,    22913
27283941,       14, 34301455,    59065,    60893,    23412
27947642,       11, 29929666,    58534,    59564,    21863
27947735,       13, 33112971,    58534,    59586,    22913
27955943,       14, 33296166,    58534,    59596,    23412
27958004,       10, 29557024,    58824,    59641,    21345
27960952,       11, 29943376,    58860,    59653,    21863
27968679,       12, 29601863,    58896,    59665,    22390
27969372,       13, 33101923,    58932,    59677,    22913
27970236,       14, 33286626,    58966,    59689,    23412
27971554,       10, 29555472,    58889,    59309,    21345
27973390,       11, 29951070,    58893,    59310,    21863
27974245,       12, 29606696,    58897,    59312,    22390
27974484,       13, 33099158,    58900,    59314,    22913
27974588,       10, 29551484,    58964,    59936,    21345
27974596,       11, 29937110,    58972,    59974,    21863
27974694,       12, 29613434,    58981,    60013,    22390
27974871,       13, 34136837,    58990,    60051,    22913
27978344,       14, 34303271,    58997,    60087,    23412
27978461,       10, 29562591,    59787,    58673,    21345
27980171,       11, 29938290,    59842,    58680,    21863
27981159,       12, 29629935,    59895,    58689,    22390
27981416,       13, 33107056,    59949,    58698,    22913
27982524,       14, 33301655,    60000,    58706,    23412
27983060,       10, 29551913,    58609,    60057,    21345
27984491,       11, 29945254,    58638,    60084,    21863
27986588,       12, 29604165,    58668,    60111,    22390
27988648,       13, 34137991,    58698,    60138,    22913
27995418,       14, 34303241,    58726,    60165,    23412
27996336,       10, 29572438,    60029,    59600,    21345
27998468,       11, 29944160,    60048,    59605,    21863
27999492,       13, 33112297,    60087,    59613,    22913
28000200,       14, 33297224,    60106,    59618,    23412
28005370,       10, 29561006,    59684,    60313,    21345
28007574,       11, 29939466,    59697,    60344,    21863
28012946,       12, 30547069,    59711,    60374,    22390
28013094,       13, 34140846,    59724,    60404,    22913
28013733,       14, 34305300,    59737,    60433,    23412
28019558,       10, 30492718,    59793,    60551,    21345
28021472,       11, 30901337,    59810,    60587,    21863
28022368,       12, 30544309,    59827,    60622,    22390
28022374,       13, 34141193,    59843,    60658,    22913
28023066,       14, 34307396,    59858,    60692,    23412
28025169,       10, 29564947,    58167,    59249,    21345
28026234,       11, 29934564,    58178,    59263,    21863
28026728,       12, 29607732,    58189,    59276,    22390
28027673,       13, 33092787,    58199,    59290,    22913
28028355,       14, 33278821,    58210,    59303,    23412
28031733,       10, 29568781,    60593,    60275,    21345
28031775,       11, 29966628,    60618,    60279,    21863
28032915,       12, 29628018,    60644,    60283,    22390
28036297,       13, 34151353,    60670,    60286,    22913
28036614,       14, 34321473,    60694,    60290,    23412
28037699,       10, 29566629,    60424,    60187,    21345
28039372,       11, 29948684,    60444,    60188,    21863
28043162,       12, 29619406,    60464,    60190,    22390
28047531,       13, 34159124,    60485,    60192,    22913
28051613,       14, 34320271,    60504,    60193,    23412
28720060,       10, 29580909,    62178,    59995,    21345
28725404,       11, 29961995,    62214,    60036,    21863
28725500,       12, 29633538,    62251,    60079,    22390
28726659,       13, 34155069,    62288,    60120,    22913
28728064,       14, 34336627,    62323,    60160,    23412
28729595,       10, 29573116,    61212,    59578,    21345
28733974,       11, 29958924,    61213,    59582,    21863
28733986,       12, 29624441,    61213,    59587,    22390
28749902,       13, 33119163,    61214,    59592,    22913
28756757,       14, 33313688,    61214,    59596,    23412
28757266,       10, 29577799,    61806,    60410,    21345
28757488,       11, 30919141,    61820,    60419,    21863
28758108,       12, 30557539,    61834,    60429,    22390
28758204,       13, 34156966,    61849,    60439,    22913
28758206,       14, 34322546,    61862,    60448,    23412
28758232,       10, 29575307,    61260,    60232,    21345
28758244,       11, 29955539,    61301,    60233,    21863
28759814,       12, 29628109,    61343,    60236,    22390
28761197,       13, 34155288,    61383,    60238,    22913
28767458,       14, 34323030,    61423,    60241,    23412
28769676,       10, 29573347,    61133,    59746,    21345
28771177,       11, 29952132,    61164,    59801,    21863
28773427,       12, 29625978,    61195,    59858,    22390
28779360,       13, 34154159,    61226,    59914,    22913
28784895,       14, 33316356,    61255,    59967,    23412
28786479,       10, 29573331,    61183,    59505,    21345
28787150,       11, 29958909,    61187,    59508,    21863
28787401,       12, 29624509,    61191,    59511,    22390
28791793,       13, 33119265,    61195,    59514,    22913
28791855,       14, 33314149,    61200,    59517,    23412
28792326,       10, 30522847,    62681,    60707,    21345
28793562,       11, 30930619,    62736,    60752,    21863
28796401,       12, 30574530,    62792,    60798,    22390
28796528,       13, 34177931,    62848,    60844,    22913
28797960,       14, 34341437,    62901,    60887,    23412
28802110,       10, 29581625,    63567,    60006,    21345
28805138,       11, 29977503,    63568,    60007,    21863
28805525,       12, 29631126,    63569,    60008,    22390
28805801,       13, 34173531,    63569,    60009,    22913
28807919,       14, 33323372,    63570,    60010,    23412
28809598,       10, 29581829,    63827,    60096,    21345
28809665,       11, 29977353,    63870,    60104,    21863
28809757,       12, 29651483,    63914,    60112,    22390
28811081,       13, 34172212,    63959,    60119,    22913
28815757,       14, 34336977,    64000,    60127,    23412
28817554,       10, 30522906,    63312,    60644,    21345
28818453,       11, 30931872,    63313,    60655,    21863
28819588,       12, 30573166,    63314,    60665,    22390
29500862,       13, 34175571,    63315,    60676,    22913
29502178,       10, 29584411,    62309,    60237,    21345
29503193,       11, 29956060,    62321,    60272,    21863
29504314,       12, 29642582,    62334,    60309,    22390
29504842,       13, 34152524,    62346,    60344,    22913
29506621,       14, 34337488,    62358,    60378,    23412
29507042,       10, 29591174,    62779,    59931,    21345
29507217,       11, 29967237,    62803,    59959,    21863
29507307,       12, 29640211,    62827,    59989,    22390
29507987,       13, 34171857,    62851,    60019,    22913
29508543,       14, 33332680,    62873,    60048,    23412
29511771,       10, 29584210,    62563,    60344,    21345
29513267,       11, 29956048,    62565,    60352,    21863
29515933,       13, 34168543,    62567,    60371,    22913
29520737,       14, 34337478,    62568,    60380,    23412
29522505,       10, 29598413,    65204,    59044,    21345
29523073,       11, 29995251,    65210,    59056,    21863
29524336,       12, 29647275,    65216,    59069,    22390
29524872,       13, 33158305,    65223,    59081,    22913
29526874,       14, 33343642,    65229,    59092,    23412
29528540,       10, 29602911,    65684,    59493,    21345
29530452,       11, 29986063,    65713,    59502,    21863
29532719,       12, 29649690,    65742,    59511,    22390
29543623,       13, 33146569,    65772,    59520,    22913
29545780,       14, 33335212,    65799,    59529,    23412
29546667,       10, 29617665,    65919,    59100,    21345
29555485,       11, 29985220,    65935,    59145,    21863
29556408,       12, 29671003,    65952,    59192,    22390
29556791,       14, 33339931,    65984,    59281,    23412
29558233,       10, 29624146,    66354,    59088,    21345
29558967,       11, 29984637,    66407,    59101,    21863
29559046,       12, 29671104,    66460,    59114,    22390
29560183,       13, 33170226,    66513,    59127,    22913
29561390,       14, 33356861,    66562,    59138,    23412
29561624,       10, 29602381,    64121,    59566,    21345
29563646,       11, 29974557,    64128,    59598,    21863
29564875,       12, 29653198,    64136,    59631,    22390
29565672,       13, 33135699,    64144,    59663,    22913
29567111,       14, 33319843,    64151,    59694,    23412
29568313,       10, 29604524,    64846,    59827,    21345
29568723,       11, 29992255,    64885,    59831,    21863
29570699,       13, 34192984,    64965,    59838,    22913
29572092,       14, 33345395,    65003,    59842,    23412
29572559,       10, 29608270,    64531,    60445,    21345
29573536,       11, 30929869,    64554,    60456,    21863
29575073,       12, 30591051,    64578,    60467,    22390
29577391,       13, 34188661,    64602,    60479,    22913
29579091,       14, 34355043,    64624,    60489,    23412
29579668,       10, 29612846,    67169,    60296,    21345
29584100,       11, 30007342,    67180,    60302,    21863
29584884,       12, 29660881,    67190,    60308,    22390
29585413,       13, 34202394,    67200,    60314,    22913
29585882,       14, 34369103,    67210,    60320,    23412
29585993,       10, 29612492,    67313,    60409,    21345
29586197,       11, 30959307,    67315,    60425,    21863
29587808,       12, 30605584,    67316,    60440,    22390
30258304,       13, 34202386,    67318,    60456,    22913
30265567,       14, 34370076,    67319,    60471,    23412
30270089,       10, 29625414,    68973,    60144,    21345
30271612,       11, 30010040,    68992,    60198,    21863
30280195,       13, 34220392,    69031,    60307,    22913
30282931,       14, 34384925,    69050,    60358,    23412
30284908,       10, 29631660,    69737,    59858,    21345
30293137,       11, 30009765,    69759,    59875,    21863
30294136,       12, 29679987,    69782,    59891,    22390
30294775,       13, 34225212,    69803,    59909,    22913
30295189,       14, 33377789,    69825,    59924,    23412
30296447,       10, 29646718,    70093,    60288,    21345
30301891,       11, 30021384,    70106,    60295,    21863
30302021,       12, 29688566,    70120,    60301,    22390
30305623,       13, 34221912,    70133,    60307,    22913
30306957,       14, 34386927,    70146,    60313,    23412
30310757,       10, 29637575,    68387,    59431,    21345
30325783,       11, 30002879,    68404,    59434,    21863
30330260,       12, 29676435,    68420,    59436,    22390
30330389,       13, 33172744,    68437,    59439,    22913
30333140,       14, 33371778,    68452,    59442,    23412
30341246,       10, 30583750,    70066,    60506,    21345
30346384,       13, 34223662,    70069,    60593,    22913
30349237,       14, 34387528,    70069,    60621,    23412
30351228,       10, 29642491,    70760,    59311,    21345
30353603,       11, 30029056,    70764,    59334,    21863
30354118,       12, 29697274,    70767,    59359,    22390
26102940,       13, 33194079,    70772,    59382,    22913
27663021,       14, 33387686,    70775,    59405,    23412
28426382,       10, 29642320,    70456,    59319,    21345
24172849,       11, 30022325,    70470,    59320,    21863
24897334,       12, 29690138,    70484,    59321,    22390
25678131,       13, 33208688,    70497,    59323,    22913
25714907,       14, 33387573,    70510,    59324,    23412
26483168,       10, 29652836,    72072,    59930,    21345
26495456,       11, 30033536,    72085,    59952,    21863
27231585,       12, 29698811,    72097,    59973,    22390
27270312,       13, 34238890,    72111,    59995,    22913
27282605,       14, 33384818,    72123,    60015,    23412
28012302,       10, 29641141,    71010,    60331,    21345
28047653,       11, 30027748,    71022,    60349,    21863
28767478,       12, 29696318,    71034,    60366,    22390
29585188,       14, 34403728,    71056,    60400,    23412
25717991,       10, 29651249,    71124,    59354,    21345
28781022,       11, 30030852,    71131,    59392,    21863
30259347,       12, 29693125,    71138,    59431,    22390
24941996,       13, 33193915,    71145,    59469,    22913
27972673,       14, 33389272,    71152,    59505,    23412
28004471,       10, 29641974,    70206,    59129,    21345
27947642,       11, 30022577,    70223,    59138,    21863
24148896,       12, 29690181,    70241,    59147,    22390
27269704,       13, 33187987,    70258,    59156,    22913
29549513,       14, 33394869,    70275,    59165,    23412
30304077,       10, 29656207,    72378,    60349,    21345
27960996,       11, 30028168,    72410,    60360,    21863
24122589,       12, 29710509,    72443,    60370,    22390
25754741,       13, 34236241,    72476,    60380,    22913
27984898,       14, 34417678,    72507,    60390,    23412
27989909,       10, 30475724,    56730,    61150,    21345
29549134,       11, 30886622,    56732,    61170,    21863
25425983,       12, 30525372,    56732,    61191,    22390
24204596,       13, 34129674,    56734,    61211,    22913
24961909,       14, 34300447,    56735,    61231,    23412
25699868,       10, 30478503,    57364,    61959,    21345
25697791,       11, 30891713,    57372,    61976,    21863
25732508,       12, 30536661,    57379,    61993,    22390
27207279,       13, 35171935,    57387,    62010,    22913
27238513,       14, 34293211,    57394,    62026,    23412
27263827,       11, 30892947,    56986,    62252,    21863
28757714,       12, 30532253,    56988,    62254,    22390
29539999,       13, 35183185,    56990,    62256,    22913
28788930,       14, 35304632,    56991,    62258,    23412
24187775,       10, 30477425,    57597,    62524,    21345
28791757,       11, 31843665,    57613,    62539,    21863
28719582,       13, 35173839,    57646,    62568,    22913
24126611,       14, 35304533,    57661,    62582,    23412
24187014,       10, 30498344,    58162,    62372,    21345
24905471,       11, 30895024,    58187,    62375,    21863
24922007,       12, 31483042,    58213,    62378,    22390
24962575,       13, 35176068,    58239,    62380,    22913
25713846,       14, 35331474,    58263,    62383,    23412
24956479,       10, 30488352,    58713,    61037,    21345
25741781,       11, 30902234,    58732,    61050,    21863
25675610,       12, 30540825,    58750,    61064,    22390
26509536,       13, 34150481,    58769,    61078,    22913
27194061,       14, 34310866,    58786,    61091,    23412
27231377,       10, 30501448,    60170,    61219,    21345
27245286,       11, 30903008,    60198,    61262,    21863
27981082,       12, 30555933,    60227,    61307,    22390
29144249,       13, 34147295,    60256,    61351,    22913
28808278,       14, 34334233,    60284,    61393,    23412
28752660,       10, 30489971,    59762,    60965,    21345
28745781,       11, 30900758,    59800,    60967,    21863
29526198,       12, 30546348,    59838,    60969,    22390
29513263,       14, 34307761,    59912,    60972,    23412
25679882,       10, 30492301,    59816,    61459,    21345
25712756,       11, 30905480,    59841,    61464,    21863
26467804,       12, 30569861,    59867,    61469,    22390
28376117,       13, 34147401,    59892,    61474,    22913
28779299,       14, 34313841,    59916,    61478,    23412
29500894,       10, 31424270,    58706,    62530,    21345
29537310,       11, 31866792,    58720,    62543,    21863
30265419,       12, 31485568,    58735,    62556,    22390
25757471,       13, 35191199,    58750,    62568,    22913
26499050,       14, 35320656,    58764,    62580,    23412
29528547,       10, 30498375,    58299,    62483,    21345
29571297,       11, 31852459,    58299,    62509,    21863
30258655,       12, 31485534,    58299,    62535,    22390
24922235,       13, 35176106,    58299,    62562,    22913
25687929,       14, 35331743,    58298,    62587,    23412
25739614,       10, 30499131,    59641,    61937,    21345
27181911,       11, 30906881,    59650,    61967,    21863
27607814,       12, 30551827,    59659,    61996,    22390
27232318,       13, 35188475,    59668,    62026,    22913
29520510,       14, 34315305,    59677,    62054,    23412
24893460,       10, 30500081,    58213,    61787,    21345
25669025,       11, 30893942,    58217,    61797,    21863
24923038,       12, 30550994,    58223,    61807,    22390
26464794,       13, 35179907,    58227,    61817,    22913
25688944,       14, 34297771,    58232,    61826,    23412
26482614,       11, 30893854,    58237,    61927,    21863
27260953,       12, 30550136,    58237,    61929,    22390
27257557,       13, 35179858,    58237,    61931,    22913
28020763,       14, 34314959,    58237,    61933,    23412
29513769,       11, 30912411,    60852,    61115,    21863
29515873,       12, 30560777,    60852,    61120,    22390
26466990,       13, 34160540,    60852,    61125,    22913
27206460,       10, 30507076,    61311,    61366,    21345
29535128,       11, 30921479,    61353,    61395,    21863
28789198,       12, 30568972,    61397,    61424,    22390
29521394,       13, 34164669,    61440,    61453,    22913
24204531,       14, 34333032,    61481,    61481,    23412
26511749,       10, 30506603,    61576,    61541,    21345
30258070,       11, 30926242,    61593,    61556,    21863
24905947,       12, 30564722,    61611,    61571,    22390
24953183,       13, 34164256,    61628,    61586,    22913
26483214,       14, 34330900,    61644,    61600,    23412
28021176,       11, 31881840,    61497,    62430,    21863
28772991,       12, 31498690,    61507,    62431,    22390
29515859,       14, 35345424,    61528,    62434,    23412
29543912,       10, 30539550,    64185,    61847,    21345
30269476,       11, 30938724,    64211,    61897,    21863
24169025,       12, 30596794,    64237,    61948,    22390
27202498,       13, 35219625,    64263,    62000,    22913
27227013,       14, 34363011,    64288,    62048,    23412
27284315,       10, 30522104,    62761,    61168,    21345
30316272,       11, 30927731,    62773,    61177,    21863
30340275,       12, 30575790,    62784,    61187,    22390
24164248,       13, 34179896,    62796,    61197,    22913
24201682,       14, 34349281,    62807,    61206,    23412
24127904,       10, 30521887,    63141,    61536,    21345
24900779,       11, 30941277,    63159,    61557,    21863
25681455,       12, 30583028,    63179,    61578,    22390
26444566,       13, 34182774,    63197,    61599,    22913
27212796,       14, 34347526,    63216,    61620,    23412
27211265,       10, 30541341,    63991,    62169,    21345
27250899,       11, 30939444,    63995,    62173,    21863
26518802,       12, 30595336,    63999,    62180,    22390
27264726,       13, 35222978,    64002,    62187,    22913
28014737,       14, 35349402,    64006,    62193,    23412
28765559,       10, 30532019,    65322,    61097,    21345
24921534,       11, 30948056,    65336,    61097,    21863
24920674,       12, 30584141,    65351,    61098,    22390
24945399,       13, 34200857,    65366,    61099,    22913
25722605,       14, 34359683,    65380,    61100,    23412
24971315,       10, 30542857,    65028,    62065,    21345
24980103,       11, 30954853,    65046,    62111,    21863
26470267,       12, 30594204,    65064,    62159,    22390
25708287,       13, 35248282,    65082,    62206,    22913
25735957,       14, 35374240,    65099,    62252,    23412
26529883,       10, 30545636,    65180,    61748,    21345
27211898,       11, 30957029,    65230,    61795,    21863
27230765,       12, 30594198,    65282,    61845,    22390
26508486,       13, 35245933,    65333,    61893,    22913
27981369,       14, 34361329,    65381,    61939,    23412
27990889,       10, 30535527,    64829,    60928,    21345
28758822,       11, 30946460,    64844,    60948,    21863
28014330,       12, 30589776,    64858,    60967,    22390
28022903,       13, 34200739,    64873,    60987,    22913
28799051,       14, 34357227,    64886,    61004,    23412
28805675,       10, 31467272,    65262,    62545,    21345
28041814,       11, 31911160,    65265,    62546,    21863
28767134,       13, 35242106,    65272,    62550,    22913
28810865,       14, 35365617,    65274,    62552,    23412
29499098,       10, 31490054,    66238,    62668,    21345
29561398,       10, 30543119,    64728,    62287,    21345
24133637,       11, 30953398,    64738,    62305,    21863
24155608,       12, 30597732,    64749,    62324,    22390
24973465,       13, 35248132,    64759,    62342,    22913
25706466,       14, 35374164,    64768,    62360,    23412
25718124,       10, 30543292,    64946,    62024,    21345
25743537,       11, 30955121,    65006,    62038,    21863
26458928,       12, 30593810,    65069,    62051,    22390
25689074,       13, 35245915,    65130,    62064,    22913
26479245,       14, 34365672,    65188,    62076,    23412
27204295,       10, 30548610,    67012,    60781,    21345
27240032,       12, 30601861,    67058,    60796,    22390
27243911,       13, 34216665,    67082,    60804,    22913
28027632,       14, 34368234,    67103,    60811,    23412
28782080,       10, 30554886,    67578,    61507,    21345
29509321,       11, 30965855,    67589,    61548,    21863
24114648,       12, 30611748,    67600,    61589,    22390
25679747,       13, 34210068,    67611,    61631,    22913
26812707,       14, 34377882,    67622,    61670,    23412
27947794,       10, 30553766,    67027,    62483,    21345
28047887,       11, 31923273,    67071,    62508,    21863
29549843,       12, 31540553,    67116,    62533,    22390
25686560,       13, 35255768,    67162,    62557,    22913
26520462,       14, 35381156,    67204,    62580,    23412
28009358,       10, 31490196,    66841,    62509,    21345
29498569,       11, 31922920,    66862,    62524,    21863
24126741,       12, 31540631,    66885,    62538,    22390
26477356,       13, 35255586,    66908,    62553,    22913
28790894,       14, 35381223,    66929,    62568,    23412
29955334,       10, 30563963,    68981,    60914,    21345
29550464,       11, 30975290,    69004,    60919,    21863
29589890,       12, 30617170,    69026,    60924,    22390
30701940,       13, 34227300,    69048,    60930,    22913
30298260,       14, 34383813,    69070,    60935,    23412
30747520,       10, 30567350,    69465,    61085,    21345
24114978,       11, 30972606,    69495,    61102,    21863
25252046,       12, 30618896,    69525,    61119,    22390
25270634,       13, 34226940,    69554,    61136,    22913
24933882,       10, 31506760,    68437,    62979,    21345
24967270,       11, 31926020,    68478,    63022,    21863
26454437,       12, 31557954,    68519,    63065,    22390
26896601,       13, 35274715,    68560,    63108,    22913
26460134,       14, 35397261,    68600,    63150,    23412
29164278,       10, 30586998,    69998,    61948,    21345
29980918,       11, 30983867,    70004,    61952,    21863
27968333,       12, 30638883,    70011,    61956,    22390
24896778,       13, 35277014,    70018,    61961,    22913
24913920,       14, 34395401,    70024,    61965,    23412
24951555,       10, 30578441,    70777,    60919,    21345
24959589,       11, 30987461,    70799,    60925,    21863
26825429,       12, 30632809,    70822,    60932,    22390
26434972,       13, 34243967,    70844,    60938,    22913
27243847,       14, 34399865,    70866,    60944,    23412
27251485,       10, 30592365,    71949,    61282,    21345
27980253,       11, 30993209,    71998,    61305,    21863
27978490,       12, 30643491,    72045,    61327,    22390
28722516,       13, 34247308,    72092,    61350,    22913
29526515,       14, 34409895,    72138,    61372,    23412
25698144,       10, 30600548,    71904,    61932,    21345
26466413,       11, 30998804,    71942,    61963,    21863
27982096,       12, 30653104,    71979,    61994,    22390
28018188,       13, 35292895,    72019,    62026,    22913
28721770,       14, 34408054,    72056,    62057,    23412
28749873,       10, 30592586,    72059,    61311,    21345
28819544,       11, 30993315,    72117,    61370,    21863
29583650,       12, 30651256,    72176,    61429,    22390
24116052,       13, 34246664,    72235,    61487,    22913
24195190,       14, 34424556,    72292,    61541,    23412
25662456,       10, 31517663,    70145,    62687,    21345
27999444,       11, 31940902,    70151,    62713,    21863
29494730,       12, 31571742,    70159,    62738,    22390
29510603,       13, 35272990,    70165,    62764,    22913
29562989,       14, 35406255,    70171,    62790,    23412
30321754,       10, 30585203,    70322,    61810,    21345
24196880,       11, 30985277,    70342,    61815,    21863
25654262,       12, 30636944,    70360,    61819,    22390
25675555,       13, 35277092,    70379,    61823,    22913
25734636,       14, 34410820,    70397,    61828,    23412
25754465,       10, 30588214,    71728,    62320,    21345
27234409,       11, 31000351,    71731,    62369,    21863
27263135,       12, 30636175,    71734,    62419,    22390
28013594,       14, 35419700,    71739,    62515,    23412
28022483,       10, 30592075,    72578,    61216,    21345
28740286,       11, 30988788,    72587,    61220,    21863
29546266,       12, 30649059,    72596,    61225,    22390
30344576,       13, 34259914,    72605,    61229,    22913
24126581,       14, 34424291,    72614,    61234,    23412
24138590,       10, 30605384,    73473,    61732,    21345
24965053,       11, 31015639,    73476,    61793,    21863
25664403,       12, 30652375,    73478,    61854,    22390
25734844,       14, 34427945,    73483,    61975,    23412
25761056,       10, 30605327,    73080,    61579,    21345
26460744,       11, 31010831,    73090,    61596,    21863
26473979,       12, 30656371,    73100,    61613,    22390
27183993,       13, 34263399,    73110,    61630,    22913
29499142,       14, 34429626,    73119,    61646,    23412
29547798,       10, 30605371,    73426,    61812,    21345
29564323,       11, 31015889,    73459,    61825,    21863
30258529,       12, 30652247,    73492,    61836,    22390
30329363,       11, 31844960,    57429,    63965,    21863
24214862,       12, 31478095,    57430,    63970,    22390
24899261,       13, 36187224,    57431,    63976,    22913
24944254,       14, 35306802,    57431,    63981,    23412
25694526,       10, 31409886,    57289,    64362,    21345
27208907,       11, 32779028,    57294,    64413,    21863
27960747,       12, 32384090,    57299,    64464,    22390
27959859,       13, 36188867,    57304,    64514,    22913
28767138,       14, 36279019,    57309,    64563,    23412
27985951,       10, 31430910,    58071,    63930,    21345
28765859,       12, 31494312,    58120,    63968,    22390
28820778,       13, 36192486,    58145,    63988,    22913
29509164,       10, 31413236,    57805,    63289,    21345
29519263,       11, 31847152,    57825,    63291,    21863
29521354,       12, 31487547,    57845,    63295,    22390
29586309,       13, 35170581,    57866,    63298,    22913
30268067,       14, 35310492,    57885,    63301,    23412
30723434,       10, 31431638,    59471,    64049,    21345
24136203,       11, 31859233,    59505,    64059,    21863
24936172,       12, 31493510,    59540,    64068,    22390
25657968,       13, 36203307,    59575,    64078,    22913
25659511,       14, 36299667,    59608,    64087,    23412
25699059,       10, 31423051,    58999,    63992,    21345
24937099,       11, 31859124,    59038,    64014,    21863
26446544,       12, 31493249,    59079,    64036,    22390
26476666,       13, 36203546,    59119,    64059,    22913
26518455,       14, 36297363,    59158,    64080,    23412
27198522,       10, 31428716,    58486,    63481,    21345
27961071,       11, 31849156,    58498,    63514,    21863
28758857,       12, 31481987,    58511,    63548,    22390
24918074,       13, 35193297,    58524,    63581,    22913
25710421,       14, 35329810,    58536,    63613,    23412
26443633,       10, 32345644,    59456,    65137,    21345
26451001,       11, 32791250,    59472,    65191,    21863
26488267,       12, 32405545,    59488,    65245,    22390
26503621,       13, 36201835,    59505,    65299,    22913
27182457,       14, 36301889,    59521,    65350,    23412
26439718,       10, 32339891,    58438,    64536,    21345
27211233,       11, 32779814,    58449,    64595,    21863
27263760,       12, 32393848,    58460,    64654,    22390
27964181,       13, 36217511,    58471,    64713,    22913
27228181,       14, 36308748,    58482,    64770,    23412
28765463,       10, 31437604,    60982,    63814,    21345
28821102,       11, 31871696,    61001,    63823,    21863
29576633,       12, 31508086,    61020,    63833,    22390
30303963,       14, 35344232,    61057,    63853,    23412
25727244,       10, 31454105,    62359,    64019,    21345
26446695,       11, 31875346,    62370,    64031,    21863
26511843,       12, 31521738,    62381,    64043,    22390
27266478,       13, 36221840,    62392,    64055,    22913
24183060,       14, 35355138,    62403,    64066,    23412
24961390,       10, 32381792,    63929,    64656,    21345
24901924,       11, 32825133,    63937,    64688,    21863
26450740,       12, 32442312,    63945,    64721,    22390
26489319,       13, 36239484,    63953,    64754,    22913
26506520,       14, 36328727,    63961,    64785,    23412
26505809,       10, 31451381,    62598,    63711,    21345
27261037,       11, 31872438,    62605,    63746,    21863
27200569,       12, 31520293,    62612,    63782,    22390
28775145,       14, 35350134,    62627,    63852,    23412
28771726,       10, 31461623,    62919,    62813,    21345
28803477,       11, 31890239,    62922,    62817,    21863
28817292,       12, 31523142,    62924,    62821,    22390
29508722,       13, 35227784,    62926,    62826,    22913
24127627,       14, 35355588,    62928,    62830,    23412
24151196,       10, 31459025,    63356,    63418,    21345
24964604,       11, 31893866,    63389,    63453,    21863
25681684,       13, 35229819,    63458,    63523,    22913
24961444,       14, 35359651,    63491,    63557,    23412
25661425,       10, 31459491,    63033,    63379,    21345
25689247,       11, 31891998,    63079,    63402,    21863
25726522,       13, 35229950,    63172,    63447,    22913
27250980,       14, 35357674,    63216,    63468,    23412
27990247,       10, 31468997,    65183,    64327,    21345
28753482,       11, 31909316,    65189,    64374,    21863
27973227,       12, 32439071,    65196,    64423,    22390
28765458,       13, 36263522,    65202,    64471,    22913
29503497,       14, 36341773,    65209,    64517,    23412
29512076,       10, 32382190,    65834,    64506,    21345
29547283,       11, 32835745,    65839,    64512,    21863
29572682,       12, 32456369,    65843,    64517,    22390
29555552,       13, 36253020,    65849,    64523,    22913
24152632,       14, 36342020,    65853,    64528,    23412
24960983,       10, 31469057,    65228,    64320,    21345
26488609,       11, 31909271,    65230,    64341,    21863
25710417,       12, 32439083,    65232,    64363,    22390
26526243,       13, 36263755,    65234,    64385,    22913
26432777,       14, 36349428,    65236,    64406,    23412
27963783,       10, 31465766,    65698,    63668,    21345
28809648,       11, 31899605,    65725,    63692,    21863
29493517,       12, 31530179,    65752,    63716,    22390
29510970,       13, 35238343,    65779,    63741,    22913
29539785,       14, 35364349,    65805,    63764,    23412
24122633,       10, 31487679,    66629,    63317,    21345
24214796,       11, 31919835,    66689,    63357,    21863
25690404,       12, 31544075,    66751,    63396,    22390
25760180,       13, 35262133,    66813,    63437,    22913
28750479,       14, 35378152,    66872,    63474,    23412
29516595,       10, 31475149,    64438,    63751,    21345
30277123,       11, 31886645,    64448,    63777,    21863
24184968,       12, 31536806,    64458,    63803,    22390
24883156,       13, 36257824,    64468,    63830,    22913
24208291,       14, 35374993,    64477,    63855,    23412
25655394,       10, 31473746,    64868,    63491,    21345
25738468,       11, 31910158,    64900,    63513,    21863
27217301,       12, 31524573,    64934,    63536,    22390
27252113,       13, 35247052,    64968,    63558,    22913
28728143,       14, 35375257,    64999,    63579,    23412
29489901,       10, 31499837,    67978,    63523,    21345
29518702,       11, 31914533,    68017,    63539,    21863
30721098,       12, 31561171,    68057,    63555,    22390
30334884,       13, 35260936,    68096,    63571,    22913
24187183,       10, 31484674,    67836,    63977,    21345
24140065,       11, 31916568,    67861,    63981,    21863
25681039,       12, 31564750,    67885,    63986,    22390
25686459,       13, 36270525,    67910,    63990,    22913
25696125,       14, 35388242,    67934,    63994,    23412
25761451,       10, 31492416,    66827,    63108,    21345
26457403,       11, 31919764,    66889,    63147,    21863
26482660,       12, 31544135,    66953,    63187,    22390
26502303,       14, 35378117,    67077,    63266,    23412
27190071,       10, 31506672,    68318,    63012,    21345
27256908,       11, 31925784,    68348,    63043,    21863
26901101,       12, 31556582,    68379,    63073,    22390
28744474,       13, 35259060,    68410,    63104,    22913
28045587,       14, 35398329,    68440,    63133,    23412
28806449,       10, 31506947,    67878,    63002,    21345
29516968,       11, 31917790,    67892,    63024,    21863
29546621,       13, 35249526,    67921,    63069,    22913
30327800,       14, 35384257,    67934,    63091,    23412
24909796,       10, 31488465,    66531,    64479,    21345
25710561,       11, 32837316,    66559,    64501,    21863
25750119,       12, 32454674,    66587,    64524,    22390
26432429,       13, 36280213,    66615,    64545,    22913
26496400,       14, 36368557,    66642,    64566,    23412
26499871,       10, 31484241,    67680,    63223,    21345
27183036,       11, 31918454,    67689,    63226,    21863
27221373,       12, 31545881,    67698,    63229,    22390
27231630,       13, 35249520,    67706,    63232,    22913
27970019,       14, 35384229,    67714,    63235,    23412
27974765,       10, 31499376,    67910,    63179,    21345
27974734,       11, 31918773,    67929,    63204,    21863
28741671,       12, 31558580,    67947,    63227,    22390
28754449,       13, 35251971,    67965,    63252,    22913
29575998,       14, 35386328,    67982,    63274,    23412
30303633,       10, 31499777,    67912,    63428,    21345
24195251,       11, 31914593,    67942,    63467,    21863
24157424,       12, 31561111,    67971,    63507,    22390
24950641,       14, 35386199,    68030,    63586,    23412
26497135,       10, 31496142,    68864,    64056,    21345
28722752,       11, 31940150,    68892,    64066,    21863
27992873,       12, 31554863,    68921,    64077,    22390
28003345,       13, 36285852,    68949,    64088,    22913
28798926,       14, 35398192,    68976,    64098,    23412
29528602,       12, 31554549,    68863,    64127,    22390
28798390,       13, 36282950,    68864,    64128,    22913
29521025,       14, 35398226,    68864,    64129,    23412
30330412,       10, 31497237,    68736,    62836,    21345
24151182,       11, 31941803,    68757,    62859,    21863
25692638,       12, 31556228,    68778,    62881,    22390
25722801,       14, 35397711,    68819,    62925,    23412
25743069,       10, 31497247,    68986,    63175,    21345
26432277,       11, 31933753,    68989,    63206,    21863
26530945,       12, 31559228,    68992,    63237,    22390
26508407,       13, 35267937,    68995,    63267,    22913
27268119,       14, 35392041,    68998,    63295,    23412
27979945,       10, 31493248,    68931,    63574,    21345
28019683,       11, 31927811,    68949,    63591,    21863
28772426,       12, 31552750,    68968,    63608,    22390
28796751,       13, 35267927,    68987,    63626,    22913
28032607,       14, 35394406,    69005,    63642,    23412
29504835,       10, 32425360,    70908,    64683,    21345
28750867,       12, 32487733,    71036,    64735,    22390
24119826,       13, 36302570,    71100,    64760,    22913
24146807,       10, 31527843,    72119,    63372,    21345
24151979,       11, 31950400,    72140,    63380,    21863
24901424,       12, 31586863,    72162,    63389,    22390
26445829,       13, 35286412,    72184,    63396,    22913
25699294,       14, 35409007,    72205,    63404,    23412
26444562,       10, 32425268,    70419,    64749,    21345
26481023,       11, 32873924,    70435,    64767,    21863
28000125,       12, 32481889,    70450,    64787,    22390
28779121,       13, 36313737,    70465,    64806,    22913
28789995,       14, 36391285,    70479,    64823,    23412
28043133,       11, 32884713,    71521,    64685,    21863
28043045,       12, 32482794,    71542,    64702,    22390
29517639,       13, 36312359,    71562,    64720,    22913
29507993,       14, 36401080,    71582,    64737,    23412
24156152,       10, 31526501,    72325,    62914,    21345
25661681,       11, 31948169,    72330,    62920,    21863
25713883,       12, 31592708,    72335,    62925,    22390
27210482,       13, 35283072,    72340,    62931,    22913
27226131,       14, 35430120,    72345,    62936,    23412
26468582,       10, 31524792,    72481,    64151,    21345
27265332,       11, 31946298,    72505,    64156,    21863
28775193,       12, 31592282,    72528,    64161,    22390
28796455,       13, 36315971,    72553,    64164,    22913
28794374,       14, 35431075,    72576,    64169,    23412
29505057,       10, 31524766,    72599,    64411,    21345
28792932,       11, 32882816,    72612,    64418,    21863
29544941,       12, 32501162,    72626,    64426,    22390
30335638,       13, 36316317,    72640,    64433,    22913
24198106,       14, 36409475,    72653,    64441,    23412
24190007,       10, 31531474,    73365,    63631,    21345
24897261,       11, 31965570,    73383,    63632,    21863
24157230,       12, 31581817,    73403,    63632,    22390
25671465,       14, 35433168,    73441,    63633,    23412
26473955,       10, 31529745,    73091,    63234,    21345
25709778,       11, 31964690,    73094,    63279,    21863
26442250,       12, 31588265,    73096,    63324,    22390
26448240,       13, 35308421,    73099,    63370,    22913
26458200,       14, 35433527,    73102,    63414,    23412
26488161,       10, 32442052,    73067,    64512,    21345
26517006,       11, 32896079,    73074,    64518,    21863
27283087,       12, 32501377,    73081,    64524,    22390
27186016,       13, 36327542,    73088,    64531,    22913
27192177,       14, 36411659,    73096,    64537,    23412
27205909,       10, 32319569,    57212,    65181,    21345
27236761,       11, 32787036,    57217,    65184,    21863
27240168,       12, 32380434,    57223,    65187,    22390
27254234,       13, 36185812,    57229,    65189,    22913
27280899,       14, 36281966,    57236,    65191,    23412
27972657,       10, 32320455,    57031,    65539,    21345
28007157,       11, 32786882,    57039,    65548,    21863
28013049,       12, 32382177,    57047,    65558,    22390
28747883,       13, 36185533,    57055,    65567,    22913
28752613,       14, 36277530,    57064,    65576,    23412
28753555,       11, 32775158,    57628,    64755,    21863
29527559,       12, 32389318,    57639,    64758,    22390
29540542,       13, 36188753,    57651,    64763,    22913
28792760,       14, 36280180,    57662,    64767,    23412
28788874,       10, 32334065,    58826,    66161,    21345
30279727,       11, 32797373,    58830,    66163,    21863
29530722,       12, 32392062,    58834,    66165,    22390
30290969,       13, 37233405,    58838,    66168,    22913
29544556,       14, 37287549,    58842,    66170,    23412
29586762,       10, 32337858,    58980,    64757,    21345
24114897,       11, 32799324,    58983,    64763,    21863
24116808,       12, 32404158,    58986,    64769,    22390
24216703,       13, 36204779,    58988,    64776,    22913
24916641,       14, 36296207,    58991,    64782,    23412
24892315,       10, 32342981,    58406,    66423,    21345
25688303,       11, 33727640,    58431,    66437,    21863
24918361,       12, 33320730,    58457,    66451,    22390
25700254,       13, 37235080,    58483,    66465,    22913
25685566,       14, 37299406,    58508,    66479,    23412
26469904,       10, 32344584,    58468,    65157,    21345
26485009,       11, 32786153,    58501,    65162,    21863
27196246,       12, 32395226,    58534,    65166,    22390
27231587,       13, 36209831,    58567,    65171,    22913
27955688,       14, 36296443,    58599,    65176,    23412
29200050,       10, 32342385,    59763,    65803,    21345
29488826,       11, 32793461,    59770,    65858,    21863
28733163,       12, 32391711,    59777,    65914,    22390
24204347,       13, 37243727,    59785,    65970,    22913
24216462,       14, 36303828,    59792,    66023,    23412
24912447,       10, 32348436,    60484,    66452,    21345
24202624,       11, 33742860,    60487,    66459,    21863
25681695,       12, 33336719,    60490,    66467,    22390
25686066,       13, 37261377,    60493,    66475,    22913
25734197,       14, 37305989,    60496,    66483,    23412
25760485,       10, 32349403,    60664,    65028,    21345
27950045,       11, 32816992,    60674,    65049,    21863
28744222,       12, 32419877,    60684,    65069,    22390
28753112,       13, 36225521,    60694,    65090,    22913
28787415,       14, 36313817,    60702,    65111,    23412
29534363,       10, 32352631,    60667,    65979,    21345
30333185,       11, 32816904,    60682,    66033,    21863
24139115,       12, 32417385,    60696,    66088,    22390
24912513,       13, 37250221,    60710,    66143,    22913
24914063,       14, 37304139,    60724,    66195,    23412
24916649,       10, 32351827,    60871,    64636,    21345
24179935,       11, 32808345,    60874,    64638,    21863
25720661,       12, 32418436,    60876,    64640,    22390
25747627,       13, 36222442,    60878,    64642,    22913
27202573,       14, 36312140,    60881,    64644,    23412
27203098,       10, 32365971,    62130,    65563,    21345
27269426,       11, 32811939,    62187,    65593,    21863
27269672,       12, 32427516,    62247,    65625,    22390
28002370,       13, 36219529,    62305,    65656,    22913
27240192,       14, 36325416,    62362,    65687,    23412
28038208,       11, 32798245,    59980,    66086,    21863
28735543,       14, 37297718,    59979,    66108,    23412
28773349,       10, 32362697,    62533,    66374,    21345
28809732,       11, 33749836,    62560,    66393,    21863
28725586,       12, 33360352,    62588,    66411,    22390
28736529,       13, 37268205,    62616,    66429,    22913
29549728,       14, 37320169,    62642,    66447,    23412
29975256,       10, 33281147,    62154,    66692,    21345
30269787,       11, 33757652,    62160,    66708,    21863
29520459,       12, 33351037,    62167,    66726,    22390
29534292,       13, 37247095,    62173,    66743,    22913
29546331,       14, 37307061,    62179,    66758,    23412
29553994,       10, 32372478,    63304,    66314,    21345
24126419,       11, 32827753,    63305,    66320,    21863
24918899,       12, 33352026,    63306,    66327,    22390
24917345,       13, 37270468,    63307,    66333,    22913
26476528,       14, 37329958,    63308,    66340,    23412
27210687,       10, 32379957,    63976,    65619,    21345
27276541,       11, 32826141,    63991,    65625,    21863
28735677,       12, 32444377,    64007,    65631,    22390
28051566,       13, 36234954,    64023,    65637,    22913
28729617,       14, 36326669,    64040,    65642,    23412
29539411,       10, 32380227,    63997,    65528,    21345
24176914,       11, 32822012,    64052,    65539,    21863
24184034,       12, 32444818,    64109,    65549,    22390
25654255,       14, 36348993,    64219,    65570,    23412
25693416,       10, 32376739,    64066,    66236,    21345
24934116,       11, 32818458,    64096,    66279,    21863
25749650,       12, 32445837,    64127,    66322,    22390
26532670,       13, 37268866,    64158,    66365,    22913
27223353,       14, 37321172,    64187,    66407,    23412
27254294,       10, 32373858,    63420,    64842,    21345
29566875,       11, 32829302,    63477,    64854,    21863
29508217,       12, 32424275,    63535,    64867,    22390
30327947,       13, 36248544,    63592,    64879,    22913
24939745,       14, 36330360,    63647,    64890,    23412
26518059,       10, 32372685,    62993,    66260,    21345
28013722,       11, 32817484,    62999,    66298,    21863
28721623,       12, 33346971,    63005,    66337,    22390
27237909,       13, 37270689,    63010,    66375,    22913
24900567,       14, 37329546,    63015,    66412,    23412
28792298,       10, 33276926,    63533,    66504,    21345
28008870,       11, 33772356,    63557,    66538,    21863
24161673,       12, 33351747,    63580,    66573,    22390
27241802,       13, 37270941,    63605,    66608,    22913
28779275,       14, 37322873,    63627,    66641,    23412
25734626,       10, 32373752,    62924,    65056,    21345
25743981,       11, 32819349,    62937,    65059,    21863
27225918,       12, 32432483,    62950,    65062,    22390
27225918,       13, 36244329,    62963,    65064,    22913
27225918,       14, 36338799,    62976,    65066,    23412
27226814,       10, 32371096,    63231,    65705,    21345
27226814,       11, 32826205,    63234,    65710,    21863
27226814,       12, 32428230,    63237,    65715,    22390
27226814,       13, 37261835,    63240,    65721,    22913
27226814,       14, 36336641,    63243,    65726,    23412
27231674,       10, 32377257,    65220,    66353,    21345
27231674,       11, 33787188,    65232,    66380,    21863
27231674,       12, 33363665,    65244,    66408,    22390
27231674,       13, 37287699,    65257,    66435,    22913
27233278,       10, 33295176,    64297,    66644,    21345
27233278,       11, 33764260,    64309,    66685,    21863
27233278,       12, 33374933,    64324,    66726,    22390
27233278,       13, 37263109,    64339,    66766,    22913
27233278,       14, 37339779,    64354,    66804,    23412
27234427,       11, 32820127,    64525,    64826,    21863
27234427,       12, 32447608,    64531,    64833,    22390
27234427,       13, 36257498,    64537,    64840,    22913
27234427,       14, 36355453,    64542,    64847,    23412
27235136,       10, 32376445,    64323,    66224,    21345
27235136,       11, 32818027,    64333,    66239,    21863
27235136,       12, 32446444,    64343,    66253,    22390
27235136,       13, 37268631,    64354,    66268,    22913
27235136,       14, 37346065,    64363,    66282,    23412
27243896,       10, 32396215,    67249,    65870,    21345
27243896,       11, 32854943,    67271,    65876,    21863
27243896,       12, 32450429,    67294,    65882,    22390
27243896,       13, 37297983,    67317,    65888,    22913
27243896,       14, 36356932,    67338,    65893,    23412
27244013,       10, 32391043,    67326,    66268,    21345
27244013,       11, 32847779,    67369,    66300,    21863
27244013,       12, 32460426,    67414,    66333,    22390
27244013,       14, 37351959,    67500,    66395,    23412
27247501,       10, 33318905,    66549,    66705,    21345
27247501,       11, 33780050,    66580,    66740,    21863
27247501,       12, 33379522,    66612,    66774,    22390
27247501,       13, 37305561,    66644,    66809,    22913
27247501,       14, 37354852,    66674,    66842,    23412
27250470,       10, 32397511,    67730,    66058,    21345
27250470,       11, 32848272,    67743,    66100,    21863
27250470,       12, 32460815,    67757,    66143,    22390
27250470,       13, 37298173,    67769,    66185,    22913
27250470,       14, 37361970,    67781,    66226,    23412
27251970,       10, 32407104,    68799,    66374,    21345
27251970,       11, 33802880,    68805,    66384,    21863
27251970,       12, 33393397,    68809,    66393,    22390
27251970,       13, 37315565,    68815,    66403,    22913
27251970,       14, 37367113,    68819,    66411,    23412
27252061,       10, 33322353,    68665,    66588,    21345
27252061,       11, 33817594,    68667,    66597,    21863
27252061,       12, 33393611,    68669,    66605,    22390
27252061,       13, 37316964,    68672,    66613,    22913
27252061,       14, 37368498,    68674,    66621,    23412
27252256,       10, 32407024,    68803,    66366,    21345
27252256,       11, 33802873,    68804,    66388,    21863
27252256,       12, 33393247,    68804,    66411,    22390
27252256,       13, 37317165,    68805,    66433,    22913
27252867,       10, 32407808,    69034,    65243,    21345
27252867,       11, 32864968,    69038,    65247,    21863
27252867,       12, 32478088,    69043,    65250,    22390
27252867,       13, 36287068,    69047,    65254,    22913
27252867,       14, 36376418,    69052,    65256,    23412
27253170,       10, 32409839,    69359,    65623,    21345
27253170,       11, 32867380,    69379,    65679,    21863
27253170,       12, 32473330,    69399,    65736,    22390
27253170,       13, 37310774,    69420,    65793,    22913
27253170,       14, 36373427,    69439,    65846,    23412
27254256,       10, 32413554,    68308,    65820,    21345
27254256,       12, 32470180,    68309,    65873,    22390
27254256,       13, 37308808,    68309,    65900,    22913
27254256,       14, 36382899,    68309,    65925,    23412
27254838,       10, 32407991,    69013,    64919,    21345
27254838,       11, 32864097,    69014,    64927,    21863
27254838,       12, 32477006,    69015,    64934,    22390
27254838,       13, 36284893,    69017,    64942,    22913
27254838,       14, 36376073,    69019,    64949,    23412
27255728,       12, 32465473,    68777,    66123,    22390
27255728,       13, 37314279,    68777,    66129,    22913
27255728,       14, 36372951,    68778,    66134,    23412
27257992,       10, 32428199,    70149,    65968,    21345
27257992,       11, 32871813,    70189,    65977,    21863
27257992,       12, 32480388,    70230,    65987,    22390
27257992,       13, 37324692,    70271,    65997,    22913
27257992,       14, 36389390,    70309,    66006,    23412
27258311,       10, 32414633,    69839,    65743,    21345
