Vector Track Size:     1117

21446653,       10, 27183036,    56909,    65242,    15841
21446713,       11, 27574625,    56910,    65256,    16356
21446857,       12, 26708902,    56910,    65271,    16889
23344638,       13, 27816742,    56910,    65285,    17416
23357689,       14, 27887936,    56910,    65299,    17946
23358682,       10, 27184363,    56937,    65439,    15841
23358799,       11, 27574938,    56945,    65448,    16356
23358949,       12, 26709217,    56952,    65456,    16889
23360029,       13, 27817317,    56960,    65466,    17416
23361425,       14, 27888026,    56968,    65475,    17946
23362527,       10, 27183173,    57160,    65145,    15841
18987828,       11, 27574178,    57165,    65149,    16356
20840543,       12, 26719932,    57169,    65152,    16889
18964929,       13, 27828296,    57174,    65155,    17416
18967247,       14, 27900011,    57179,    65159,    17946
18969500,       10, 29528540,    62946,    71106,    15841
18973322,       11, 29952479,    62967,    71124,    16356
18973371,       12, 29130851,    62990,    71142,    16889
18973535,       14, 30401215,    63035,    71179,    17946
18975452,       10, 30310757,    65031,    72590,    15841
18975647,       11, 30732095,    65082,    72642,    16356
18975699,       12, 29924588,    65135,    72695,    16889
18978687,       13, 30996941,    65188,    72747,    17416
18979203,       14, 31254144,    65242,    72799,    17946
18979317,       10, 29546331,    64317,    71783,    15841
18982934,       11, 29971109,    64342,    71809,    16356
18985885,       12, 29134908,    64367,    71835,    16889
18986513,       13, 30220558,    64391,    71861,    17416
18988043,       14, 30419778,    64417,    71888,    17946
18988541,       10, 29546667,    64535,    71613,    15841
18988595,       11, 29970995,    64562,    71633,    16356
18991587,       12, 29134937,    64588,    71654,    16889
18996749,       13, 30220901,    64615,    71674,    17416
18998298,       14, 30419911,    64642,    71695,    17946
18999113,       10, 29544941,    64365,    72168,    15841
18999503,       11, 29969158,    64391,    72226,    16356
19003915,       12, 29136413,    64418,    72286,    16889
19003972,       13, 30221989,    64446,    72345,    17416
19008549,       14, 30421571,    64474,    72404,    17946
19020467,       10, 29553994,    67287,    71785,    15841
19020815,       11, 29979464,    67297,    71839,    16356
19024543,       12, 29159927,    67307,    71894,    16889
19027268,       13, 30249812,    67318,    71949,    17416
19031770,       14, 30451657,    67329,    72004,    17946
19033198,       10, 29549728,    66645,    70702,    15841
19033231,       11, 29973821,    66672,    70709,    16356
19035057,       12, 29146147,    66699,    70716,    16889
19035700,       13, 30231692,    66726,    70724,    17416
19036962,       14, 30432356,    66753,    70731,    17946
19037208,       10, 29551372,    66471,    71474,    15841
19038450,       11, 29982716,    66491,    71506,    16356
19039822,       12, 29145726,    66511,    71539,    16889
19046888,       13, 30226570,    66532,    71571,    17416
19580518,       14, 30426676,    66552,    71604,    17946
19584001,       10, 24139115,    61675,    57599,    15841
19584156,       11, 24486159,    61689,    57603,    16356
19584811,       12, 23574468,    61704,    57607,    16889
19584870,       13, 24696515,    61719,    57611,    17416
19585178,       14, 24603149,    61733,    57616,    17946
19586363,       10, 26446544,    58930,    63619,    15841
19586377,       11, 26811350,    58981,    63630,    16356
19588090,       12, 25938378,    59032,    63642,    16889
19588134,       13, 27045646,    59084,    63654,    17416
19588452,       14, 27083645,    59135,    63665,    17946
19589856,       10, 24116920,    57318,    56826,    15841
19589998,       11, 24471529,    57356,    56854,    16356
19591373,       12, 23561655,    57396,    56882,    16889
19592431,       13, 24674994,    57435,    56910,    17416
19594732,       14, 24580871,    57475,    56938,    17946
19595519,       10, 24116883,    57504,    56856,    15841
19599025,       11, 24471381,    57509,    56863,    16356
19599162,       12, 23561617,    57515,    56870,    16889
19600527,       13, 24665442,    57520,    56877,    17416
19600734,       14, 24570997,    57525,    56884,    17946
19601179,       10, 24119826,    57591,    57334,    15841
19602080,       11, 24469357,    57597,    57344,    16356
19602119,       12, 23549449,    57603,    57354,    16889
19604113,       13, 24666276,    57609,    57363,    17416
19604764,       14, 24572201,    57615,    57373,    17946
19607167,       10, 24126626,    58654,    57822,    15841
19607448,       11, 24474843,    58667,    57830,    16356
19609718,       12, 23558099,    58678,    57838,    16889
19610503,       13, 24671150,    58692,    57847,    17416
19610914,       14, 24577256,    58704,    57856,    17946
19611070,       10, 24134559,    59438,    57759,    15841
19611824,       11, 24482373,    59464,    57766,    16356
19614589,       12, 23562182,    59491,    57774,    16889
19614796,       13, 24675619,    59518,    57782,    17416
19615442,       14, 24581449,    59544,    57789,    17946
19617170,       10, 24127536,    58550,    57813,    15841
19617804,       11, 24474963,    58550,    57815,    16356
19623844,       12, 23557896,    58550,    57817,    16889
19623985,       13, 24671124,    58551,    57819,    17416
19624739,       14, 24578106,    58551,    57821,    17946
19627218,       10, 24127904,    58575,    58265,    15841
19628810,       11, 24477490,    58587,    58291,    16356
19633510,       12, 23557035,    58598,    58316,    16889
19635124,       13, 24670067,    58610,    58342,    17416
19638538,       14, 24575894,    58621,    58369,    17946
19640528,       10, 24133200,    59200,    58597,    15841
19640537,       11, 25250194,    59227,    58633,    16356
19643004,       12, 24351832,    59257,    58669,    16889
19645202,       13, 25461485,    59285,    58706,    17416
19646421,       14, 25405148,    59313,    58743,    17946
19646488,       10, 24130689,    58380,    58396,    15841
19647405,       11, 24477434,    58381,    58426,    16356
19650433,       12, 23556714,    58383,    58457,    16889
19655761,       13, 24669679,    58386,    58488,    17416
20201169,       14, 24575798,    58388,    58519,    17946
20204501,       10, 24134925,    59754,    57705,    15841
20204551,       11, 24472961,    59782,    57725,    16356
20205301,       12, 23562116,    59811,    57745,    16889
20209926,       13, 24675350,    59840,    57766,    17416
20211108,       14, 24581424,    59870,    57787,    17946
20214088,       10, 24135584,    59481,    57925,    15841
20216613,       11, 24482616,    59483,    57935,    16356
20216614,       12, 23563451,    59487,    57944,    16889
20218286,       13, 24675331,    59490,    57953,    17416
20218618,       14, 24583021,    59492,    57963,    17946
20219620,       10, 24133637,    59709,    58478,    15841
20221242,       11, 25246284,    59721,    58540,    16356
20221727,       12, 24345488,    59735,    58602,    16889
20222786,       13, 24681240,    59749,    58665,    17416
20224455,       14, 25405188,    59762,    58727,    17946
20224998,       10, 24140065,    60408,    58240,    15841
20227063,       11, 24491048,    60430,    58289,    16356
20228694,       12, 23570067,    60453,    58340,    16889
20229319,       13, 24683369,    60477,    58393,    17416
20229696,       14, 24589341,    60501,    58444,    17946
20230319,       10, 24145653,    61007,    58422,    15841
20230866,       11, 25259538,    61059,    58449,    16356
20232113,       12, 23568136,    61113,    58475,    16889
20232174,       13, 24681624,    61167,    58502,    17416
20233763,       14, 24599881,    61219,    58529,    17946
20233846,       10, 24148896,    61543,    56809,    15841
20234801,       11, 24489306,    61549,    56809,    16356
20237151,       13, 24690899,    61563,    56810,    17416
20239390,       14, 24597400,    61569,    56811,    17946
20241880,       10, 24144949,    61195,    57305,    15841
20242543,       11, 24493562,    61197,    57315,    16356
20243707,       12, 23567196,    61201,    57326,    16889
20244757,       13, 24692228,    61204,    57337,    17416
20244763,       14, 24598891,    61207,    57347,    17946
20245123,       10, 24146807,    60836,    57705,    15841
20247328,       11, 24494627,    60840,    57718,    16356
20248056,       12, 23570778,    60843,    57730,    16889
20248131,       13, 24676539,    60848,    57743,    17416
20249547,       14, 24582395,    60852,    57756,    17946
20251639,       10, 24147796,    61313,    58081,    15841
20253825,       11, 24493111,    61358,    58101,    16356
20255417,       12, 23575978,    61404,    58121,    16889
20258325,       13, 24689589,    61452,    58141,    17416
20259437,       14, 24595965,    61499,    58161,    17946
20260766,       10, 24154686,    63386,    57391,    15841
20263069,       11, 24497822,    63387,    57400,    16356
20266192,       13, 24707422,    63389,    57418,    17416
20269683,       14, 24614336,    63391,    57428,    17946
20271670,       10, 24160424,    63074,    56898,    15841
20273402,       11, 24503897,    63075,    56900,    16356
20275499,       12, 23578043,    63077,    56902,    16889
20279507,       13, 24691579,    63079,    56904,    17416
20281621,       14, 24598235,    63082,    56906,    17946
20281637,       10, 24158480,    62741,    57639,    15841
20282639,       11, 24506462,    62744,    57653,    16356
20286979,       12, 23575138,    62747,    57668,    16889
20286995,       13, 24688973,    62748,    57683,    17416
20831221,       14, 24595283,    62750,    57698,    17946
20833403,       10, 24157879,    63145,    57784,    15841
20833516,       11, 24506506,    63152,    57787,    16356
20834111,       12, 23574994,    63158,    57791,    16889
20836945,       13, 24705660,    63165,    57795,    17416
20837598,       14, 24594923,    63171,    57799,    17946
20838002,       10, 24157230,    63099,    58319,    15841
20841248,       11, 24505042,    63157,    58371,    16356
20841716,       12, 23593113,    63215,    58424,    16889
20841828,       13, 24706679,    63273,    58476,    17416
20844271,       14, 24613943,    63333,    58530,    17946
20844959,       10, 24162714,    65379,    58227,    15841
20849965,       11, 24512844,    65386,    58246,    16356
20853903,       12, 23607654,    65394,    58266,    16889
20854399,       13, 24721045,    65401,    58286,    17416
20856057,       14, 24629154,    65409,    58305,    17946
20857093,       10, 24930252,    65737,    58605,    15841
20859645,       11, 25281475,    65753,    58649,    16356
20860687,       12, 23604726,    65771,    58695,    16889
20862644,       13, 25497932,    65787,    58741,    17416
20864039,       14, 25443992,    65805,    58787,    17946
20864456,       10, 24171248,    64433,    58026,    15841
20864928,       11, 24516691,    64437,    58042,    16356
20869558,       12, 23587069,    64441,    58060,    16889
20869575,       13, 24700939,    64445,    58077,    17416
20870372,       14, 24607765,    64450,    58094,    17946
20871767,       10, 24184027,    68454,    57749,    15841
20871794,       11, 24533512,    68459,    57767,    16356
20874520,       12, 23618098,    68466,    57786,    16889
20878525,       13, 24731420,    68471,    57804,    17416
20878747,       14, 24640729,    68477,    57823,    17946
20880075,       10, 24185292,    68582,    57909,    15841
20880818,       11, 24533629,    68585,    57913,    16356
20882117,       12, 23618145,    68588,    57918,    16889
20882879,       13, 24731280,    68590,    57923,    17416
20885037,       14, 24641513,    68594,    57929,    17946
20886304,       10, 24193276,    68263,    58277,    15841
20886325,       11, 24536399,    68268,    58279,    16356
20887717,       12, 23611646,    68274,    58280,    16889
20888283,       13, 24724752,    68280,    58282,    17416
20888287,       14, 24633115,    68285,    58284,    17946
20889165,       10, 24192478,    69877,    58126,    15841
20889178,       11, 24549754,    69910,    58161,    16356
20890777,       12, 23632075,    69944,    58198,    16889
20891719,       13, 24737227,    69978,    58233,    17416
20895080,       14, 24654970,    70012,    58270,    17946
20902775,       10, 24198106,    70233,    56774,    15841
20904031,       11, 24546832,    70239,    56778,    16356
20908290,       12, 23632860,    70243,    56782,    16889
20908774,       13, 24745753,    70248,    56786,    17416
20911305,       14, 24656133,    70253,    56790,    17946
20914459,       10, 24205531,    71012,    56971,    15841
20914819,       11, 24550879,    71044,    56982,    16356
21451444,       12, 23626172,    71075,    56993,    16889
21452603,       13, 24739591,    71106,    57003,    17416
21453196,       14, 24648921,    71137,    57014,    17946
21456239,       10, 24199692,    70193,    57071,    15841
21461632,       11, 24548855,    70195,    57083,    16356
21462157,       12, 23632971,    70197,    57097,    16889
21462411,       13, 24745938,    70200,    57110,    17416
21463662,       14, 24651763,    70202,    57123,    17946
21464014,       10, 24209585,    72181,    57003,    15841
21465132,       11, 24559929,    72243,    57016,    16356
21468240,       12, 23645320,    72307,    57029,    16889
21468413,       13, 24757326,    72369,    57042,    17416
21470350,       14, 24668895,    72433,    57056,    17946
21470757,       11, 25319872,    70924,    58732,    16356
21471488,       12, 23628482,    70929,    58798,    16889
21471599,       14, 25469686,    70939,    58927,    17946
21473634,       10, 24204731,    70798,    57943,    15841
21474773,       11, 24553599,    70806,    57967,    16356
21476344,       12, 23623303,    70814,    57991,    16889
21478804,       13, 24737864,    70822,    58015,    17416
21479371,       14, 24653848,    70830,    58040,    17946
21479616,       10, 24204347,    71404,    57896,    15841
21481124,       11, 24546405,    71411,    57902,    16356
21481200,       12, 23634349,    71417,    57907,    16889
21481941,       13, 24747206,    71424,    57912,    17416
21485851,       14, 24657624,    71431,    57918,    17946
21486165,       10, 24196598,    70300,    58074,    15841
21487779,       11, 24549794,    70334,    58078,    16356
21489837,       12, 23632078,    70368,    58083,    16889
21490154,       13, 24745122,    70401,    58088,    17416
21490168,       14, 24654779,    70435,    58093,    17946
21491123,       10, 24208160,    72219,    57963,    15841
21496239,       11, 24556860,    72224,    57963,    16356
21497620,       12, 23643039,    72230,    57964,    16889
21498986,       13, 24755257,    72236,    57965,    17416
21499248,       14, 24666682,    72241,    57966,    17946
21500620,       10, 24216462,    73009,    56797,    15841
21501024,       11, 24561507,    73014,    56800,    16356
21502264,       12, 22845403,    73018,    56805,    16889
21502705,       13, 24750852,    73022,    56809,    17416
21502802,       14, 24661710,    73026,    56814,    17946
21503617,       10, 24885918,    57782,    59796,    15841
21503739,       11, 25236901,    57790,    59803,    16356
21504628,       12, 24332179,    57797,    59809,    16889
21507070,       13, 25447728,    57804,    59815,    17416
21507559,       14, 25394970,    57812,    59822,    17946
21508189,       10, 24897833,    59252,    59881,    15841
21514214,       11, 25248841,    59271,    59884,    16356
21514234,       12, 24340238,    59291,    59886,    16889
21516851,       13, 25461890,    59312,    59888,    17416
21517067,       14, 25403599,    59332,    59890,    17946
21519311,       10, 24894065,    58885,    60313,    15841
21520334,       11, 25243686,    58898,    60351,    16356
21520614,       12, 24337742,    58910,    60390,    16889
21522909,       13, 25453587,    58923,    60430,    17416
21523388,       14, 25400923,    58935,    60470,    17946
21524104,       10, 24130254,    58771,    58418,    15841
21526747,       11, 25245032,    58772,    58427,    16356
21526833,       12, 23556498,    58773,    58436,    16889
22066927,       13, 24669579,    58774,    58444,    17416
22068638,       14, 24575778,    58775,    58453,    17946
22070226,       10, 24894819,    58881,    59226,    15841
22073848,       11, 25244389,    58893,    59267,    16356
22079072,       12, 24338734,    58905,    59310,    16889
22079103,       13, 25454789,    58918,    59352,    17416
22079355,       14, 25402100,    58930,    59394,    17946
22080037,       10, 24895269,    59152,    58609,    15841
22080058,       11, 25250656,    59210,    58613,    16356
22081527,       12, 24341913,    59270,    58615,    16889
22084140,       13, 24681191,    59329,    58618,    17416
22084367,       14, 25409061,    59389,    58619,    17946
22085623,       10, 24902363,    59360,    59271,    15841
22086307,       11, 25252470,    59394,    59319,    16356
22086437,       12, 24344542,    59431,    59369,    16889
22088107,       13, 25460104,    59466,    59419,    17416
22088197,       14, 25408016,    59501,    59470,    17946
22088954,       10, 24894935,    58868,    59530,    15841
22089530,       11, 25245639,    58876,    59567,    16356
22089959,       12, 24333900,    58884,    59604,    16889
22092331,       13, 25449799,    58892,    59641,    17416
22093180,       14, 25396973,    58901,    59679,    17946
22095351,       10, 24896876,    58293,    59761,    15841
22096471,       11, 25241725,    58321,    59787,    16356
22097083,       12, 24333752,    58350,    59815,    16889
22101337,       13, 25449980,    58379,    59841,    17416
22106169,       10, 24894690,    58437,    59510,    15841
22107499,       11, 25245458,    58472,    59521,    16356
22107505,       12, 24333606,    58507,    59532,    16889
22109228,       13, 25454832,    58543,    59543,    17416
22109275,       14, 25397008,    58578,    59555,    17946
22109849,       10, 24897261,    59835,    59534,    15841
22110010,       11, 25264380,    59838,    59539,    16356
22110865,       12, 24345688,    59840,    59545,    16889
22111913,       13, 25460165,    59843,    59550,    17416
22113345,       14, 25409471,    59845,    59555,    17946
22114568,       10, 24898930,    59538,    59985,    15841
22116272,       11, 25249023,    59550,    60014,    16356
22116798,       12, 24340352,    59563,    60044,    16889
22117849,       13, 25456152,    59576,    60075,    17416
22119874,       14, 25403204,    59588,    60105,    17946
22120780,       10, 24899077,    59602,    60174,    15841
22124799,       11, 25248549,    59618,    60207,    16356
22125131,       12, 24340493,    59635,    60242,    16889
22125648,       13, 25456144,    59652,    60274,    17416
22128723,       10, 24901424,    59790,    60419,    15841
22129883,       11, 26028083,    59791,    60452,    16356
22133094,       12, 24343184,    59792,    60485,    16889
22133493,       13, 25459090,    59793,    60519,    17416
22134143,       14, 25406290,    59794,    60553,    17946
22136647,       13, 25457749,    59540,    58955,    17416
22137563,       10, 24912532,    60796,    59148,    15841
22137578,       11, 25263911,    60826,    59201,    16356
22138301,       12, 24345341,    60857,    59257,    16889
22139106,       13, 25461103,    60889,    59312,    17416
22139599,       14, 25408753,    60920,    59368,    17946
22139853,       10, 24911238,    60807,    60201,    15841
22141401,       11, 25262709,    60849,    60202,    16356
22141500,       12, 24341013,    60892,    60204,    16889
22147377,       13, 25456994,    60935,    60206,    17416
22147494,       14, 25404379,    60977,    60208,    17946
22149453,       10, 24914144,    61134,    59467,    15841
22149696,       11, 25259780,    61137,    59469,    16356
22693625,       12, 24345145,    61141,    59471,    16889
22695072,       13, 25460904,    61145,    59475,    17416
22696034,       14, 25408578,    61148,    59477,    17946
22696176,       11, 25259983,    61200,    59526,    16356
22698462,       12, 24356540,    61200,    59530,    16889
22702241,       14, 25420586,    61200,    59538,    17946
22702294,       10, 24909796,    60828,    58604,    15841
22704359,       11, 25261948,    60831,    58611,    16356
22705633,       12, 24346839,    60833,    58618,    16889
22705651,       13, 24683204,    60836,    58626,    17416
22706507,       14, 25410436,    60838,    58634,    17946
22706848,       10, 24144319,    61709,    58553,    15841
22707931,       11, 25255560,    61742,    58559,    16356
22708326,       12, 23582039,    61776,    58564,    16889
22708543,       13, 24695433,    61810,    58570,    17416
22711707,       14, 24602295,    61844,    58575,    17946
22712129,       10, 24911209,    61649,    60301,    15841
22714293,       11, 25256577,    61663,    60310,    16356
22714949,       12, 24362969,    61677,    60319,    16889
22714985,       13, 25468187,    61690,    60329,    17416
22715933,       14, 25425262,    61704,    60338,    17946
22721968,       10, 24909591,    61783,    59547,    15841
22722143,       11, 25270612,    61818,    59587,    16356
22723191,       12, 24360126,    61854,    59629,    16889
22723367,       13, 25475468,    61890,    59670,    17416
22725621,       14, 25424193,    61927,    59712,    17946
22730456,       10, 24914063,    61629,    59186,    15841
22731961,       11, 25258041,    61660,    59213,    16356
22734421,       12, 24356460,    61692,    59243,    16889
22734939,       13, 25480044,    61724,    59272,    17416
22735205,       14, 25428572,    61756,    59301,    17946
22735775,       10, 24916641,    62172,    59060,    15841
22735806,       11, 25269137,    62172,    59097,    16356
22739209,       12, 24363726,    62174,    59134,    16889
22739611,       13, 25479415,    62175,    59172,    17416
22740716,       14, 25428080,    62176,    59210,    17946
22742942,       10, 24168852,    64373,    58569,    15841
22746232,       11, 25286326,    64423,    58577,    16356
22750239,       12, 23590169,    64476,    58585,    16889
22750634,       13, 24703522,    64527,    58592,    17416
22750739,       14, 24610805,    64581,    58599,    17946
22751330,       10, 24920632,    62170,    59841,    15841
22752662,       11, 25264989,    62181,    59878,    16356
22752948,       12, 24359905,    62193,    59916,    16889
22753004,       13, 25475734,    62205,    59953,    17416
22753537,       10, 24922272,    62520,    59621,    15841
22759389,       11, 25271929,    62544,    59650,    16356
22760009,       12, 24358552,    62568,    59680,    16889
22760402,       13, 25474486,    62593,    59709,    17416
22761017,       14, 25422830,    62618,    59739,    17946
22761998,       10, 24915986,    63352,    60008,    15841
22763668,       11, 25265784,    63395,    60015,    16356
22764611,       12, 24373719,    63439,    60021,    16889
22765277,       13, 25488041,    63482,    60028,    17416
22765443,       14, 25438564,    63526,    60035,    17946
22767793,       10, 24921534,    63216,    58694,    15841
22769676,       11, 25267086,    63251,    58720,    16356
22770043,       12, 24370932,    63287,    58747,    16889
23314652,       13, 25486645,    63324,    58773,    17416
23317272,       14, 25439731,    63361,    58800,    17946
23317518,       10, 24922998,    62546,    60241,    15841
23323954,       11, 25274757,    62546,    60249,    16356
23324703,       12, 24352885,    62547,    60258,    16889
23326556,       13, 25468745,    62547,    60266,    17416
23326578,       14, 25416845,    62548,    60275,    17946
23327081,       10, 24923038,    63229,    60182,    15841
23327921,       11, 25268278,    63229,    60184,    16356
23327990,       12, 24370601,    63230,    60187,    16889
23328428,       13, 25486478,    63230,    60190,    17416
23330223,       14, 25435432,    63230,    60193,    17946
23330429,       10, 24922235,    62852,    59524,    15841
23334227,       11, 25272316,    62862,    59553,    16356
23334279,       12, 24357326,    62873,    59584,    16889
23335025,       13, 25473075,    62884,    59615,    17416
23336851,       14, 25422597,    62894,    59646,    17946
23337484,       10, 24927953,    65128,    58932,    15841
23340085,       11, 25279256,    65136,    58938,    16356
23340272,       12, 24369975,    65144,    58944,    16889
23341676,       13, 25485752,    65151,    58950,    17416
23342246,       14, 25434722,    65158,    58957,    17946
23342716,       10, 24931590,    65788,    58946,    15841
23348067,       11, 25299225,    65840,    58957,    16356
23348097,       12, 24378883,    65894,    58969,    16889
23349034,       13, 25494852,    65947,    58982,    17416
23349221,       14, 25443922,    66000,    58994,    17946
23353620,       10, 24929596,    65374,    59385,    15841
23366104,       11, 25280433,    65401,    59394,    16356
23366311,       12, 24388610,    65430,    59403,    16889
23366786,       13, 25504460,    65458,    59412,    17416
23366843,       14, 25454333,    65486,    59421,    17946
23366920,       10, 24937105,    64274,    60319,    15841
23366962,       11, 25287042,    64295,    60329,    16356
23367278,       12, 24366879,    64320,    60340,    16889
23367890,       13, 25480745,    64343,    60351,    17416
23369866,       14, 25431164,    64366,    60361,    17946
23371400,       10, 24169013,    64534,    58289,    15841
23371508,       11, 24516596,    64556,    58290,    16356
23371687,       12, 23586839,    64578,    58291,    16889
23375071,       13, 24700955,    64601,    58292,    17416
23377124,       14, 24607919,    64624,    58293,    17946
23377347,       10, 24939251,    67288,    60231,    15841
23379205,       11, 25297516,    67289,    60247,    16356
23380692,       12, 24396290,    67291,    60263,    16889
23381431,       13, 25511854,    67291,    60278,    17416
23382876,       14, 25462116,    67293,    60294,    17946
23383541,       10, 24938928,    67054,    60225,    15841
23383547,       11, 25290478,    67063,    60230,    16356
23389934,       12, 24385088,    67072,    60236,    16889
23391029,       13, 25500614,    67082,    60241,    17416
23391224,       14, 25450285,    67091,    60246,    17946
23395943,       10, 24939745,    67173,    58925,    15841
23925120,       11, 25291558,    67178,    58933,    16356
23928190,       12, 24397471,    67184,    58940,    16889
23928199,       13, 25513129,    67189,    58948,    17416
23928423,       14, 25463478,    67194,    58956,    17946
23929406,       10, 24945399,    66464,    60012,    15841
23936851,       11, 25294747,    66472,    60031,    16356
23938471,       12, 24377819,    66480,    60051,    16889
23939915,       13, 25493525,    66487,    60071,    17416
23941152,       14, 25442985,    66495,    60091,    17946
23942546,       10, 24189719,    68136,    58498,    15841
23942641,       11, 25307670,    68165,    58505,    16356
23945144,       12, 23614270,    68196,    58512,    16889
23946488,       13, 24727742,    68227,    58519,    17416
23946736,       14, 24636436,    68258,    58527,    17946
23947361,       10, 24954040,    68763,    59562,    15841
23948145,       11, 25303635,    68781,    59614,    16356
23948942,       12, 24395453,    68800,    59667,    16889
23950643,       13, 25511168,    68818,    59720,    17416
23952345,       14, 25461224,    68837,    59774,    17946
23956949,       10, 24960612,    68209,    59392,    15841
23957617,       11, 25303668,    68224,    59393,    16356
23958340,       12, 24392581,    68239,    59395,    16889
23958374,       13, 25508236,    68253,    59397,    17416
23962993,       14, 25457717,    68269,    59400,    17946
23965652,       10, 24957212,    69939,    60206,    15841
23970078,       11, 25313846,    69952,    60212,    16356
23974268,       12, 24408782,    69966,    60219,    16889
23974596,       13, 25516460,    69978,    60226,    17416
23976342,       14, 25467455,    69992,    60233,    17946
23980825,       10, 24961255,    70045,    60187,    15841
23983393,       12, 24408689,    70047,    60243,    16889
23983987,       14, 25475672,    70048,    60300,    17946
23984306,       10, 24961390,    70274,    60110,    15841
23984760,       11, 25313914,    70279,    60121,    16356
23985312,       12, 24407584,    70283,    60133,    16889
23985387,       13, 25524335,    70288,    60145,    17416
23987655,       14, 25475333,    70292,    60158,    17946
23987681,       10, 24972161,    72027,    60215,    15841
23989174,       11, 25325130,    72058,    60226,    16356
23994755,       12, 24420389,    72091,    60238,    16889
23994971,       13, 25536537,    72122,    60249,    17416
23995877,       14, 25487889,    72154,    60260,    17946
23995991,       10, 24966646,    71928,    59689,    15841
23998887,       11, 25327303,    71941,    59709,    16356
24000820,       12, 24422905,    71953,    59731,    16889
24001138,       13, 25535573,    71965,    59752,    17416
24002946,       14, 25486975,    71977,    59772,    17946
24002965,       10, 24967270,    71313,    59925,    15841
24004321,       11, 25318882,    71319,    59926,    16356
24005875,       12, 24417876,    71326,    59928,    16889
20114329,       13, 25533669,    71333,    59929,    17416
20757841,       14, 25485040,    71340,    59931,    17946
20770267,       10, 24968414,    70878,    60141,    15841
21335127,       11, 25318581,    70889,    60156,    16356
21378971,       12, 24401956,    70900,    60172,    16889
22626868,       13, 25517598,    70911,    60188,    17416
23202374,       14, 25468232,    70922,    60204,    17946
21846946,       10, 24969548,    71042,    58928,    15841
23359971,       11, 25321447,    71049,    58965,    16356
19016447,       13, 25518746,    71061,    59043,    17416
19636789,       14, 25469546,    71067,    59083,    17946
19647656,       10, 24973465,    72288,    58935,    15841
20204341,       11, 25332396,    72312,    58951,    16356
20892717,       12, 24421194,    72337,    58968,    16889
21516945,       13, 25537106,    72362,    58986,    17416
21451534,       14, 25488672,    72386,    59003,    17946
21481991,       10, 24980103,    72584,    60143,    15841
21482848,       11, 25331860,    72589,    60173,    16356
21498940,       12, 24413434,    72595,    60205,    16889
21504671,       13, 25529114,    72600,    60237,    17416
21508053,       14, 25480218,    72605,    60269,    17946
21520328,       12, 25127723,    56714,    60970,    16889
22773552,       13, 26230004,    56715,    60989,    17416
22738878,       14, 26219536,    56715,    61008,    17946
23370541,       10, 25662692,    57417,    62363,    15841
23962839,       11, 26020404,    57432,    62378,    16356
18965629,       12, 25147714,    57449,    62393,    16889
20233044,       13, 26249096,    57465,    62407,    17416
20873854,       14, 26241237,    57481,    62422,    17946
21464146,       10, 25662456,    56957,    62358,    15841
23329182,       11, 26015941,    56959,    62372,    16356
23396219,       12, 25133972,    56960,    62386,    16889
22722193,       13, 26236727,    56961,    62400,    17416
21956477,       14, 26226420,    56963,    62415,    17946
21963309,       10, 25661731,    57272,    61781,    15841
23965273,       11, 26016518,    57280,    61796,    16356
20264641,       12, 25149701,    57288,    61812,    16889
21492859,       13, 26252533,    57296,    61827,    17416
23981973,       14, 26243421,    57304,    61843,    17946
20881851,       10, 25670699,    59354,    60945,    15841
22107387,       11, 26026732,    59390,    60946,    16356
19630393,       13, 26255386,    59466,    60947,    17416
20219156,       14, 26246466,    59503,    60948,    17946
21463252,       10, 25668822,    58513,    60890,    15841
20847826,       11, 26024023,    58531,    60902,    16356
19010405,       12, 25140507,    58548,    60915,    16889
22119296,       13, 26243311,    58566,    60928,    17416
22734398,       14, 26233394,    58583,    60941,    17946
19589875,       10, 25670428,    59855,    60746,    15841
21512390,       11, 26040608,    59883,    60788,    16356
22091201,       12, 25152649,    59913,    60832,    16889
22629453,       13, 26256965,    59942,    60877,    17416
22712393,       14, 26247427,    59971,    60920,    17946
22727540,       10, 25679202,    58230,    61901,    15841
22740578,       11, 26030568,    58229,    61903,    16356
22761795,       13, 26248506,    58293,    62274,    17416
23327838,       14, 26239122,    58293,    62301,    17946
23925202,       10, 25678097,    59537,    61617,    15841
19580505,       11, 26033449,    59545,    61645,    16356
20217242,       12, 25156878,    59554,    61675,    16889
20235360,       13, 26260240,    59564,    61704,    17416
20873225,       14, 26251384,    59572,    61734,    17946
21485864,       10, 25672212,    59540,    61411,    15841
21514655,       11, 26027356,    59564,    61414,    16356
21516287,       12, 25150634,    59589,    61415,    16889
21528501,       13, 26253276,    59615,    61418,    17416
22086444,       14, 26244200,    59640,    61421,    17946
22146816,       10, 25681695,    60413,    60905,    15841
22714880,       11, 26037008,    60415,    60908,    16356
22736177,       12, 25153735,    60418,    60911,    16889
23321701,       13, 26257013,    60421,    60914,    17416
23387367,       14, 26247728,    60423,    60917,    17946
23968145,       10, 25682655,    60836,    61047,    15841
19624021,       11, 26039653,    60878,    61077,    16356
20878725,       12, 25153176,    60922,    61107,    16889
22125586,       13, 26256144,    60966,    61137,    17416
20219587,       14, 26247133,    61010,    61167,    17946
21501235,       10, 25682892,    61622,    60785,    15841
23329068,       11, 26037744,    61631,    60789,    16356
23937977,       13, 26256541,    60847,    61069,    17416
18964175,       14, 26246982,    60845,    61073,    17946
19625491,       10, 25688303,    61755,    62324,    15841
20853784,       11, 26041178,    61767,    62339,    16356
22085123,       12, 25172475,    61779,    62355,    16889
22749806,       13, 26275437,    61791,    62370,    17416
23345681,       14, 26267634,    61804,    62385,    17946
19588720,       10, 25686066,    60240,    61675,    15841
19598475,       11, 26041441,    60247,    61683,    16356
21446665,       12, 25161928,    60252,    61693,    16889
21465547,       13, 26264437,    60257,    61702,    17416
21517879,       14, 26256181,    60262,    61711,    17946
18977173,       10, 25689247,    61460,    62429,    15841
19621511,       11, 26825520,    61461,    62470,    16356
19035774,       12, 25168910,    61462,    62512,    16889
20244345,       13, 26271977,    61464,    62554,    17416
20902890,       14, 26263945,    61466,    62596,    17946
22722753,       10, 25684151,    61386,    61378,    15841
23361571,       11, 26046067,    61402,    61393,    16356
23964564,       12, 25162743,    61419,    61406,    16889
18972624,       13, 26265450,    61436,    61421,    17416
20214130,       14, 26257179,    61453,    61435,    17946
22078439,       10, 25685566,    60264,    62458,    15841
23329683,       11, 26824871,    60297,    62483,    16356
20281901,       12, 25161121,    60331,    62509,    16889
20903365,       13, 26263891,    60365,    62534,    17416
22098314,       14, 26255613,    60399,    62559,    17946
22100799,       10, 25696125,    62598,    61156,    15841
22122281,       11, 26051903,    62615,    61156,    16356
19503918,       12, 25163393,    62633,    61156,    16889
19594735,       10, 25699294,    63748,    61748,    15841
19604150,       11, 26055255,    63785,    61805,    16356
19640968,       12, 25187577,    63824,    61865,    16889
20205522,       13, 26290521,    63862,    61924,    17416
20237616,       14, 26283750,    63900,    61982,    17946
20861123,       10, 24906966,    61918,    60380,    15841
20245305,       11, 25267724,    61919,    60394,    16356
20869566,       12, 24362889,    61921,    60410,    16889
20266370,       13, 25476498,    61923,    60423,    17416
21528454,       14, 25427563,    61924,    60437,    17946
21464809,       10, 25694526,    63517,    60964,    15841
21520968,       11, 26048175,    63531,    61005,    16356
22760610,       12, 25178574,    63545,    61047,    16889
23313267,       13, 26281193,    63559,    61089,    17416
23333772,       14, 26273864,    63574,    61132,    17946
23342339,       10, 25692443,    63896,    61296,    15841
18990645,       11, 26062236,    63922,    61346,    16356
20219148,       12, 25179971,    63948,    61398,    16889
21469517,       13, 26283151,    63975,    61450,    17416
22749790,       14, 26275770,    64001,    61502,    17946
22691999,       10, 25695183,    62629,    61060,    15841
23364722,       11, 26052172,    62640,    61069,    16356
22759126,       12, 25165558,    62652,    61078,    16889
18979834,       13, 26268347,    62663,    61086,    17416
18994565,       14, 26260194,    62675,    61096,    17946
19007125,       10, 25696504,    62943,    61302,    15841
19022405,       11, 26052203,    62958,    61323,    16356
19020656,       12, 25163305,    62975,    61344,    16889
19609582,       13, 26266422,    62992,    61366,    17416
19599180,       14, 26258291,    63008,    61387,    17946
19633370,       10, 25700254,    63888,    62309,    15841
19643573,       11, 26068877,    63891,    62315,    16356
19636377,       12, 25185568,    63894,    62323,    16889
20273259,       13, 26288473,    63897,    62330,    17416
20269123,       14, 26281847,    63901,    62337,    17946
19646925,       10, 25714908,    64285,    61875,    15841
20841250,       11, 26070180,    64345,    61888,    16356
20879280,       12, 25182357,    64408,    61902,    16889
20909511,       13, 26285109,    64469,    61915,    17416
20912928,       14, 26278453,    64531,    61928,    17946
21454813,       10, 25705002,    65155,    61083,    15841
21375863,       11, 26059762,    65170,    61082,    16356
22068491,       13, 26293562,    65199,    61082,    17416
21464303,       10, 25706466,    64074,    60905,    15841
22092341,       11, 26062885,    64080,    60925,    16356
22123108,       12, 25178973,    64086,    60945,    16889
22692661,       13, 26281745,    64092,    60966,    17416
22704450,       14, 26273856,    64099,    60986,    17946
22715012,       10, 25708456,    64632,    61224,    15841
22722714,       11, 26064543,    64681,    61271,    16356
22748870,       12, 25175353,    64732,    61320,    16889
22755220,       13, 26278066,    64782,    61369,    17416
23320156,       14, 26270543,    64833,    61418,    17946
23335464,       10, 25708317,    64828,    61563,    15841
22711720,       11, 26066624,    64846,    61608,    16356
23342686,       12, 25184360,    64865,    61655,    16889
23332135,       13, 26285444,    64883,    61700,    17416
23348187,       14, 26278515,    64901,    61746,    17946
23929548,       10, 26495503,    66143,    62684,    15841
20219822,       11, 26869383,    66205,    62722,    16356
20861598,       12, 25987263,    66270,    62761,    16889
21510586,       13, 27088712,    66333,    62800,    17416
22076287,       14, 27127847,    66396,    62838,    17946
22091961,       10, 25709753,    65659,    62434,    15841
22726359,       11, 26851676,    65712,    62453,    16356
22739269,       12, 25196925,    65767,    62473,    16889
22765831,       13, 26301437,    65821,    62494,    17416
23340233,       14, 26290998,    65875,    62514,    17946
23362812,       12, 25177430,    65009,    61615,    16889
23359771,       13, 26280320,    65009,    61621,    17416
23326548,       14, 26272939,    65009,    61627,    17946
20284812,       10, 25700440,    63943,    62099,    15841
20887785,       11, 26069232,    63946,    62105,    16356
20891815,       12, 25185964,    63949,    62110,    16889
22008784,       13, 26289032,    63952,    62115,    17416
21460091,       14, 26282099,    63956,    62120,    17946
21495892,       10, 25713867,    64590,    62108,    15841
21499634,       11, 26069906,    64603,    62119,    16356
22759355,       12, 25183449,    64618,    62132,    16889
23927213,       13, 26286417,    64632,    62144,    17416
19014047,       14, 26279288,    64647,    62157,    17946
19446506,       10, 25713846,    64961,    62051,    15841
19601973,       11, 26067987,    65010,    62065,    16356
20277560,       12, 25183928,    65062,    62078,    16889
22021674,       13, 26287574,    65113,    62092,    17416
22592318,       14, 26296649,    65165,    62105,    17946
22627666,       10, 25713883,    64576,    62279,    15841
22750726,       11, 26070984,    64603,    62340,    16356
23831986,       12, 25183739,    64632,    62403,    16889
23392485,       13, 26286714,    64660,    62465,    17416
20140984,       14, 26277442,    64688,    62528,    17946
20748841,       10, 25719362,    67451,    61064,    15841
20257749,       11, 26077429,    67461,    61103,    16356
21367453,       12, 25202965,    67472,    61144,    16889
21417467,       13, 26305990,    67482,    61184,    17416
21455653,       14, 26297559,    67493,    61225,    17946
23187043,       10, 25720661,    67738,    61375,    15841
22706850,       11, 26082606,    67744,    61385,    16356
23816844,       12, 25200323,    67749,    61397,    16889
23978236,       13, 26304273,    67755,    61407,    17416
24004415,       14, 26297839,    67760,    61418,    17946
19020000,       10, 25722605,    67200,    61755,    15841
19627359,       11, 26078963,    67209,    61759,    16356
20231152,       12, 25212528,    67220,    61763,    16889
21511822,       13, 26315609,    67230,    61768,    17416
21507027,       14, 26310713,    67242,    61772,    17946
22076261,       10, 25735957,    67999,    62024,    15841
22755519,       11, 26092818,    68010,    62061,    16356
22773568,       12, 25207573,    68022,    62098,    16889
24470868,       13, 26311887,    68033,    62135,    17416
19576421,       14, 26306719,    68045,    62173,    17946
19616730,       10, 25729343,    68734,    60866,    15841
19630854,       11, 26085921,    68755,    60868,    16356
20227169,       12, 25203468,    68776,    60870,    16889
20868139,       13, 26306621,    68798,    60872,    17416
20901537,       14, 26300993,    68820,    60875,    17946
21481526,       10, 25729541,    69137,    60894,    15841
21513333,       11, 26087227,    69166,    60911,    16356
21521194,       12, 25218321,    69196,    60927,    16889
21528462,       13, 26321490,    69225,    60944,    17416
22085659,       14, 26313831,    69255,    60960,    17946
22097058,       10, 25732508,    69755,    61565,    15841
22709560,       11, 26090239,    69798,    61616,    16356
22713916,       12, 25213128,    69842,    61667,    16889
22744953,       13, 26322927,    69885,    61719,    17416
23327785,       14, 26318516,    69930,    61770,    17946
23352327,       10, 25738179,    69920,    61888,    15841
23369252,       11, 26104395,    69926,    61892,    16356
19027251,       12, 25219353,    69932,    61896,    16889
19023659,       13, 26322737,    69938,    61901,    17416
19586951,       14, 26322636,    69945,    61905,    17946
20231062,       10, 25747072,    71693,    61779,    15841
20238425,       11, 26104058,    71694,    61828,    16356
20912635,       12, 25236314,    71695,    61880,    16889
20914545,       13, 26339338,    71697,    61929,    17416
21458224,       14, 26336389,    71699,    61979,    17946
23373808,       10, 25743069,    71665,    61068,    15841
23377149,       11, 26097370,    71725,    61095,    16356
23395054,       12, 25229019,    71786,    61122,    16889
18995437,       13, 26332229,    71847,    61150,    17416
18990644,       14, 26328420,    71908,    61177,    17946
19037207,       10, 25745201,    70065,    62404,    15841
19595647,       11, 26883371,    70071,    62429,    16356
20232093,       12, 25222539,    70077,    62455,    16889
19644757,       13, 26325309,    70083,    62480,    17416
20206074,       14, 26321462,    70090,    62506,    17946
20226155,       10, 25747627,    70178,    62268,    15841
22134689,       11, 26102112,    70189,    62289,    16356
23354212,       12, 25222156,    70199,    62311,    16889
22751449,       13, 26325140,    70210,    62334,    17416
22762197,       10, 25753923,    73447,    61067,    15841
18988665,       11, 26108997,    73447,    61128,    16356
19024942,       12, 25240939,    73448,    61191,    16889
19030737,       13, 26345211,    73449,    61253,    17416
19046534,       10, 25751131,    72460,    61145,    15841
20868984,       11, 26112595,    72470,    61150,    16356
20894903,       12, 25228604,    72481,    61156,    16889
20912690,       13, 26330832,    72492,    61162,    17416
21461180,       14, 26328629,    72503,    61167,    17946
21512528,       10, 25755526,    72972,    61400,    15841
22126206,       11, 26118804,    72975,    61409,    16356
22712714,       14, 26325243,    73000,    61453,    17946
23320260,       10, 25760485,    72457,    62344,    15841
23334164,       11, 26118241,    72462,    62352,    16356
23341288,       12, 25234403,    72467,    62361,    16889
23395068,       13, 26337429,    72472,    62370,    17416
23948694,       14, 26334607,    72477,    62377,    17946
18992629,       10, 25761921,    73063,    61680,    15841
19592961,       11, 26118559,    73095,    61691,    16356
20203730,       12, 25225782,    73129,    61701,    16889
20271559,       13, 26335672,    73162,    61712,    17416
20862150,       14, 26347077,    73195,    61722,    17946
21482436,       10, 25761848,    73027,    61622,    15841
23393101,       11, 26118675,    73033,    61638,    16356
20252129,       12, 25226043,    73038,    61654,    16889
20868122,       13, 26335806,    73042,    61671,    17416
20911905,       14, 26325019,    73046,    61685,    17946
21478157,       10, 26431560,    57229,    63825,    15841
22100764,       11, 26800243,    57234,    63874,    16356
22129315,       12, 25945758,    57238,    63925,    16889
22696184,       13, 27046797,    57243,    63975,    17416
22741782,       14, 27083319,    57247,    64025,    17946
22752000,       10, 26432277,    57119,    62689,    15841
22772316,       11, 26800665,    57124,    62701,    16356
19044008,       12, 25947008,    57128,    62713,    16889
19592184,       13, 27036547,    57134,    62725,    17416
19595587,       14, 27084683,    57139,    62738,    17946
19602631,       10, 26432429,    57168,    62612,    15841
19607396,       11, 26800903,    57170,    62622,    16356
20843050,       12, 25946949,    57173,    62634,    16889
20872834,       13, 26250749,    57176,    62645,    17416
20903034,       14, 27084630,    57178,    62656,    17946
22112446,       10, 26435255,    57375,    63424,    15841
22090650,       11, 26805599,    57385,    63467,    16356
22147535,       12, 25943708,    57396,    63510,    16889
22755894,       13, 27044857,    57406,    63554,    17416
23372264,       14, 27081023,    57416,    63599,    17946
18973345,       10, 26438158,    57804,    63726,    15841
19034974,       11, 26818377,    57828,    63744,    16356
20214689,       12, 25938948,    57852,    63764,    16889
20227341,       13, 27040084,    57876,    63781,    17416
20871077,       14, 27076379,    57899,    63800,    17946
20891917,       10, 25664203,    57885,    62337,    15841
23944637,       11, 26032587,    57909,    62340,    16356
23349152,       12, 25143777,    57934,    62343,    16889
23363373,       13, 26248592,    57959,    62346,    17416
23936825,       14, 26239091,    57984,    62349,    17946
23961441,       10, 26431141,    57417,    63904,    15841
23975216,       12, 25939035,    57417,    63912,    16889
18963200,       10, 26445829,    58522,    62993,    15841
18972680,       11, 26814670,    58532,    63043,    16356
19014317,       12, 25949420,    58542,    63096,    16889
19619245,       13, 27050581,    58553,    63148,    17416
20851671,       14, 27087180,    58563,    63201,    17946
20904910,       10, 26443090,    59093,    63945,    15841
20909463,       11, 26821006,    59126,    63954,    16356
20914862,       12, 25950973,    59161,    63963,    16889
22086952,       13, 27063584,    59196,    63972,    17416
21483639,       14, 27088831,    59230,    63981,    17946
22067890,       10, 26444562,    58376,    64459,    15841
22711373,       11, 27587901,    58380,    64492,    16356
22765521,       12, 25945275,    58383,    64526,    16889
23336032,       13, 27049327,    58387,    64560,    17416
22767831,       14, 27895440,    58391,    64594,    17946
19035754,       10, 26449208,    58308,    63906,    15841
19599204,       11, 26813604,    58319,    63963,    16356
19617345,       12, 25948280,    58330,    64022,    16889
20225147,       14, 27076370,    58353,    64140,    17946
21464786,       10, 26448240,    59708,    63395,    15841
22117509,       11, 26811251,    59759,    63435,    16356
23323306,       12, 25956228,    59813,    63478,    16889
19047067,       13, 27057192,    59866,    63519,    17416
19580368,       14, 27094774,    59918,    63560,    17946
20214087,       10, 26454555,    60777,    63703,    15841
19602069,       11, 26831725,    60794,    63713,    16356
19605293,       12, 25951776,    60812,    63723,    16889
19634184,       13, 27058451,    60830,    63732,    17416
19024656,       14, 27089853,    60847,    63742,    17946
19629129,       10, 26458928,    61856,    63113,    15841
20851304,       11, 26840509,    61870,    63147,    16356
20830957,       12, 25973682,    61884,    63182,    16889
21467588,       13, 27074351,    61898,    63216,    17416
20874443,       14, 27113206,    61912,    63251,    17946
20884653,       10, 26458200,    60144,    63080,    15841
20909278,       11, 26827900,    60154,    63087,    16356
21465635,       12, 25961887,    60163,    63094,    16889
22089888,       13, 27062402,    60173,    63102,    17416
22126377,       14, 27100578,    60182,    63109,    17946
22697107,       10, 27211898,    61258,    64730,    15841
22706535,       11, 27606188,    61275,    64779,    16356
23324713,       12, 26738884,    61293,    64829,    16889
23329092,       13, 27847494,    61312,    64879,    17416
23341460,       14, 27917433,    61329,    64929,    17946
23361517,       10, 25689798,    61370,    62414,    15841
24005167,       11, 26832646,    61379,    62414,    16356
18965637,       12, 25168947,    61388,    62415,    16889
19034431,       13, 26274253,    61398,    62415,    17416
20859901,       10, 26465624,    62230,    63889,    15841
21448017,       11, 26835456,    62241,    63900,    16356
21473224,       12, 25970836,    62252,    63912,    16889
21518470,       13, 27071831,    62263,    63924,    17416
22089375,       14, 27110171,    62274,    63935,    17946
23312607,       10, 26473955,    62595,    62627,    15841
22773618,       11, 26845907,    62637,    62651,    16356
23391041,       12, 25964706,    62680,    62677,    16889
18975101,       13, 27065730,    62723,    62702,    17416
19029404,       14, 27103706,    62766,    62727,    17946
19600385,       10, 26475821,    62521,    63134,    15841
19604100,       11, 26841923,    62567,    63156,    16356
20841205,       12, 25967567,    62615,    63178,    16889
20272508,       13, 27068471,    62664,    63200,    17416
20885891,       14, 27106569,    62712,    63222,    17946
21474264,       10, 26469904,    63384,    63214,    15841
22581362,       11, 26841080,    63388,    63221,    16356
22130445,       12, 25985253,    63392,    63229,    16889
23316744,       13, 27081764,    63396,    63236,    17416
23372705,       14, 27125799,    63399,    63244,    17946
23984288,       10, 26468582,    63559,    64417,    15841
19598392,       11, 27613096,    63564,    64435,    16356
19606480,       12, 25984249,    63569,    64455,    16889
19025134,       13, 27085657,    63573,    64474,    17416
19033983,       14, 27124697,    63579,    64493,    17946
19046455,       10, 26472188,    62514,    63337,    15841
20200119,       11, 26841554,    62521,    63369,    16356
20841054,       12, 25968774,    62527,    63403,    16889
20265940,       13, 27070376,    62534,    63437,    17416
20277926,       14, 27107949,    62540,    63470,    17946
20280661,       10, 25709778,    65202,    62559,    15841
21490975,       11, 26847564,    65212,    62567,    16356
20873905,       12, 25198092,    65222,    62576,    16889
21515815,       13, 26301498,    65231,    62584,    17416
22089631,       14, 26295219,    65242,    62593,    17946
22118292,       10, 26481798,    65963,    62902,    15841
22125722,       11, 26869235,    66023,    62938,    16356
23333031,       12, 25989448,    66086,    62976,    16889
23358739,       13, 27090722,    66146,    63012,    17416
23356868,       14, 27130099,    66207,    63049,    17946
23377438,       10, 26478194,    65196,    64087,    15841
23994385,       11, 26848099,    65198,    64108,    16356
18972675,       12, 25992613,    65199,    64129,    16889
18990418,       13, 27096679,    65201,    64150,    17416
20207614,       14, 27133722,    65202,    64171,    17946
20227488,       10, 26476710,    65103,    63809,    15841
20241971,       11, 26848405,    65109,    63857,    16356
20264479,       12, 25992871,    65115,    63907,    16889
20274220,       13, 27080277,    65121,    63955,    17416
20913303,       14, 27133852,    65127,    64003,    17946
20855648,       10, 26479245,    65647,    63266,    15841
20858350,       11, 26851106,    65675,    63282,    16356
20866704,       12, 25997244,    65705,    63299,    16889
21492816,       13, 27092049,    65734,    63314,    17416
21526715,       14, 27129971,    65763,    63329,    17946
22113545,       10, 26483285,    64321,    63465,    15841
23361487,       11, 26854007,    64330,    63491,    16356
23981750,       12, 25978112,    64341,    63517,    16889
23927318,       13, 27079423,    64350,    63543,    17416
23984769,       14, 27117971,    64360,    63568,    17946
19045506,       10, 26492177,    67208,    63536,    15841
19584225,       11, 26859256,    67238,    63552,    16356
19648591,       12, 26002343,    67271,    63572,    16889
20256130,       13, 27103961,    67304,    63594,    17416
21466732,       14, 27144043,    67335,    63619,    17946
22116001,       10, 26488609,    67420,    63772,    15841
22075543,       11, 26866113,    67435,    63783,    16356
22730288,       12, 26002279,    67450,    63794,    16889
22095958,       13, 27105873,    67464,    63805,    17416
22119005,       14, 27139396,    67479,    63817,    17946
22707496,       10, 26494945,    67563,    63922,    15841
22729570,       11, 26867403,    67588,    63926,    16356
23353146,       12, 25998167,    67612,    63930,    16889
23385656,       13, 27099535,    67636,    63934,    17416
23935182,       14, 27139609,    67661,    63938,    17946
23956021,       10, 26497676,    67609,    62976,    15841
20237003,       11, 26868721,    67634,    63018,    16356
20252260,       12, 26000568,    67661,    63063,    16889
20285614,       13, 27102182,    67686,    63106,    17416
20868770,       14, 27142511,    67712,    63150,    17946
21458043,       10, 26496400,    67507,    64360,    15841
22072556,       11, 27637366,    67542,    64373,    16356
22121268,       12, 25999567,    67580,    64388,    16889
22082882,       13, 27101274,    67616,    64402,    17416
23367324,       14, 27141249,    67653,    64416,    17946
19591094,       10, 26497576,    67578,    63186,    15841
20221579,       11, 26864304,    67586,    63189,    16356
20847203,       12, 26000735,    67595,    63191,    16889
20879905,       14, 27142281,    67612,    63195,    17946
20890586,       10, 26495931,    67950,    62663,    15841
22067725,       11, 26881600,    67987,    62697,    16356
21512451,       12, 25999002,    68024,    62731,    16889
22080985,       14, 27140453,    68098,    62797,    17946
22086945,       10, 26495938,    67715,    62757,    15841
22727594,       11, 26868694,    67729,    62778,    16356
22759726,       12, 25999033,    67743,    62800,    16889
23384038,       13, 27100566,    67756,    62822,    17416
23964460,       14, 27140302,    67770,    62844,    17946
18969935,       10, 26497621,    67685,    62919,    15841
18973112,       11, 26868677,    67707,    62941,    16356
19047230,       12, 26000835,    67730,    62965,    16889
19637501,       13, 27102331,    67751,    62988,    17416
20258666,       14, 27142371,    67773,    63012,    17946
20271710,       10, 26499638,    68551,    63933,    15841
20843798,       11, 26871850,    68579,    63943,    16356
20903491,       12, 26004971,    68606,    63954,    16889
20837961,       13, 27106491,    68634,    63965,    17416
21514691,       10, 26500346,    68499,    62592,    15841
22748067,       11, 26872919,    68520,    62612,    16356
23334816,       12, 25210952,    68541,    62634,    16889
22747672,       13, 27107689,    68562,    62656,    17416
23950498,       14, 26309125,    68584,    62678,    17946
23969769,       10, 26502814,    68939,    62842,    15841
19014396,       11, 26872731,    68943,    62871,    16356
19595039,       12, 26006018,    68946,    62901,    16889
19635483,       13, 27109705,    68950,    62930,    17416
20210685,       14, 27150637,    68954,    62961,    17946
20841198,       10, 26499771,    68845,    64107,    15841
20889216,       10, 26499871,    69138,    63980,    15841
21459932,       11, 26879448,    69165,    63988,    16356
22105933,       12, 26009773,    69193,    63997,    16889
22146610,       13, 27111221,    69221,    64006,    17416
22149767,       14, 27152171,    69249,    64014,    17946
22727302,       10, 26503579,    68722,    63378,    15841
22735998,       11, 26874047,    68739,    63395,    16356
22110084,       12, 26003203,    68757,    63413,    16889
22759885,       13, 27104213,    68775,    63430,    17416
22770737,       14, 27144689,    68793,    63449,    17946
23321706,       10, 26505139,    69912,    63403,    15841
23356202,       10, 26513585,    70207,    64404,    15841
23371728,       12, 26018893,    70337,    64453,    16889
23326562,       14, 27162547,    70467,    64502,    17946
23937004,       10, 26520182,    71272,    64466,    15841
18962977,       11, 27661989,    71292,    64484,    16356
19001048,       12, 26023493,    71313,    64502,    16889
19634878,       13, 27125079,    71332,    64520,    17416
19643569,       14, 27166790,    71352,    64539,    17946
19634766,       10, 25749650,    71339,    62555,    15841
20219409,       11, 26890693,    71350,    62569,    16356
19600030,       12, 25233193,    71361,    62583,    16889
19630737,       13, 26334297,    71372,    62597,    17416
20206193,       14, 26330769,    71383,    62611,    17946
20224244,       10, 26524536,    72214,    64100,    15841
20236979,       11, 26895882,    72237,    64103,    16356
20268506,       12, 26028995,    72261,    64107,    16889
20257466,       13, 27132410,    72285,    64110,    17416
21461638,       14, 27172724,    72310,    64113,    17946
21501874,       10, 27278428,    73419,    64690,    15841
20899671,       11, 27669142,    73431,    64733,    16356
20904698,       12, 26040314,    73443,    64778,    16889
20903185,       13, 27920980,    73455,    64821,    17416
22099686,       14, 27999625,    73467,    64865,    17946
21495807,       10, 26524716,    72452,    64333,    15841
22066498,       11, 26901127,    72463,    64338,    16356
22066925,       12, 26021924,    72475,    64344,    16889
22092305,       13, 27125909,    72487,    64349,    17416
22711334,       14, 27167551,    72499,    64354,    17946
23323879,       10, 26532670,    72838,    63057,    15841
23336831,       11, 26900052,    72839,    63063,    16356
23349997,       12, 26023090,    72839,    63070,    16889
22773825,       13, 27127117,    72839,    63077,    17416
23366176,       14, 27169014,    72839,    63083,    17946
19003412,       10, 26530945,    72916,    62722,    15841
18975379,       11, 26903844,    72919,    62730,    16356
20251275,       12, 25231497,    72921,    62739,    16889
19642567,       13, 27124798,    72923,    62747,    17416
20227576,       14, 27166456,    72925,    62755,    17946
20245230,       10, 27201117,    58122,    66277,    15841
21447419,       11, 27584678,    58147,    66290,    16356
21477300,       12, 26711229,    58173,    66304,    16889
22007414,       13, 27819448,    58198,    66317,    17416
21510294,       14, 27890291,    58223,    66331,    17946
22096565,       10, 27187096,    57501,    64711,    15841
21482647,       11, 27577768,    57510,    64714,    16356
22146654,       12, 26714090,    57518,    64717,    16889
22078416,       13, 27823661,    57527,    64721,    17416
22720725,       14, 27893529,    57536,    64724,    17946
22104492,       10, 27202502,    58112,    65110,    15841
22756293,       11, 27586754,    58142,    65113,    16356
23328987,       12, 26712084,    58174,    65118,    16889
23358444,       13, 27820346,    58206,    65122,    17416
23989943,       14, 27891371,    58238,    65126,    17946
18976106,       10, 27196246,    58935,    65261,    15841
18964154,       10, 27202573,    58239,    64961,    15841
19045683,       11, 27586036,    58273,    64973,    16356
19008952,       12, 26720879,    58307,    64986,    16889
20286294,       14, 27900624,    58374,    65010,    17946
21459720,       10, 27203098,    59868,    65013,    15841
22100760,       11, 27607979,    59877,    65016,    16356
22740460,       12, 26724556,    59885,    65019,    16889
22750296,       14, 27905179,    59902,    65024,    17946
18998218,       10, 27203384,    59677,    65218,    15841
19020543,       11, 27595658,    59683,    65270,    16356
19039993,       12, 26724308,    59690,    65324,    16889
20200601,       13, 27833162,    59697,    65380,    17416
20211239,       14, 27906646,    59703,    65433,    17946
20264608,       10, 27192177,    57882,    65404,    15841
20272438,       11, 27596366,    57883,    65411,    16356
20214646,       13, 27820237,    57882,    65427,    17416
20845412,       10, 27210687,    60557,    65833,    15841
21486821,       11, 27602265,    60574,    65835,    16356
21508818,       12, 26729950,    60592,    65837,    16889
21479614,       13, 27838315,    60610,    65839,    17416
22097165,       14, 27910731,    60628,    65841,    17946
21502826,       10, 27207136,    60573,    64901,    15841
22124207,       11, 27598246,    60580,    64909,    16356
22693119,       12, 26732100,    60587,    64918,    16889
22706856,       13, 27837446,    60594,    64926,    17416
23928198,       14, 27909969,    60602,    64933,    17946
23945129,       10, 27212796,    60934,    65914,    15841
23989128,       11, 27604298,    60963,    65924,    16356
23994981,       12, 26728814,    60994,    65933,    16889
19585113,       13, 27837201,    61024,    65943,    17416
18997740,       14, 27909494,    61055,    65953,    17946
20873667,       10, 27210482,    60560,    65775,    15841
22073869,       11, 27601994,    60578,    65780,    16356
20913935,       12, 26730134,    60598,    65784,    16889
22712454,       13, 27838676,    60617,    65789,    17416
22123588,       14, 27910921,    60637,    65793,    17946
23334981,       10, 27212268,    61040,    65840,    15841
23357304,       11, 27603982,    61055,    65853,    16356
19586929,       12, 26739736,    61067,    65868,    16889
20219733,       13, 27837178,    61080,    65881,    17416
20871611,       14, 27909479,    61096,    65894,    17946
21526308,       10, 27206428,    61829,    66141,    15841
21485777,       11, 27608466,    61865,    66149,    16356
22086828,       12, 26742772,    61902,    66157,    16889
22093596,       13, 27850722,    61940,    66167,    17416
22748384,       14, 27924515,    61978,    66176,    17946
22719131,       10, 27214169,    61556,    65252,    15841
22763267,       11, 27600638,    61602,    65277,    16356
23336631,       12, 26744781,    61650,    65303,    16889
23319823,       13, 27852605,    61698,    65328,    17416
18999435,       14, 27925784,    61745,    65353,    17946
20223975,       10, 27211537,    60836,    64616,    15841
19635225,       11, 27603126,    60838,    64618,    16356
21496673,       12, 26727766,    60840,    64619,    16889
23344782,       13, 27059238,    60843,    64620,    17416
23338953,       14, 27908432,    60845,    64621,    17946
20233031,       10, 27216844,    62230,    66180,    15841
20208572,       11, 27608451,    62257,    66197,    16356
20241639,       12, 26743101,    62285,    66215,    16889
21491017,       13, 27851557,    62312,    66233,    17416
22123170,       14, 27924774,    62339,    66251,    17946
18975750,       10, 27223409,    62818,    64712,    15841
21487494,       11, 27617745,    62870,    64723,    16356
22762144,       12, 26739217,    62923,    64734,    16889
22141425,       14, 27920983,    63032,    64756,    17946
23378673,       10, 27222582,    63739,    65772,    15841
21476344,       11, 27614123,    63767,    65815,    16356
21476344,       12, 26753327,    63796,    65858,    16889
21476344,       13, 27862808,    63825,    65901,    17416
21476344,       14, 27937022,    63854,    65944,    17946
21478804,       10, 27223353,    62997,    64749,    15841
21478804,       11, 27617886,    63033,    64787,    16356
21478804,       12, 26739173,    63070,    64827,    16889
21478804,       13, 27847824,    63107,    64867,    17416
21478804,       14, 27935009,    63144,    64906,    17946
21479371,       10, 27226814,    63189,    65647,    15841
21479371,       11, 27615367,    63191,    65652,    16356
21479371,       12, 26757102,    63194,    65657,    16889
21479371,       13, 27860536,    63197,    65662,    17416
21479616,       10, 27225010,    63265,    66133,    15841
21479616,       11, 27609094,    63288,    66166,    16356
21479616,       12, 26754926,    63313,    66201,    16889
21479616,       13, 27863573,    63338,    66236,    17416
21479616,       14, 27938246,    63362,    66270,    17946
21481124,       10, 27226131,    63109,    65098,    15841
21481124,       11, 27618755,    63123,    65113,    16356
21481124,       12, 26751777,    63136,    65128,    16889
21481124,       13, 27845381,    63150,    65143,    17416
21481124,       14, 27934594,    63164,    65159,    17946
21481200,       11, 27612179,    63804,    65565,    16356
21481200,       12, 26757356,    63865,    65631,    16889
21481200,       13, 27866205,    63924,    65696,    17416
21481941,       10, 27220457,    63388,    65410,    15841
21481941,       11, 27611912,    63443,    65420,    16356
21481941,       12, 26757430,    63500,    65431,    16889
21481941,       13, 27864663,    63555,    65442,    17416
21481941,       14, 27940749,    63612,    65452,    17946
21485851,       12, 26764014,    65468,    65789,    16889
21486165,       10, 26477706,    65772,    64443,    15841
21486165,       11, 27623987,    65776,    64448,    16356
21486165,       12, 25987867,    65781,    64453,    16889
21486165,       13, 27096578,    65785,    64457,    17416
21486165,       14, 27128198,    65789,    64463,    17946
21487779,       10, 27233278,    64160,    66209,    15841
21487779,       11, 27628710,    64170,    66249,    16356
21487779,       12, 26746110,    64180,    66291,    16889
21487779,       13, 27863722,    64191,    66332,    17416
21487779,       14, 27928184,    64201,    66372,    17946
21489837,       10, 27235136,    64204,    66066,    15841
21489837,       11, 27628760,    64213,    66080,    16356
21489837,       12, 26749869,    64224,    66094,    16889
21489837,       13, 27862051,    64234,    66109,    17416
21489837,       14, 27932520,    64243,    66123,    17946
21490154,       10, 27228181,    65185,    66347,    15841
21490154,       11, 28400137,    65230,    66382,    16356
21490154,       12, 26765943,    65278,    66417,    16889
21490154,       13, 27875054,    65323,    66453,    17416
21490154,       14, 27950519,    65371,    66488,    17946
21490168,       10, 27228109,    64893,    66413,    15841
21490168,       11, 28400097,    64918,    66447,    16356
21490168,       12, 26750916,    64943,    66482,    16889
21490168,       13, 27859427,    64968,    66517,    17416
21490168,       14, 27933487,    64994,    66552,    17946
21491123,       10, 27234427,    64452,    64740,    15841
21491123,       11, 27626479,    64457,    64746,    16356
21491123,       12, 26749267,    64462,    64753,    16889
21491123,       13, 27857755,    64466,    64759,    17416
21491123,       14, 27931902,    64471,    64766,    17946
21496239,       10, 27240192,    67117,    66091,    15841
21496239,       11, 27632530,    67166,    66122,    16356
21496239,       12, 26776363,    67217,    66154,    16889
21496239,       13, 27885543,    67267,    66185,    17416
21496239,       14, 27963481,    67317,    66216,    17946
21497620,       10, 27244013,    66842,    65914,    15841
21497620,       11, 27632513,    66886,    65947,    16356
21497620,       12, 26764899,    66931,    65982,    16889
21497620,       13, 27874313,    66976,    66015,    17416
21497620,       14, 27949455,    67020,    66048,    17946
21498986,       10, 27247501,    66201,    66344,    15841
21498986,       11, 28421349,    66232,    66376,    16356
21498986,       12, 26758485,    66263,    66409,    16889
21498986,       13, 27867588,    66294,    66441,    17416
21498986,       14, 27942087,    66325,    66474,    17946
21499248,       10, 27258865,    68134,    66279,    15841
21499248,       11, 27643934,    68176,    66317,    16356
21499248,       12, 26778487,    68219,    66356,    16889
21499248,       13, 27879113,    68263,    66396,    17416
21499248,       14, 27963942,    68306,    66436,    17946
21500620,       10, 27245286,    67631,    64778,    15841
21500620,       11, 27641951,    67631,    64784,    16356
21500620,       12, 26773787,    67631,    64791,    16889
21500620,       13, 27882698,    67632,    64797,    17416
21500620,       14, 27958891,    67632,    64803,    17946
21501024,       10, 27250470,    67575,    65602,    15841
21501024,       11, 27639164,    67588,    65644,    16356
21501024,       12, 26772976,    67601,    65686,    16889
21501024,       13, 27881986,    67613,    65728,    17416
21501024,       14, 27957538,    67627,    65769,    17946
21502264,       10, 27251970,    68737,    66267,    15841
21502264,       11, 27644009,    68740,    66276,    16356
21502264,       12, 26777188,    68745,    66286,    16889
21502264,       13, 27887722,    68749,    66295,    17416
21502264,       14, 27964458,    68753,    66304,    17946
21502705,       10, 27255728,    68764,    66044,    15841
21502802,       11, 27644123,    68787,    66147,    16356
21502802,       12, 26777261,    68787,    66169,    16889
21502802,       13, 27886269,    68787,    66191,    17416
21502802,       14, 27962250,    68787,    66212,    17946
21503617,       10, 27254294,    69052,    65504,    15841
21503617,       11, 27650966,    69065,    65557,    16356
21503617,       12, 26794082,    69078,    65612,    16889
21503617,       13, 27890310,    69091,    65667,    17416
21503617,       14, 27967319,    69104,    65721,    17946
21503739,       10, 27254838,    68988,    64843,    15841
21503739,       11, 27653683,    68989,    64848,    16356
21503739,       13, 27884539,    68990,    64858,    17416
21503739,       14, 27961075,    68991,    64863,    17946
21504628,       10, 27254256,    68275,    65548,    15841
21504628,       11, 27648362,    68278,    65571,    16356
21504628,       12, 26781478,    68281,    65595,    16889
21504628,       13, 27882022,    68283,    65619,    17416
21504628,       14, 27967011,    68285,    65640,    17946
21507070,       10, 27256908,    69864,    64775,    15841
21507070,       11, 27657963,    69916,    64803,    16356
21507070,       12, 26789390,    69970,    64833,    16889
21507070,       13, 27898119,    70022,    64862,    17416
21507070,       14, 27975472,    70075,    64891,    17946
21507559,       10, 27254234,    68295,    65542,    15841
21507559,       11, 27648396,    68334,    65549,    16356
21507559,       12, 26781487,    68373,    65556,    16889
21507559,       13, 27890249,    68412,    65562,    17416
21507559,       14, 27966961,    68451,    65567,    17946
21508189,       10, 27258311,    69454,    65713,    15841
21508189,       11, 27650579,    69488,    65714,    16356
21508189,       13, 27895133,    69558,    65717,    17416
21514214,       10, 27275994,    72175,    65088,    15841
21514214,       11, 27669829,    72216,    65129,    16356
21514214,       12, 26803695,    72257,    65170,    16889
21514214,       13, 27912881,    72297,    65212,    17416
21514214,       14, 27990865,    72338,    65253,    17946
21514234,       10, 27278247,    72078,    64815,    15841
21514234,       11, 27668337,    72117,    64822,    16356
21514234,       12, 26800543,    72159,    64830,    16889
