       0,    28835, 11100132
       0,    39561, 11100157
       0,    57776, 11102386
       0,    67853, 11100208
       0,    81308, 11100235
       0,   164910, 11100386
       0,   223745, 11100499
       0,   241663, 11100532
       0,   244611, 11100541
       0,   291071, 11100624
       0,   316711, 11100685
       0,   334863, 11100500
       0,   394456, 11100820
       0,   412452, 11100303
       0,   427410, 11100876
       0,   450523, 11100921
       0,   463257, 11100937
       0,   468028, 11103651
       0,   474589, 11100960
       0,   549663, 11101094
       0,   556472, 11101109
       0,   566276, 11102326
       0,   585407, 11100035
       0,   594162, 11101178
       0,   603706, 11101193
       0,   616978, 11101224
       0,   619586, 11101233
       0,   640228, 11103679
       0,   652434, 11103217
       0,   698269, 11101366
       0,   705283, 11102138
       0,   736280, 11102793
       0,   746313, 11101445
       0,   765270, 11101903
       0,   766626, 11102103
       0,   778985, 11101505
       0,   785546, 11102806
       0,   796957, 11101547
       0,   797778, 11101553
       0,   801722, 11101559
       0,   804285, 11101570
       0,   806761, 11101573
       0,   807891, 11101580
       0,   808579, 11100537
       0,   808579, 11102438
       0,   816876, 11103415
       0,   818953, 11102231
       0,   827690, 11100075
       0,   828152, 11101618
       0,   828424, 11101624
       0,   847919, 11101659
       0,   865698, 11101701
       0,   901535, 11101761
       0,   932998, 11101833
       0,   941133, 11101846
       0,   956823, 11103336
       0,   969761, 11102129
       0,   986730, 11101940
       0,   990285, 11102998
       0,   995855, 11102248
       0,  1045268, 11100002
       0,  1076542, 11103155
       0,  1183266, 11103219
       0,  1218806, 11102451
       0,  1221244, 11102385
       0,  1257732, 11100069
       0,  1277854, 11102480
       0,  1305509, 11101827
       0,  1351023, 11101960
       0,  1362797, 11102642
       0,  1370867, 11102657
       0,  1372666, 11102658
       0,  1380432, 11102668
       0,  1389739, 11102682
       0,  1409959, 11102720
       0,   125969, 11102868
       0,   858031, 11100862
       0,   867750, 11102303
       0,   102802, 11102978
       0,   225174, 11100100
       0,   127605, 11101325
       0,  1416167, 11102730
       0,   130927, 11102173
       0,    96892, 11102925
       0,  1325752, 11102429
       0,  1232765, 11101945
       0,   678624, 11103626
       0,   868667, 11101703
       0,  1074733, 11101427
       0,   771638, 11102666
       0,  1256444, 11103467
       0,  1351177, 11102619
       0,  1048350, 11103227
       0,   344095, 11100704
       0,   956261, 11101673
       0,   834053, 11101634
       0,   883567, 11101167
       0,   994750, 11101959
       0,  1183529, 11101509
       0,      915, 11103617
       0,     1875, 11100082
       0,     4562, 11100084
       0,     4685, 11100085
       0,     6843, 11100087
       0,     7765, 11101118
       0,     7921, 11100090
       0,     9021, 11100092
       0,     9175, 11100094
       0,     9182, 11100096
       0,     9529, 11100798
       0,    11601, 11100097
       0,    13089, 11100105
       0,    13143, 11102186
       0,    14261, 11100107
       0,    14569, 11102920
       0,    14814, 11102240
       0,    16544, 11100115
       0,    16609, 11100153
       0,    18364, 11102858
       0,    18441, 11100503
       0,    21489, 11103542
       0,    22952, 11100119
       0,    23223, 11103560
       0,    24817, 11100122
       0,    25487, 11100963
       0,    25579, 11100123
       0,    26016, 11100126
       0,    26665, 11100127
       0,    27383, 11100128
       0,    28035, 11100129
       0,    28430, 11100130
       0,    28655, 11100131
       0,    29737, 11103134
       0,    29780, 11100843
       0,    29952, 11100134
       0,    29964, 11100135
       0,    30172, 11100136
       0,    32236, 11100144
       0,    34114, 11100142
       0,    34340, 11101027
       0,    35833, 11103006
       0,    36453, 11102867
       0,    37690, 11103502
       0,    37934, 11100599
       0,    38721, 11103465
       0,    39021, 11100155
       0,    39631, 11100161
       0,    42230, 11102299
       0,    43107, 11100165
       0,    43574, 11100166
       0,    44287, 11103423
       0,    44574, 11100314
       0,    44910, 11101419
       0,    45096, 11102755
       0,    46087, 11100173
       0,    46234, 11103716
       0,    47668, 11100302
       0,    56648, 11100187
       0,    59742, 11102266
       0,    60345, 11100195
       0,    60605, 11100201
       0,    61440, 11103234
       0,    62477, 11100198
       0,    64889, 11101357
       0,    65238, 11100204
       0,    65607, 11100945
       0,    67420, 11103378
       0,    68200, 11100210
       0,    71318, 11101288
       0,    72081, 11100702
       0,    73308, 11100215
       0,    74714, 11100219
       0,    74975, 11102919
       0,    76649, 11100168
       0,    77713, 11103168
       0,    79965, 11101603
       0,    79982, 11100230
       0,    80030, 11100231
       0,    80837, 11102888
       0,    81120, 11103275
       0,    82757, 11102159
       0,    83792, 11101150
       0,    84185, 11102213
       0,    90809, 11103462
       0,    92236, 11100257
       0,    94041, 11101435
       0,    94056, 11100261
       0,    95493, 11102476
       0,    96735, 11100262
       0,    98561, 11100267
       0,   100155, 11100269
       0,   100176, 11100271
       0,   100773, 11100270
       0,   102902, 11100272
       0,   103272, 11103322
       0,   103279, 11101892
       0,   104242, 11100274
       0,   105109, 11103692
       0,   106516, 11100280
       0,   114092, 11103680
       0,   114910, 11103358
       0,   114913, 11100286
       0,   114919, 11102709
       0,   116291, 11100289
       0,   116841, 11100292
       0,   117002, 11102157
       0,   117876, 11100291
       0,   117940, 11103329
       0,   118251, 11100296
       0,   118335, 11100297
       0,   118371, 11100299
       0,   118930, 11103380
       0,   119572, 11103478
       0,   120163, 11100304
       0,   120479, 11103212
       0,   120733, 11100306
       0,   123601, 11100311
       0,   125970, 11100310
       0,   125976, 11100005
       0,   125987, 11102589
       0,   127416, 11100316
       0,   127873, 11100319
       0,   128031, 11100320
       0,   129550, 11100322
       0,   129854, 11102168
       0,   131028, 11100325
       0,   131500, 11102876
       0,   132400, 11100327
       0,   134368, 11100331
       0,   136688, 11101552
       0,   137918, 11101262
       0,   139834, 11100344
       0,   141460, 11100343
       0,   144312, 11100008
       0,   144908, 11101817
       0,   145224, 11102788
       0,   146497, 11103656
       0,   147170, 11100769
       0,   154412, 11103097
       0,   154453, 11103244
       0,   154526, 11102282
       0,   154805, 11100363
       0,   157449, 11103664
       0,   158613, 11103488
       0,   161156, 11102992
       0,   163238, 11100380
       0,   164030, 11100384
       0,   165048, 11102840
       0,   167058, 11103574
       0,   168629, 11101762
       0,   169041, 11100393
       0,   169893, 11103545
       0,   170275, 11100396
       0,   171328, 11102990
       0,   171674, 11102174
       0,   172447, 11102123
       0,   173059, 11103241
       0,   175409, 11103516
       0,   176189, 11100407
       0,   177421, 11100410
       0,   177458, 11102948
       0,   178049, 11100408
       0,   178340, 11100412
       0,   178591, 11100098
       0,   182041, 11100411
       0,   182558, 11100418
       0,   183673, 11102940
       0,   184398, 11100420
       0,   185161, 11100421
       0,   187149, 11102029
       0,   188778, 11103410
       0,   189012, 11103441
       0,   190024, 11100753
       0,   190654, 11100431
       0,   191341, 11100434
       0,   191373, 11100435
       0,   199537, 11103610
       0,   199715, 11100447
       0,   200297, 11100974
       0,   201763, 11100455
       0,   202250, 11100453
       0,   202783, 11100457
       0,   205840, 11100001
       0,   207598, 11102453
       0,   208229, 11100465
       0,   210377, 11103252
       0,   211714, 11100470
       0,   213499, 11100381
       0,   214203, 11103691
       0,   214744, 11100478
       0,   218005, 11102904
       0,   218169, 11100534
       0,   219243, 11102233
       0,   219973, 11100487
       0,   220422, 11102810
       0,   221035, 11103009
       0,   221921, 11100041
       0,   221925, 11100477
       0,   223338, 11100496
       0,   223778, 11100498
       0,   225338, 11101930
       0,   226803, 11100504
       0,   226811, 11100671
       0,   227072, 11100508
       0,   227646, 11100511
       0,   227930, 11100512
       0,   227946, 11100513
       0,   229150, 11100514
       0,   230183, 11101423
       0,   233025, 11100515
       0,   233682, 11100784
       0,   236159, 11100526
       0,   239892, 11103205
       0,   240330, 11102651
       0,   240663, 11103779
       0,   241381, 11100426
       0,   241402, 11100398
       0,   243037, 11101808
       0,   244463, 11100143
       0,   245941, 11100544
       0,   246869, 11100543
       0,   246964, 11103787
       0,   248757, 11103577
       0,   248895, 11100546
       0,   249007, 11103261
       0,   249311, 11100549
       0,   249529, 11103088
       0,   250383, 11100552
       0,   252868, 11103589
       0,   252869, 11100553
       0,   252871, 11100733
       0,   253239, 11103370
       0,   256532, 11100557
       0,   258498, 11103707
       0,   259580, 11102765
       0,   264250, 11100562
       0,   264543, 11103056
       0,   266197, 11101247
       0,   266248, 11102465
       0,   267615, 11100576
       0,   270066, 11100577
       0,   270468, 11103605
       0,   271258, 11100584
       0,   271724, 11103024
       0,   272241, 11103633
       0,   273436, 11100015
       0,   273439, 11103003
       0,   274276, 11100588
       0,   274844, 11102457
       0,   275089, 11100355
       0,   277009, 11103535
       0,   277035, 11100596
       0,   277952, 11102206
       0,   279230, 11101927
       0,   281183, 11103180
       0,   281635, 11100602
       0,   282151, 11100603
       0,   282522, 11100605
       0,   283918, 11100607
       0,   284540, 11100608
       0,   286363, 11100609
       0,   286977, 11100611
       0,   289667, 11100617
       0,   290117, 11100619
       0,   290309, 11100623
       0,   293007, 11100626
       0,   293833, 11100627
       0,   295511, 11100634
       0,   296195, 11100633
       0,   297228, 11100016
       0,   298451, 11100636
       0,   299485, 11100637
       0,   299489, 11103352
       0,   299507, 11100639
       0,   299644, 11100640
       0,   300409, 11100641
       0,   301019, 11101680
       0,   302611, 11100643
       0,   303003, 11101433
       0,   303158, 11103526
       0,   303520, 11100650
       0,   304493, 11100647
       0,   304546, 11100403
       0,   304667, 11100652
       0,   305337, 11102854
       0,   305921, 11100656
       0,   306253, 11100655
       0,   306265, 11101824
       0,   308188, 11100663
       0,   308230, 11100664
       0,   308918, 11100377
       0,   311053, 11100079
       0,   312012, 11101049
       0,   312146, 11101748
       0,   313028, 11100669
       0,   313054, 11100861
       0,   313619, 11100677
       0,   314534, 11100678
       0,   314692, 11102594
       0,   315470, 11100681
       0,   316259, 11100684
       0,   316459, 11100682
       0,   317617, 11100687
       0,   325016, 11100615
       0,   326338, 11101033
       0,   327360, 11101521
       0,   328245, 11100698
       0,   328918, 11100705
       0,   329139, 11103229
       0,   334481, 11101134
       0,   334564, 11103257
       0,   334760, 11101620
       0,   336584, 11102322
       0,   338033, 11100712
       0,   339141, 11100718
       0,   339723, 11102368
       0,   340425, 11100719
       0,   340886, 11100720
       0,   341110, 11103109
       0,   341579, 11100722
       0,   343375, 11100724
       0,   343800, 11100742
       0,   344670, 11101655
       0,   344867, 11100737
       0,   346171, 11100735
       0,   347513, 11100743
       0,   347955, 11101191
       0,   348059, 11100744
       0,   351242, 11100427
       0,   352073, 11101228
       0,   352665, 11103228
       0,   354265, 11103280
       0,   355995, 11100460
       0,   356589, 11100761
       0,   356673, 11103271
       0,   357855, 11100017
       0,   358587, 11103013
       0,   359002, 11100482
       0,   360477, 11102389
       0,   362814, 11102268
       0,   371656, 11100778
       0,   372789, 11101507
       0,   373181, 11103059
       0,   375028, 11103321
       0,   375063, 11100238
       0,   375812, 11102498
       0,   376369, 11100788
       0,   376777, 11100081
       0,   377222, 11102758
       0,   378862, 11100797
       0,   379267, 11102649
       0,   379909, 11100690
       0,   380412, 11100688
       0,   381166, 11101551
       0,   381381, 11101744
       0,   381787, 11100894
       0,   382439, 11103668
       0,   383016, 11102499
       0,   385965, 11100801
       0,   386998, 11100807
       0,   387898, 11100254
       0,   389064, 11100810
       0,   389298, 11100813
       0,   390996, 11100814
       0,   392006, 11100815
       0,   393631, 11101319
       0,   393792, 11102896
       0,   394463, 11103802
       0,   394544, 11100822
       0,   396542, 11100826
       0,   401141, 11100827
       0,   401978, 11100832
       0,   402050, 11100834
       0,   402666, 11100790
       0,   403984, 11100752
       0,   404397, 11100835
       0,   404578, 11103659
       0,   404976, 11100838
       0,   405886, 11100836
       0,   408275, 11100842
       0,   410581, 11103810
       0,   410923, 11100844
       0,   410929, 11103660
       0,   410934, 11103025
       0,   411578, 11100845
       0,   413494, 11100919
       0,   413763, 11100852
       0,   414884, 11100853
       0,   416270, 11103074
       0,   416588, 11100024
       0,   420147, 11100857
       0,   421996, 11100863
       0,   422247, 11100865
       0,   422606, 11100867
       0,   423882, 11102935
       0,   425365, 11100870
       0,   426636, 11100847
       0,   428159, 11100877
       0,   429100, 11100878
       0,   429107, 11100879
       0,   429109, 11102348
       0,   429310, 11100882
       0,   429445, 11100881
       0,   429947, 11100000
       0,   432202, 11100883
       0,   432718, 11102792
       0,   433203, 11100382
       0,   434821, 11103551
       0,   434828, 11103108
       0,   437200, 11102780
       0,   437203, 11101990
       0,   437486, 11103616
       0,   437900, 11103277
       0,   438906, 11100899
       0,   440569, 11102460
       0,   440766, 11103191
       0,   441627, 11100252
       0,   443049, 11101062
       0,   443744, 11100901
       0,   444553, 11100903
       0,   445920, 11100167
       0,   446237, 11100022
       0,   446421, 11103748
       0,   447799, 11101284
       0,   447942, 11102699
       0,   447993, 11101365
       0,   449184, 11100911
       0,   449959, 11100918
       0,   450183, 11100922
       0,   451238, 11103807
       0,   455322, 11101100
       0,   455577, 11102823
       0,   455874, 11100927
       0,   458320, 11103011
       0,   458734, 11100929
       0,   459211, 11102528
       0,   462547, 11100933
       0,   462645, 11100935
       0,   463528, 11100940
       0,   464065, 11101894
       0,   465354, 11103715
       0,   466137, 11100088
       0,   466914, 11103101
       0,   466920, 11100941
       0,   468038, 11101152
       0,   469806, 11100028
       0,   472614, 11100949
       0,   472757, 11100956
       0,   473087, 11100957
       0,   473256, 11102075
       0,   473863, 11100959
       0,   473990, 11103704
       0,   474845, 11103015
       0,   477203, 11102825
       0,   479746, 11101809
       0,   482283, 11103416
       0,   484156, 11100967
       0,   484287, 11100970
       0,   485576, 11100972
       0,   487058, 11100971
       0,   489006, 11103588
       0,   489564, 11100978
       0,   492155, 11100980
       0,   492243, 11100630
       0,   494341, 11100981
       0,   496610, 11100218
       0,   497003, 11102099
       0,   498841, 11100990
       0,   499264, 11100995
       0,   499408, 11102900
       0,   500883, 11100997
       0,   504981, 11101009
       0,   507039, 11101011
       0,   509073, 11102762
       0,   509803, 11100032
       0,   511702, 11103509
       0,   515400, 11103281
       0,   517371, 11103398
       0,   519046, 11101398
       0,   519059, 11101021
       0,   519255, 11103709
       0,   521236, 11101170
       0,   521423, 11102379
       0,   521998, 11101026
       0,   522125, 11102136
       0,   522188, 11100110
       0,   522607, 11103644
       0,   522808, 11101038
       0,   523788, 11101039
       0,   523826, 11101086
       0,   525873, 11101041
       0,   526825, 11101046
       0,   533574, 11101876
       0,   533727, 11100520
       0,   533782, 11103430
       0,   533854, 11103375
       0,   534015, 11101051
       0,   534389, 11103295
       0,   535314, 11101053
       0,   535385, 11101057
       0,   537231, 11101060
       0,   537986, 11101064
       0,   539047, 11103231
       0,   539265, 11100033
       0,   540795, 11101067
       0,   541948, 11101071
       0,   541957, 11101068
       0,   543459, 11101075
       0,   544677, 11101902
       0,   547127, 11101084
       0,   547220, 11101087
       0,   547708, 11101275
       0,   549184, 11101088
       0,   549551, 11101091
       0,   549566, 11103785
       0,   549632, 11101095
       0,   549843, 11100872
       0,   552695, 11101096
       0,   554523, 11101102
       0,   555730, 11100265
       0,   555762, 11103643
       0,   556371, 11103727
       0,   557501, 11102967
       0,   563400, 11103425
       0,   564782, 11101117
       0,   569706, 11101142
       0,   570507, 11102875
       0,   572874, 11101131
       0,   576014, 11102641
       0,   576656, 11101128
       0,   578020, 11101139
       0,   578024, 11102579
       0,   578358, 11103247
       0,   578826, 11103688
       0,   580291, 11100716
       0,   580335, 11100034
       0,   580376, 11101548
       0,   580786, 11101146
       0,   580794, 11102357
       0,   580828, 11100341
       0,   582582, 11101238
       0,   583789, 11103655
       0,   585275, 11103216
       0,   585647, 11101156
       0,   586033, 11100036
       0,   586108, 11101158
       0,   587459, 11102879
       0,   589174, 11101160
       0,   589771, 11101163
       0,   590252, 11101162
       0,   592637, 11102833
       0,   592920, 11102520
       0,   592928, 11101174
       0,   593679, 11103389
       0,   593922, 11101179
       0,   597095, 11101184
       0,   597330, 11101181
       0,   599619, 11101186
       0,   602310, 11101188
       0,   603852, 11100356
       0,   605039, 11101196
       0,   605285, 11101200
       0,   606822, 11100332
       0,   607413, 11101206
       0,   610025, 11101207
       0,   610214, 11101209
       0,   610409, 11101211
       0,   611149, 11101212
       0,   611151, 11103194
       0,   612141, 11103746
       0,   612357, 11101218
       0,   613310, 11100440
       0,   613806, 11101221
       0,   613998, 11103334
       0,   616663, 11101222
       0,   616889, 11100116
       0,   618036, 11101230
       0,   618296, 11103675
       0,   618635, 11101232
       0,   620309, 11101235
       0,   622585, 11101237
       0,   623032, 11101240
       0,   623865, 11100792
       0,   624250, 11101244
       0,   624698, 11102271
       0,   625398, 11101242
       0,   625813, 11100037
       0,   626162, 11102884
       0,   626704, 11100806
       0,   632337, 11100923
       0,   633488, 11101246
       0,   635492, 11100527
       0,   635694, 11101264
       0,   636525, 11101258
       0,   637556, 11102981
       0,   637992, 11103043
       0,   638260, 11100026
       0,   639459, 11103627
       0,   639624, 11103223
       0,   639924, 11101273
       0,   642501, 11101277
       0,   643822, 11101280
       0,   644394, 11101966
       0,   645971, 11100696
       0,   646964, 11101281
       0,   650827, 11101290
       0,   658675, 11102878
       0,   660466, 11101300
       0,   660500, 11101315
       0,   660874, 11101301
       0,   663063, 11101302
       0,   663634, 11101303
       0,   664385, 11101305
       0,   664431, 11100612
       0,   664761, 11101309
       0,   665891, 11101308
       0,   667863, 11101310
       0,   667944, 11100892
       0,   668072, 11103174
       0,   669602, 11101316
       0,   669741, 11101715
       0,   669865, 11102982
       0,   672104, 11100039
       0,   674243, 11102856
       0,   676185, 11103300
       0,   676189, 11101323
       0,   677035, 11102960
       0,   677646, 11100606
       0,   678113, 11101904
       0,   679562, 11103642
       0,   679593, 11101327
       0,   683856, 11101335
       0,   684243, 11101338
       0,   684445, 11101220
       0,   684552, 11101341
       0,   685481, 11103309
       0,   685483, 11101345
       0,   690081, 11102553
       0,   690624, 11100554
       0,   690644, 11101351
       0,   690881, 11100023
       0,   692568, 11103278
       0,   692823, 11101352
       0,   692945, 11101354
       0,   693995, 11102819
       0,   694087, 11101022
       0,   695799, 11101358
       0,   696626, 11103576
       0,   696917, 11101362
       0,   698723, 11101367
       0,   699130, 11101368
       0,   699316, 11101369
       0,   699411, 11101370
       0,   699964, 11101371
       0,   702564, 11101375
       0,   703184, 11101377
       0,   703416, 11101380
       0,   703949, 11103646
       0,   704835, 11103544
       0,   705171, 11101378
       0,   706016, 11101382
       0,   706693, 11101381
       0,   706908, 11101385
       0,   706968, 11101977
       0,   707278, 11101384
       0,   709028, 11101386
       0,   711546, 11101388
       0,   713483, 11101391
       0,   714496, 11101395
       0,   714907, 11103356
       0,   714950, 11102060
       0,   718294, 11103492
       0,   719596, 11101468
       0,   719696, 11101400
       0,   720080, 11101402
       0,   720177, 11100389
       0,   721306, 11101413
       0,   721524, 11101409
       0,   722166, 11101411
       0,   722627, 11103051
       0,   722773, 11102634
       0,   723640, 11100467
       0,   724749, 11101416
       0,   724877, 11101417
       0,   725980, 11101418
       0,   727099, 11100323
       0,   727736, 11101424
       0,   730569, 11103458
       0,   732665, 11101431
       0,   733157, 11102016
       0,   738975, 11102713
       0,   738989, 11103060
       0,   740194, 11101985
       0,   740688, 11101434
       0,   741368, 11101436
       0,   742313, 11101438
       0,   743186, 11100777
       0,   743656, 11101503
       0,   743892, 11101269
       0,   744423, 11103503
       0,   745886, 11100772
       0,   748106, 11101282
       0,   748117, 11101447
       0,   750102, 11101458
       0,   752880, 11102425
       0,   753349, 11101459
       0,   753394, 11101462
       0,   754021, 11101463
       0,   755311, 11103743
       0,   756117, 11103702
       0,   756475, 11101562
       0,   757594, 11103784
       0,   760316, 11101474
       0,   762791, 11101476
       0,   764135, 11101479
       0,   764140, 11101480
       0,   765650, 11102927
       0,   765805, 11101482
       0,   767200, 11103325
       0,   768000, 11103048
       0,   768819, 11101483
       0,   769748, 11101484
       0,   770401, 11101485
       0,   770966, 11102362
       0,   774285, 11101496
       0,   775886, 11102040
       0,   776035, 11102985
       0,   776455, 11101789
       0,   777044, 11103682
       0,   779274, 11102052
       0,   779403, 11101510
       0,   780515, 11103076
       0,   782838, 11101513
       0,   783154, 11101514
       0,   783261, 11101153
       0,   784805, 11101520
       0,   785515, 11101522
       0,   785629, 11103456
       0,   785886, 11102437
       0,   786608, 11103707
       0,   787812, 11101523
       0,   790231, 11101529
       0,   790793, 11101530
       0,   793709, 11101154
       0,   794569, 11101992
       0,   794596, 11101540
       0,   794626, 11101543
       0,   796161, 11101544
       0,   797146, 11102053
       0,   797273, 11101549
       0,   797545, 11101971
       0,   797930, 11100429
       0,   798647, 11103003
       0,   799716, 11101555
       0,   800383, 11101556
       0,   800829, 11101563
       0,   800954, 11102469
       0,   801076, 11102962
       0,   801740, 11103035
       0,   805866, 11101572
       0,   810210, 11103716
       0,   811817, 11101584
       0,   812916, 11101587
       0,   813501, 11101588
       0,   813541, 11101590
       0,   815606, 11101592
       0,   818055, 11101596
       0,   819889, 11102519
       0,   820021, 11101601
       0,   820449, 11101606
       0,   820974, 11101764
       0,   822245, 11101605
       0,   827044, 11101608
       0,   827523, 11102505
       0,   829484, 11101623
       0,   829890, 11101622
       0,   830160, 11101626
       0,   831988, 11100321
       0,   832190, 11101630
       0,   832272, 11102086
       0,   834134, 11102602
       0,   834858, 11101637
       0,   837179, 11100381
       0,   838790, 11103302
       0,   839033, 11101647
       0,   840490, 11101646
       0,   840862, 11101648
       0,   844935, 11100199
       0,   846487, 11102961
       0,   847883, 11101107
       0,   848156, 11101660
       0,   848315, 11101205
       0,   848773, 11101661
       0,   850601, 11101665
       0,   852438, 11101935
       0,   852625, 11101666
       0,   853298, 11101672
       0,   853955, 11101249
       0,   854381, 11101678
       0,   854579, 11101679
       0,   856175, 11101681
       0,   856554, 11100203
       0,   857845, 11101684
       0,   858270, 11101387
       0,   858401, 11101687
       0,   858530, 11101688
       0,   859878, 11101693
       0,   860465, 11103718
       0,   861440, 11101700
       0,   861543, 11101696
       0,   862519, 11102987
       0,   864518, 11101702
       0,   870128, 11103264
       0,   871470, 11101708
       0,   872132, 11101710
       0,   872430, 11101712
       0,   876601, 11101718
       0,   876655, 11101720
       0,   877801, 11100027
       0,   880438, 11101253
       0,   880621, 11102729
       0,   882672, 11103481
       0,   889770, 11101736
       0,   890540, 11101734
       0,   891327, 11101738
       0,   891647, 11101292
       0,   892231, 11101740
       0,   892299, 11100800
       0,   892879, 11101749
       0,   892883, 11101750
       0,   894289, 11103638
       0,   896087, 11102249
       0,   896652, 11102870
       0,   899178, 11101756
       0,   899527, 11101758
       0,   900166, 11103803
       0,   900173, 11103007
       0,   902770, 11101763
       0,   904027, 11101766
       0,   904167, 11102672
       0,   904956, 11101770
       0,   906180, 11101771
       0,   906334, 11102769
       0,   906338, 11101776
       0,   909206, 11103387
       0,   909374, 11101781
       0,   910783, 11102648
       0,   910895, 11101787
       0,   911515, 11101785
       0,   911907, 11101782
       0,   912131, 11102696
       0,   912133, 11101788
       0,   912315, 11101793
       0,   913496, 11103372
       0,   915810, 11102009
       0,   915811, 11101796
       0,   915864, 11101769
       0,   916790, 11101379
       0,   919167, 11101799
       0,   919409, 11101803
       0,   919649, 11102716
       0,   919888, 11101805
       0,   919891, 11102808
       0,   920562, 11100446
       0,   920867, 11103479
       0,   921109, 11100214
       0,   921504, 11102066
       0,   922187, 11101812
       0,   922890, 11103419
       0,   923496, 11101815
       0,   924114, 11103511
       0,   926284, 11101819
       0,   927034, 11101534
       0,   927333, 11102909
       0,   928320, 11100885
       0,   928357, 11103694
       0,   928399, 11101822
       0,   928796, 11103686
       0,   930629, 11101828
       0,   930923, 11101831
       0,   931153, 11101830
       0,   932087, 11101832
       0,   933180, 11101835
       0,   934163, 11100309
       0,   935542, 11101836
       0,   937017, 11101843
       0,   942677, 11103666
       0,   943421, 11101852
       0,   943902, 11101741
       0,   943953, 11100556
       0,   944687, 11102975
       0,   944698, 11101854
       0,   946144, 11101856
       0,   946406, 11102042
       0,   946906, 11103235
       0,   947141, 11101862
       0,   947200, 11101865
       0,   947560, 11101866
       0,   947761, 11100590
       0,   948048, 11101867
       0,   948442, 11103427
       0,   948473, 11101868
       0,   948822, 11102835
       0,   949765, 11102302
       0,   959485, 11101884
       0,   960050, 11103316
       0,   960440, 11100372
       0,   960445, 11103592
       0,   962635, 11101755
       0,   963915, 11100049
       0,   964874, 11100021
       0,   966336, 11103714
       0,   966587, 11100020
       0,   966831, 11101069
       0,   967594, 11101898
       0,   967610, 11103105
       0,   969088, 11101504
       0,   970287, 11102822
       0,   971457, 11103183
       0,   973409, 11100670
       0,   975527, 11101914
       0,   975742, 11101916
       0,   977116, 11101917
       0,   978845, 11101920
       0,   979369, 11101921
       0,   981427, 11101923
       0,   982715, 11101717
       0,   984067, 11103081
       0,   985440, 11101931
       0,   986259, 11101936
       0,   987607, 11101941
       0,   988979, 11101721
       0,   989194, 11103360
       0,   989434, 11100824
       0,   990752, 11103259
       0,   990895, 11101141
       0,   992596, 11101951
       0,   993313, 11101037
       0,   993511, 11103073
       0,   994574, 11101957
       0,   994752, 11101528
       0,   994765, 11103208
       0,   995477, 11101065
       0,   995484, 11103050
       0,   995522, 11102786
       0,   995541, 11102970
       0,   996159, 11103192
       0,   996874, 11101968
       0,   999097, 11101969
       0,  1000274, 11101974
       0,  1000356, 11101979
       0,  1001218, 11103330
       0,  1003573, 11103739
       0,  1004158, 11103570
       0,  1004191, 11101984
       0,  1005309, 11103380
       0,  1006229, 11101472
       0,  1007894, 11101044
       0,  1007954, 11102767
       0,  1008339, 11103312
       0,  1008812, 11102801
       0,  1008813, 11101198
       0,  1009300, 11102088
       0,  1009972, 11101993
       0,  1011978, 11101994
       0,  1013000, 11101997
       0,  1013976, 11102001
       0,  1014397, 11101490
       0,  1015184, 11102002
       0,  1016952, 11102763
       0,  1017905, 11102004
       0,  1020261, 11103825
       0,  1021048, 11102772
       0,  1024328, 11102012
       0,  1027597, 11102019
       0,  1028251, 11103735
       0,  1029863, 11103721
       0,  1029948, 11100672
       0,  1030653, 11102839
       0,  1031031, 11103160
       0,  1031558, 11103491
       0,  1031626, 11102024
       0,  1032917, 11101577
       0,  1034127, 11100895
       0,  1037532, 11101285
       0,  1039027, 11103400
       0,  1039291, 11102034
       0,  1040358, 11101013
       0,  1042312, 11102041
       0,  1042623, 11101311
       0,  1042847, 11102043
       0,  1047239, 11102046
       0,  1047471, 11103639
       0,  1048314, 11101627
       0,  1048687, 11102058
       0,  1048875, 11103170
       0,  1050833, 11102054
       0,  1051111, 11102057
       0,  1051945, 11101349
       0,  1054273, 11101909
       0,  1056313, 11102035
       0,  1056524, 11102069
       0,  1056527, 11100388
       0,  1057532, 11100054
       0,  1057832, 11102072
       0,  1060717, 11102373
       0,  1063198, 11103147
       0,  1063495, 11102828
       0,  1063739, 11102078
       0,  1064228, 11102083
       0,  1066360, 11101465
       0,  1067517, 11101954
       0,  1069497, 11102144
       0,  1073166, 11102092
       0,  1073651, 11102095
       0,  1073931, 11103422
       0,  1075129, 11100055
       0,  1078039, 11102113
       0,  1079747, 11102114
       0,  1081806, 11100547
       0,  1082928, 11102121
       0,  1083350, 11103579
       0,  1085356, 11102124
       0,  1086220, 11103596
       0,  1088417, 11102128
       0,  1089457, 11102860
       0,  1091444, 11102132
       0,  1092512, 11102133
       0,  1094279, 11100854
       0,  1094820, 11103382
       0,  1097494, 11102143
       0,  1101342, 11102678
       0,  1102126, 11102146
       0,  1102311, 11102152
       0,  1104601, 11101538
       0,  1106026, 11102161
       0,  1106627, 11102164
       0,  1106955, 11102167
       0,  1108704, 11100367
       0,  1108754, 11102169
       0,  1110048, 11103070
       0,  1111375, 11103064
       0,  1111647, 11103266
       0,  1113029, 11102175
       0,  1115131, 11102179
       0,  1116635, 11100869
       0,  1116875, 11103368
       0,  1116879, 11101589
       0,  1117143, 11102713
       0,  1119065, 11102182
       0,  1119129, 11103282
       0,  1120090, 11102193
       0,  1120303, 11102191
       0,  1120421, 11102195
       0,  1120612, 11102197
       0,  1120615, 11102198
       0,  1122326, 11102200
       0,  1122714, 11103169
       0,  1122792, 11102202
       0,  1124424, 11100542
       0,  1126917, 11102669
       0,  1129528, 11103515
       0,  1131025, 11102212
       0,  1131074, 11102215
       0,  1132956, 11102217
       0,  1133776, 11102219
       0,  1134226, 11102222
       0,  1134924, 11102773
       0,  1136720, 11102225
       0,  1136852, 11102226
       0,  1136981, 11102229
       0,  1139204, 11101550
       0,  1140276, 11103831
       0,  1140418, 11102232
       0,  1141803, 11100471
       0,  1142524, 11101217
       0,  1142576, 11103533
       0,  1147217, 11102235
       0,  1148930, 11103238
       0,  1149651, 11102243
       0,  1152998, 11103237
       0,  1153948, 11102252
       0,  1155712, 11102859
       0,  1156813, 11102253
       0,  1157285, 11102250
       0,  1158199, 11102513
       0,  1158396, 11102254
       0,  1159864, 11102257
       0,  1159976, 11103561
       0,  1160869, 11100910
       0,  1163060, 11102262
       0,  1163280, 11102265
       0,  1163573, 11103537
       0,  1165533, 11102269
       0,  1165763, 11102272
       0,  1166202, 11102273
       0,  1166722, 11103652
       0,  1168341, 11102950
       0,  1170498, 11103164
       0,  1171140, 11102279
       0,  1171679, 11102287
       0,  1172618, 11103005
       0,  1172887, 11102290
       0,  1175546, 11102291
       0,  1175891, 11102292
       0,  1176532, 11102296
       0,  1176612, 11101567
       0,  1176634, 11100484
       0,  1176946, 11101915
       0,  1177011, 11103347
       0,  1177714, 11102077
       0,  1178314, 11102300
       0,  1179629, 11101615
       0,  1179919, 11102308
       0,  1182742, 11102305
       0,  1184995, 11102313
       0,  1188797, 11102832
       0,  1189464, 11102393
       0,  1190681, 11102931
       0,  1192684, 11100405
       0,  1197457, 11102816
       0,  1197771, 11103343
       0,  1198966, 11102335
       0,  1198986, 11100078
       0,  1199396, 11103575
       0,  1200867, 11101779
       0,  1201636, 11102339
       0,  1202784, 11102341
       0,  1202876, 11102344
       0,  1203785, 11103499
       0,  1205427, 11103435
       0,  1205561, 11102352
       0,  1205748, 11102353
       0,  1206612, 11102359
       0,  1206717, 11100961
       0,  1207150, 11102888
       0,  1209469, 11103442
       0,  1211755, 11103615
       0,  1212352, 11103166
       0,  1213662, 11102980
       0,  1215132, 11102376
       0,  1216695, 11101560
       0,  1217491, 11100748
       0,  1217524, 11101774
       0,  1221120, 11102464
       0,  1222088, 11103287
       0,  1223351, 11102391
       0,  1224171, 11102963
       0,  1226008, 11100216
       0,  1226358, 11102395
       0,  1227843, 11100809
       0,  1230498, 11102533
       0,  1235053, 11102402
       0,  1235340, 11102403
       0,  1235500, 11102406
       0,  1236127, 11102404
       0,  1238218, 11100851
       0,  1238642, 11102411
       0,  1238692, 11102412
       0,  1238951, 11102414
       0,  1240850, 11101487
       0,  1241181, 11102416
       0,  1241480, 11102419
       0,  1242329, 11103518
       0,  1243440, 11100352
       0,  1244969, 11102427
       0,  1245554, 11103632
       0,  1247940, 11102431
       0,  1248137, 11103512
       0,  1249261, 11103725
       0,  1250380, 11102800
       0,  1251165, 11100200
       0,  1252291, 11100290
       0,  1253302, 11103184
       0,  1254575, 11101097
       0,  1255934, 11102441
       0,  1256284, 11101760
       0,  1258235, 11102450
       0,  1258460, 11102014
       0,  1258480, 11100568
       0,  1259241, 11102941
       0,  1259244, 11102448
       0,  1261410, 11101329
       0,  1262602, 11100368
       0,  1266924, 11102456
       0,  1267093, 11102459
       0,  1267230, 11103493
       0,  1268609, 11100791
       0,  1269603, 11103000
       0,  1270797, 11102973
       0,  1271893, 11101996
       0,  1271898, 11102917
       0,  1272530, 11101579
       0,  1273579, 11100065
       0,  1275950, 11101516
       0,  1277831, 11103759
       0,  1278717, 11102481
       0,  1280120, 11103358
       0,  1282261, 11102256
       0,  1283745, 11102491
       0,  1285113, 11100841
       0,  1285119, 11100402
       0,  1285741, 11103552
       0,  1286969, 11102118
       0,  1288048, 11101961
       0,  1290023, 11102501
       0,  1290208, 11101956
       0,  1290968, 11102907
       0,  1291850, 11102503
       0,  1292095, 11102504
       0,  1294046, 11102413
       0,  1294103, 11102509
       0,  1296817, 11102105
       0,  1301485, 11102514
       0,  1301685, 11102782
       0,  1301853, 11102526
       0,  1301942, 11102516
       0,  1302812, 11102521
       0,  1303660, 11103341
       0,  1304966, 11103249
       0,  1306290, 11102522
       0,  1307088, 11103106
       0,  1307453, 11102994
       0,  1308279, 11102397
       0,  1308982, 11101173
       0,  1309118, 11100930
       0,  1309803, 11103328
       0,  1310742, 11102495
       0,  1313824, 11103797
       0,  1314585, 11102540
       0,  1314586, 11103374
       0,  1314884, 11103026
       0,  1317196, 11103572
       0,  1318916, 11102541
       0,  1319396, 11103408
       0,  1319649, 11102542
       0,  1319809, 11102548
       0,  1319925, 11102966
       0,  1320244, 11102554
       0,  1321244, 11102556
       0,  1321615, 11103414
       0,  1322165, 11102557
       0,  1325066, 11102331
       0,  1327782, 11102378
       0,  1328013, 11102561
       0,  1329587, 11102570
       0,  1332631, 11102572
       0,  1332889, 11102893
       0,  1335491, 11103092
       0,  1336088, 11102576
       0,  1338554, 11103404
       0,  1338881, 11102585
       0,  1339349, 11102592
       0,  1340961, 11102508
       0,  1343192, 11101500
       0,  1343239, 11102593
       0,  1345888, 11103450
       0,  1346831, 11102454
       0,  1347142, 11102601
       0,  1347152, 11102604
       0,  1347574, 11102607
       0,  1347903, 11102608
       0,  1348026, 11102609
       0,  1350920, 11102611
       0,  1351021, 11102617
       0,  1351442, 11103232
       0,  1351826, 11102621
       0,  1352296, 11102625
       0,  1353198, 11102626
       0,  1354378, 11102218
       0,  1355602, 11102629
       0,  1356568, 11100887
       0,  1357503, 11100196
       0,  1358764, 11102830
       0,  1359091, 11102827
       0,  1359180, 11102636
       0,  1361187, 11103508
       0,  1361866, 11103549
       0,  1362252, 11101816
       0,  1363006, 11102647
       0,  1364829, 11102646
       0,  1366001, 11102652
       0,  1367224, 11101035
       0,  1369521, 11102655
       0,  1370674, 11102653
       0,  1372829, 11102659
       0,  1376357, 11102661
       0,  1379218, 11103013
       0,  1379612, 11101183
       0,  1379770, 11102923
       0,  1380330, 11102664
       0,  1380433, 11102483
       0,  1380725, 11102673
       0,  1381693, 11102674
       0,  1383875, 11102082
       0,  1384085, 11103098
       0,  1384411, 11102675
       0,  1386783, 11102679
       0,  1387542, 11103600
       0,  1388233, 11103274
       0,  1389067, 11103377
       0,  1389365, 11102420
       0,  1389650, 11102681
       0,  1394003, 11100516
       0,  1395437, 11102688
       0,  1395470, 11100914
       0,  1395834, 11103023
       0,  1397680, 11102702
       0,  1398857, 11102423
       0,  1401439, 11102701
       0,  1401892, 11102704
       0,  1403651, 11102705
       0,  1406222, 11101404
       0,  1406414, 11102711
       0,  1407553, 11102714
       0,  1408207, 11102864
       0,  1408517, 11100074
       0,  1408542, 11103567
       0,  1408556, 11101980
       0,  1412484, 11102721
       0,  1414526, 11102723
       0,  1414853, 11102727
       0,  1416138, 11103676
       0,  1416281, 11100880
       0,  1416792, 11102731
       0,  1417225, 11103424
       0,  1417817, 11102380
       0,  1418298, 11102737
       0,  1418564, 11102738
       0,  1418841, 11102739
       0,  1419198, 11102740
       0,  1419206, 11102741
       0,  1419826, 11103014
       0,  1420250, 11102744
       0,  1423641, 11102748
       0,  1426025, 11102747
       0,  1426165, 11102799
       0,  1427617, 11102749
       0,  1427990, 11102751
       0,    85865, 11100004
       0,   527016, 11101600
       0,    83221, 11101728
       0,   620564, 11101322
       0,  1256699, 11101804
       0,   347232, 11100561
       0,   555897, 11103204
       0,   832063, 11100369
       0,   937630, 11103413
       0,  1050242, 11101050
       0,  1103807, 11100755
       0,  1107920, 11102798
       0,  1258359, 11100259
       0,   171347, 11102438
       0,   171347, 11100537
       0,   745353, 11103420
       0,   902171, 11101656
       0,   817290, 11103310
       0,  1351160, 11103036
       0,   310021, 11102581
       0,  1119785, 11100506
       0,  1279391, 11101598
       0,  1353334, 11100621
       0,  1405376, 11102896
       0,    45712, 11102922
       0,   356373, 11103540
       0,   600368, 11102848
       0,   962810, 11101759
       0,  1396231, 11102803
       0,  1420864, 11102689
       0,   360596, 11102693
       0,   653407, 11101719
       0,  1051454, 11102061
       0,  1331093, 11102485
       0,   608157, 11103590
       0,    59085, 11103099
       0,   212152, 11102458
       0,   981824, 11102837
       0,   310558, 11102449
       0,   593678, 11101429
       0,   609615, 11102829
       0,   732417, 11100658
       0,   287707, 11103736
       0,   817413, 11101055
       0,   568278, 11102685
       0,   719983, 11102855
       0,   839709, 11101125
       0,   963877, 11102295
       0,   998343, 11103470
       0,  1075448, 11102991
       0,  1241906, 11101947
       0,    75888, 11101252
       0,   821301, 11103552
       0,  1019881, 11101032
       0,   750279, 11103824
       0,  1361767, 11102076
       0,    74955, 11101938
       0,   152303, 11102913
       0,   397013, 11102861
       0,   417299, 11100734
       0,   566393, 11102080
       0,   612607, 11101048
       0,  1053319, 11103068
       0,  1206725, 11103245
       0,  1278961, 11100701
       0,  1329376, 11100924
       0,  1335582, 11102356
       0,   227626, 11100871
       0,   243559, 11100540
       0,   323010, 11103118
       0,   428694, 11102444
       0,   890822, 11103338
       0,   895294, 11100236
       0,  1074665, 11103662
       0,  1091461, 11103439
       0,   432428, 11103466
       0,  1324006, 11101612
       0,    12229, 11102488
       0,    27609, 11103279
       0,  1246119, 11100308
       0,    87950, 11101147
       0,   184701, 11101724
       0,   194180, 11101168
       0,   788694, 11100438
       0,   327676, 11100350
       0,   423318, 11103697
       0,   500619, 11103258
       0,   569645, 11103091
       0,   639649, 11102298
       0,   651054, 11102862
       0,   660113, 11103206
       0,   663999, 11100757
       0,  1020463, 11101873
       0,  1173114, 11102815
       0,   411302, 11103075
       0,  1243562, 11103683
       0,  1398983, 11103100
       0,    41387, 11100846
       0,    85735, 11100009
       0,   186121, 11102162
       0,   306820, 11102247
       0,   455827, 11100466
       0,  1348620, 11103775
       0,   748162, 11102680
       0,   544127, 11102670
       0,   903434, 11101765
       0,   929489, 11101435
       0,   984160, 11102106
       0,  1135274, 11100551
       0,   152935, 11100932
       0,  1274074, 11102771
       0,   500758, 11102584
       0,   587125, 11100458
       0,   677222, 11101001
       0,   713325, 11103345
       0,   815073, 11100781
       0,   843919, 11101276
       0,   924992, 11101326
       0,  1244464, 11100926
       0,  1265449, 11102921
       0,    54110, 11102490
       0,   224966, 11102165
       0,   236499, 11101612
       0,   994732, 11101215
       0,   569340, 11101126
       0,   598096, 11102624
       0,   851221, 11100333
       0,   931495, 11101685
       0,  1117803, 11103824
       0,  1208688, 11101564
       0,   172142, 11101753
       0,   345563, 11101040
       0,   408658, 11100580
       0,   592079, 11100003
       0,   649064, 11101667
       0,  1332774, 11101891
       0,   758543, 11101460
       0,   813578, 11100934
       0,    57005, 11102792
       0,   959984, 11100529
       0,  1259011, 11100817
       0,   483318, 11102750
       0,  1402031, 11102434
       0,  1419793, 11102851
       0,    53753, 11102954
       0,   170321, 11100241
       0,   307537, 11100089
       0,   454166, 11101706
       0,   514854, 11102555
       0,  1325588, 11101668
       0,   873966, 11100045
       0,   951676, 11101870
       0,   984087, 11103492
       0,   984633, 11101422
       0,   990006, 11102170
       0,  1132198, 11103176
       0,  1132397, 11103306
       0,  1163730, 11103730
       0,  1185897, 11103132
       0,  1310741, 11103158
       0,    44911, 11101998
       0,   143196, 11101347
       0,    88298, 11102644
       0,   131081, 11103107
       0,   132933, 11100495
       0,  1187060, 11103520
       0,   250151, 11103214
       0,   386064, 11102478
       0,   388964, 11100501
       0,   271736, 11102881
       0,   592910, 11101241
       0,   648556, 11102318
       0,   747513, 11103514
       0,   801417, 11102238
       0,   835501, 11100268
       0,    60985, 11100726
       0,   988653, 11103102
       0,  1070392, 11103683
       0,  1017582, 11101860
       0,  1286836, 11102051
       0,  1295529, 11102886
       0,    79597, 11103139
       0,   119443, 11103581
       0,   195202, 11102691
       0,   214036, 11102396
       0,   542517, 11101072
       0,   572384, 11101571
       0,   372853, 11100276
       0,  1407147, 11101690
       0,   705757, 11102818
       0,   776858, 11101619
       0,   805343, 11101098
       0,   807126, 11101574
       0,   824366, 11101978
       0,    53962, 11102811
       0,   401358, 11103103
       0,   887939, 11101731
       0,   953364, 11102684
       0,  1001156, 11101223
       0,  1137665, 11100994
       0,  1160369, 11100555
       0,     4032, 11100394
       0,    27194, 11101889
       0,    83059, 11100053
       0,   123761, 11100925
       0,   146498, 11102706
       0,   153979, 11102187
       0,   158010, 11100475
       0,   160628, 11100052
       0,   150896, 11102574
       0,   273371, 11103609
       0,   297101, 11102835
       0,   325845, 11100697
       0,   390144, 11100300
       0,  1241904, 11102422
       0,   498682, 11101896
       0,   670575, 11101317
       0,   702390, 11103804
       0,  1106984, 11101036
       0,  1117871, 11101412
       0,  1147329, 11100767
       0,  1156654, 11103585
       0,  1276806, 11100236
       0,  1347905, 11101532
       0,     3924, 11102137
       0,    29303, 11102656
       0,    76804, 11101056
       0,   207509, 11100462
       0,   308752, 11100805
       0,   355717, 11103827
       0,   593112, 11101175
       0,   652585, 11103816
       0,   736478, 11100819
       0,   741989, 11103032
       0,   791471, 11102695
       0,   941266, 11101613
       0,   988369, 11103713
       0,   994305, 11100581
       0,   998694, 11101151
       0,  1170094, 11103564
       0,  1213993, 11102372
       0,  1295891, 11103039
       0,  1047659, 11102045
       0,    16168, 11101811
       0,    36340, 11101511
       0,    60124, 11102093
       0,    74575, 11100191
       0,   185143, 11103294
       0,   200895, 11102366
       0,   302647, 11103253
       0,   305292, 11100346
       0,   316624, 11102732
       0,   433279, 11102724
       0,   460062, 11100007
       0,   476600, 11100700
       0,   836840, 11101642
       0,   526821, 11103410
       0,   577807, 11102845
       0,   658041, 11101850
       0,   686762, 11102911
       0,   693186, 11100550
       0,   717561, 11103017
       0,   804169, 11101566
       0,   807173, 11101575
       0,   843263, 11103618
       0,   915015, 11101829
       0,  1030318, 11100212
       0,  1084470, 11100240
       0,   887940, 11101545
       0,   888228, 11100493
       0,  1162226, 11102264
       0,  1238712, 11101900
       0,  1178556, 11102297
       0,   949762, 11101895
       0,  1301651, 11103038
       0,  1302405, 11102517
       0,   907856, 11102885
       0,  1356157, 11102635
       0,  1397728, 11100073
       0,   260538, 11101975
       0,   266585, 11103317
       0,  1210968, 11103356
       0,   552017, 11100750
       0,   671423, 11102869
       0,   717670, 11101396
       0,   745265, 11103648
       0,   933121, 11103031
       0,   990761, 11100874
       0,  1000010, 11102484
       0,  1178616, 11100174
       0,  1272920, 11100680
       0,  1313091, 11100920
       0,  1341790, 11103745
       0,  1360856, 11102637
       0,  1374279, 11101999
       0,     6219, 11100067
       0,   120775, 11101878
       0,   199433, 11100745
       0,   346339, 11100329
       0,   227118, 11101297
       0,   231689, 11102595
       0,   855120, 11100955
       0,   310373, 11101558
       0,   310729, 11100998
       0,   364200, 11102789
       0,   522788, 11101199
       0,   582576, 11101143
       0,   603141, 11101289
       0,   607632, 11100333
       0,   639589, 11101267
       0,   744440, 11103669
       0,   842610, 11101187
       0,   975406, 11101913
       0,  1120602, 11102632
       0,  1124369, 11102204
       0,  1376001, 11102676
       0,  1176674, 11102293
       0,  1300085, 11102171
       0,  1426230, 11101640
       0,    75465, 11102947
       0,    98094, 11100264
       0,   225504, 11102955
       0,   281492, 11103428
       0,   418434, 11101818
       0,   462506, 11102631
       0,   505621, 11102612
       0,   506166, 11100528
       0,   531723, 11101042
       0,   342266, 11101610
       0,   620778, 11101236
       0,   457798, 11103100
       0,   638453, 11103457
       0,   679490, 11102766
       0,   726163, 11102470
       0,   727733, 11100234
       0,   873401, 11100046
       0,   876309, 11101716
       0,   926473, 11101821
       0,  1062370, 11102074
       0,  1080848, 11102115
       0,  1141109, 11102898
       0,  1207496, 11102363
       0,  1231215, 11103055
       0,  1308353, 11100996
       0,    35149, 11100330
       0,    96185, 11101501
       0,   419705, 11102184
       0,    91609, 11101203
       0,   100409, 11102387
       0,   105357, 11102081
       0,   130766, 11103337
       0,  1207698, 11102364
       0,   250174, 11100194
       0,  1262618, 11101471
       0,   628080, 11102569
       0,   248423, 11101725
       0,   267589, 11102365
       0,   650216, 11100450
       0,   293832, 11103483
       0,   303440, 11102479
       0,   971568, 11101911
       0,  1013001, 11100749
       0,   285122, 11103477
       0,   430866, 11100217
       0,   430866, 11100657
       0,   989145, 11102887
       0,   633851, 11102258
       0,   268362, 11101527
       0,   460952, 11100766
       0,   462430, 11103103
       0,   989738, 11102784
       0,   508370, 11103501
       0,   608155, 11101166
       0,   667951, 11103611
       0,    54654, 11102194
       0,   705321, 11103451
       0,   731422, 11102527
       0,  1258223, 11101518
       0,   847710, 11102294
       0,  1061513, 11101654
       0,   616909, 11101649
       0,  1104053, 11102153
       0,   385966, 11100138
       0,   489093, 11102031
       0,  1210108, 11100202
       0,  1280012, 11102149
       0,  1321582, 11102558
       0,   228770, 11100610
       0,    39378, 11100762
       0,  1234374, 11101324
       0,  1234374, 11102988
       0,   155875, 11102369
       0,   195956, 11100858
       0,  1094409, 11101015
       0,   314533, 11100245
       0,   354840, 11100754
       0,   369140, 11103273
       0,   376752, 11100828
       0,   445589, 11102951
       0,   678266, 11103046
       0,    35075, 11101820
       0,  1156373, 11102807
       0,   842597, 11101394
       0,   945359, 11103740
       0,   803102, 11103251
       0,   951224, 11101405
       0,  1239563, 11100707
       0,   402457, 11103436
       0,      361, 11100808
       0,    43674, 11101231
       0,   546969, 11103729
       0,   350681, 11102938
       0,    87120, 11100369
       0,   119449, 11103534
       0,   219248, 11102065
       0,   334238, 11102933
       0,   468033, 11102048
       0,  1339153, 11100741
       0,   617210, 11100169
       0,   634117, 11100758
       0,   611158, 11102242
       0,   648236, 11101260
       0,   492937, 11100763
       0,  1140420, 11102786
       0,   999523, 11100597
       0,   952448, 11103181
       0,  1143322, 11103421
       0,   805031, 11103733
       0,  1330728, 11103811
       0,  1008425, 11101274
       0,   412793, 11102047
       0,   496634, 11100099
       0,   645677, 11101639
       0,   648171, 11103797
       0,   709073, 11101813
       0,  1320005, 11100313
       0,   769356, 11102398
       0,   812190, 11101585
       0,   821417, 11100738
       0,    77415, 11102201
       0,  1278533, 11100618
       0,  1026771, 11100992
       0,  1182225, 11101491
       0,  1363023, 11100746
       0,    81607, 11101952
       0,  1107144, 11103696
       0,   127567, 11101880
       0,   133768, 11103708
       0,   299031, 11102260
       0,   233809, 11102927
       0,   259425, 11103826
       0,  1059116, 11102573
       0,  1181910, 11101599
       0,   548832, 11102620
       0,   614209, 11103398
       0,  1212595, 11102615
       0,   371529, 11102180
       0,   699592, 11102323
       0,   788579, 11103333
       0,   988977, 11101093
       0,   853005, 11103187
       0,  1171081, 11103792
       0,   907422, 11103722
       0,   921834, 11100850
       0,   959266, 11101692
       0,  1158534, 11102255
       0,  1212401, 11101905
       0,  1216053, 11101058
       0,  1226709, 11101373
       0,  1311810, 11101256
       0,  1317570, 11100571
       0,   378509, 11101675
       0,    11800, 11102877
       0,    47259, 11100172
       0,   649920, 11102534
       0,   290057, 11102575
       0,   576389, 11101250
       0,   324287, 11100066
       0,  1026241, 11102578
       0,   627762, 11102211
       0,   222937, 11100395
       0,   781121, 11102310
       0,   824446, 11100563
       0,   919526, 11101542
       0,  1406152, 11100507
       0,   859232, 11102934
       0,  1155303, 11101583
       0,  1346225, 11101524
       0,  1028233, 11100044
       0,     5469, 11101786
       0,   241472, 11102085
       0,   259327, 11103672
       0,  1190902, 11101686
       0,   360836, 11102902
       0,  1048152, 11100414
       0,   449111, 11100657
       0,  1035677, 11103359
       0,  1236361, 11101726
       0,   850610, 11100873
       0,   966282, 11103519
       0,  1157570, 11100786
       0,  1201821, 11100893
       0,  1235560, 11102408
       0,  1286059, 11101172
       0,   161831, 11102703
       0,   203103, 11101792
       0,  1176918, 11101908
       0,   231507, 11103809
       0,   246081, 11103654
       0,   516019, 11103229
       0,   629929, 11101794
       0,   938124, 11102777
       0,   331097, 11102760
       0,  1280442, 11100253
       0,   686614, 11100439
       0,  1381971, 11100379
       0,   294404, 11102515
       0,    75642, 11100068
       0,   160055, 11102552
       0,   796140, 11100209
       0,  1415923, 11103272
       0,   501162, 11103455
       0,   908063, 11101130
       0,   400817, 11100220
       0,   609067, 11102802
       0,   720195, 11101277
       0,   794195, 11103528
       0,   167646, 11102863
       0,  1018131, 11102628
       0,  1120737, 11102008
       0,  1130817, 11101539
       0,  1219761, 11101101
       0,   428307, 11103499
       0,  1112736, 11102010
       0,  1142589, 11101970
       0,  1335810, 11100736
       0,  1144211, 11100574
       0,   382587, 11103773
       0,    16569, 11102667
       0,    90808, 11100915
       0,   123015, 11103453
       0,  1144478, 11102776
       0,  1110282, 11102181
       0,   252991, 11101342
       0,  1266363, 11102466
       0,   234851, 11102965
       0,   479325, 11103246
       0,   686622, 11101159
       0,   138641, 11100535
       0,  1043209, 11100146
       0,  1106684, 11102271
       0,  1157700, 11101795
       0,   797550, 11101364
       0,  1237316, 11101473
       0,   692493, 11101780
       0,  1342011, 11101295
       0,  1387450, 11100338
       0,    98183, 11101942
       0,   109457, 11102020
       0,  1062323, 11100725
       0,   441081, 11102937
       0,   883294, 11103782
       0,   162066, 11102436
       0,   770144, 11101229
       0,   595110, 11100281
       0,   691681, 11100415
       0,   668052, 11100294
       0,   726894, 11103288
       0,   903955, 11101768
       0,   970262, 11101901
       0,   987197, 11102906
       0,   237995, 11101263
       0,  1404286, 11101312
       0,  1054284, 11101428
       0,  1131021, 11100638
       0,  1144796, 11101210
       0,  1204947, 11101682
       0,   416587, 11100775
       0,   671159, 11102005
       0,    12733, 11103747
       0,    74416, 11100392
       0,   120077, 11100301
       0,   121389, 11100307
       0,   207688, 11102067
       0,   953677, 11101943
       0,   307727, 11102910
       0,  1144795, 11101650
       0,  1067794, 11103640
       0,   375678, 11100018
       0,   904163, 11100347
       0,   504626, 11102685
       0,   576654, 11100464
       0,   761460, 11100795
       0,   842936, 11100102
       0,   865773, 11102044
       0,   230404, 11101965
       0,   992949, 11101007
       0,    43964, 11102983
       0,  1063903, 11100936
       0,    53638, 11102956
       0,   165510, 11102645
       0,   210089, 11100163
       0,   226900, 11101949
       0,    72629, 11103783
       0,   469444, 11103480
       0,   587048, 11100425
       0,   643880, 11103412
       0,   700487, 11100589
       0,  1098122, 11100779
       0,   901781, 11100103
       0,   750250, 11103566
       0,   783052, 11100186
       0,   105139, 11101243
       0,  1085350, 11102805
       0,  1098626, 11102357
       0,  1102319, 11103144
       0,    38150, 11101879
       0,    59754, 11100991
       0,  1198987, 11102156
       0,   105849, 11102263
       0,   528720, 11100905
       0,   176953, 11102582
       0,   237034, 11103529
       0,   358356, 11102102
       0,   380375, 11103190
       0,   395124, 11100154
       0,  1292335, 11101372
       0,   927532, 11100939
       0,   550201, 11101742
       0,  1268777, 11100207
       0,   702500, 11103220
       0,   853835, 11103399
       0,   249377, 11101376
       0,  1079800, 11100012
       0,  1081494, 11100104
       0,  1350740, 11102610
       0,   457602, 11103541
       0,   679588, 11102251
       0,   593268, 11101176
       0,   593268, 11103263
       0,  1280956, 11102492
       0,  1417630, 11100954
       0,    48346, 11100717
       0,    52578, 11102059
       0,    66113, 11100395
       0,    80414, 11100070
       0,   105585, 11102117
       0,   106182, 11102120
       0,  1294202, 11101286
       0,  1406188, 11101561
       0,   954755, 11102544
       0,   347492, 11100183
       0,   133833, 11101955
       0,   465944, 11102784
       0,   469548, 11100442
       0,   551584, 11101694
       0,   566450, 11100686
       0,   318026, 11100109
       0,   651395, 11101704
       0,   700775, 11103628
       0,   762155, 11101477
       0,   796839, 11102189
       0,  1095289, 11102148
       0,  1151885, 11101307
       0,  1012273, 11101293
       0,  1059153, 11101374
       0,  1082101, 11102790
       0,  1318179, 11103087
       0,  1257236, 11101219
       0,  1259845, 11101973
       0,  1044269, 11103110
       0,   151838, 11103495
       0,   152915, 11100057
       0,   153985, 11102018
       0,   290948, 11103828
       0,   393527, 11102890
       0,   465003, 11102510
       0,   577373, 11103677
       0,   695240, 11100864
       0,   272485, 11100620
       0,   713436, 11101823
       0,   751381, 11101439
       0,  1163566, 11102925
       0,   946525, 11101165
       0,  1094441, 11101709
       0,  1200255, 11101861
       0,  1160139, 11101989
       0,   414316, 11102023
       0,    44670, 11102311
       0,  1336829, 11100486
       0,   160983, 11102946
       0,   163511, 11103202
       0,   165819, 11100387
       0,  1240894, 11103379
       0,   619752, 11100083
       0,   195764, 11100108
       0,   343440, 11100383
       0,   359355, 11100674
       0,   371523, 11103154
       0,   384866, 11103612
       0,   413905, 11100856
       0,   414608, 11102418
       0,   345038, 11100050
       0,   598238, 11103591
       0,   654908, 11100243
       0,   686617, 11100916
       0,   686617, 11100439
       0,   315806, 11100651
       0,   789562, 11100665
       0,  1232453, 11103240
       0,   835503, 11103595
       0,   988370, 11101937
       0,  1019672, 11101135
       0,  1058067, 11102838
       0,  1074182, 11103308
       0,  1119807, 11102897
       0,   415152, 11101611
       0,   187170, 11101568
       0,  1367251, 11100133
       0,    99627, 11103186
       0,   103591, 11102603
       0,   168635, 11102616
       0,   182060, 11102780
       0,  1158227, 11101019
       0,   605730, 11101201
       0,   387678, 11100263
       0,   685917, 11103608
       0,   772547, 11101171
       0,   793469, 11100583
       0,   674637, 11102768
       0,   813827, 11101453
       0,   904224, 11101767
       0,   909863, 11101448
       0,   995595, 11100400
       0,    29134, 11101296
       0,  1244248, 11103078
       0,     9041, 11101609
       0,    85514, 11100242
       0,   324944, 11102687
       0,   129675, 11100051
       0,   211483, 11102017
       0,   225809, 11101028
       0,   301923, 11100642
       0,   346327, 11103071
       0,   367680, 11102071
       0,   364326, 11103315
       0,   460499, 11100931
       0,   490371, 11100979
       0,   672348, 11101318
       0,   716929, 11101192
       0,  1415055, 11102150
       0,   895416, 11101752
       0,   178153, 11102734
       0,   956012, 11101348
       0,   991483, 11100452
       0,  1026777, 11101180
       0,  1070851, 11100006
       0,  1092923, 11100539
       0,  1210826, 11100063
       0,  1211956, 11103058
       0,    57004, 11103021
       0,   802137, 11101730
       0,    35161, 11100145
       0,    47512, 11103582
       0,  1222546, 11102388
       0,   610063, 11100360
       0,   214785, 11101122
       0,   324333, 11103597
       0,   375886, 11103432
       0,   613166, 11103426
       0,   685477, 11101344
       0,   706717, 11101287
       0,  1111178, 11103063
       0,   263629, 11103001
       0,   800376, 11103124
       0,   835846, 11100884
       0,   840820, 11101641
       0,  1144463, 11100524
       0,   872031, 11102995
       0,  1018916, 11101043
       0,  1374643, 11102660
       0,  1077630, 11102111
       0,   309444, 11100667
       0,   243039, 11100366
       0,  1104547, 11100494
       0,  1317261, 11102551
       0,    13067, 11101467
       0,    18941, 11103099
       0,    99002, 11101029
       0,  1115346, 11103119
       0,   102076, 11100273
       0,   127795, 11102429
       0,   184680, 11100424
       0,   211241, 11102564
       0,   266257, 11100572
       0,   282883, 11101401
       0,   430307, 11100305
       0,   544262, 11101080
       0,   567839, 11100811
       0,   601601, 11102500
       0,   836958, 11102847
       0,   824609, 11100062
       0,   837893, 11101643
       0,   874056, 11103112
       0,   919455, 11103587
       0,   923984, 11101872
       0,   932628, 11100676
       0,   984176, 11101928
       0,  1048348, 11101475
       0,  1314555, 11100843
       0,  1124507, 11102841
       0,  1212784, 11100266
       0,  1265814, 11102452
       0,   629871, 11101245
       0,  1056782, 11102539
       0,  1056782, 11101107
       0,  1370786, 11101107
       0,  1370786, 11102539
       0,  1212965, 11100430
       0,   248767, 11100014
       0,    72190, 11103019
       0,    89237, 11103651
       0,   212254, 11102577
       0,   183503, 11103254
       0,   243279, 11102237
       0,   674231, 11101320
       0,  1213986, 11100225
       0,   356194, 11100756
       0,   365405, 11103558
       0,    22217, 11100117
       0,   571341, 11100059
       0,   571341, 11100802
       0,   634022, 11101255
       0,   809343, 11101582
       0,   917770, 11101137
       0,   934766, 11100776
       0,  1262040, 11101208
       0,  1047667, 11102446
       0,  1154772, 11102059
       0,   300904, 11103444
       0,  1127874, 11102208
       0,  1169237, 11102536
       0,  1161109, 11103701
       0,  1230663, 11101531
       0,  1257353, 11102442
       0,    56782, 11100112
       0,   105857, 11103517
       0,   111089, 11102428
       0,   197688, 11101440
       0,   205018, 11100461
       0,   262387, 11102549
       0,   330712, 11100706
       0,   177345, 11102957
       0,   442664, 11100898
       0,  1234488, 11102394
       0,   154693, 11101257
       0,    75866, 11100222
       0,   562772, 11101113
       0,  1207270, 11102361
       0,   958032, 11101239
       0,   649553, 11101283
       0,   739585, 11101121
       0,   794248, 11100171
       0,   842763, 11103376
       0,  1207924, 11103181
       0,   982457, 11101925
       0,   986215, 11101934
       0,  1003297, 11101983
       0,  1015576, 11100765
       0,  1030558, 11102039
       0,  1032007, 11102026
       0,   950844, 11103419
       0,   238023, 11100531
       0,  1142467, 11100416
       0,  1191114, 11103413
       0,  1351045, 11102618
       0,  1128186, 11102590
       0,  1420716, 11102745
       0,    15631, 11103131
       0,  1181063, 11102304
       0,    45711, 11100176
       0,    84084, 11100239
       0,   148801, 11103130
       0,   126370, 11103446
       0,   176001, 11100770
       0,   827402, 11103792
       0,   270966, 11100996
       0,   287076, 11100613
       0,   371861, 11103765
       0,   373192, 11103339
       0,   422193, 11103159
       0,   430050, 11102715
       0,   511504, 11101016
       0,   539479, 11103248
       0,   785628, 11101279
       0,   595128, 11103676
       0,   618295, 11101227
       0,   639303, 11101265
       0,   670102, 11103054
       0,   466150, 11100593
       0,   681983, 11101334
       0,   827780, 11101617
       0,   884984, 11101727
       0,   908491, 11101777
       0,   930000, 11102986
       0,   937356, 11101845
       0,   980638, 11101922
       0,  1003379, 11100586
       0,  1008561, 11102377
       0,   971112, 11101907
       0,  1083383, 11102122
       0,  1089939, 11102131
       0,   908769, 11101783
       0,  1156778, 11101399
       0,  1195247, 11100622
       0,  1197138, 11102330
       0,  1236207, 11103355
       0,    69822, 11103713
       0,  1320253, 11102013
       0,  1395456, 11101863
       0,    30555, 11101025
       0,    47649, 11100802
       0,    69792, 11100012
       0,  1335247, 11102188
       0,   133986, 11101495
       0,  1248759, 11102432
       0,   174472, 11100399
       0,   185415, 11100422
       0,   475862, 11100030
       0,  1165551, 11101526
       0,  1338137, 11101651
       0,  1137000, 11103812
       0,   778080, 11101355
       0,   792089, 11101537
       0,   506908, 11101010
       0,   536544, 11101000
       0,   566753, 11101123
       0,   676180, 11103764
       0,   709299, 11101389
       0,   757347, 11103042
       0,   193532, 11100432
       0,   925923, 11102473
       0,   428920, 11103424
       0,   859657, 11101691
       0,   862712, 11101054
       0,  1342733, 11100823
       0,   895152, 11101331
       0,   322651, 11100689
       0,   974153, 11101912
       0,  1003107, 11100348
       0,   958082, 11103665
       0,  1032788, 11102857
       0,  1113424, 11100060
       0,   791218, 11101533
       0,   449605, 11100913
       0,  1142559, 11102234
       0,  1187564, 11102622
       0,  1213522, 11100616
       0,   415562, 11102166
       0,   850081, 11102166
       0,  1058309, 11103726
       0,   454041, 11102347
       0,   344228, 11101669
       0,  1328582, 11102566
       0,  1352277, 11103561
       0,   828687, 11100774
       0,   134741, 11100336
       0,  1067557, 11102089
       0,    30705, 11100139
       0,    81136, 11100232
       0,   190917, 11100010
       0,   393734, 11101007
       0,   395512, 11100825
       0,   543912, 11101076
       0,   495895, 11100986
       0,   537312, 11101063
       0,   554720, 11101105
       0,    61978, 11103327
       0,   618897, 11100794
       0,   623706, 11103016
       0,   641397, 11103550
       0,   652063, 11103539
       0,   118032, 11100517
       0,   720556, 11101410
       0,   280948, 11102241
       0,   816865, 11101593
       0,   846248, 11100830
       0,   674524, 11102370
       0,   939926, 11103148
       0,  1043810, 11103151
       0,  1056546, 11103562
       0,  1065543, 11102087
       0,  1070716, 11103002
       0,  1094654, 11102135
       0,  1100080, 11103105
       0,     7393, 11101190
       0,  1160132, 11103760
       0,  1168614, 11102277
       0,   598068, 11101185
       0,  1270277, 11101987
       0,  1024678, 11102015
       0,    21639, 11102125
       0,  1047873, 11102049
       0,  1125009, 11102284
       0,   111365, 11100283
       0,   122987, 11101138
       0,   148560, 11100349
       0,   405885, 11102477
       0,   188137, 11101662
       0,   471845, 11103393
       0,   168415, 11100585
       0,   659211, 11100192
       0,   478480, 11100964
       0,   716249, 11102317
       0,   321758, 11103817
       0,   344405, 11102787
       0,  1044257, 11102850
       0,   683973, 11101336
       0,   446232, 11100909
       0,   484286, 11100889
       0,   496054, 11100989
       0,   544071, 11101078
       0,   572407, 11101127
       0,   632685, 11103599
       0,   642008, 11100917
       0,   684706, 11103373
       0,   807641, 11101578
       0,   794614, 11101541
       0,   811659, 11103471
       0,   893814, 11101751
       0,   990415, 11101950
       0,  1013394, 11102000
       0,  1167032, 11103012
       0,  1179078, 11102301
       0,   790414, 11100312
       0,  1204129, 11101456
       0,  1279213, 11102482
       0,    39611, 11103797
       0,   531818, 11101047
       0,   542470, 11100317
       0,   450540, 11100977
       0,   276838, 11100591
       0,   304492, 11100645
       0,   313065, 11102080
       0,   332348, 11102796
       0,   358584, 11102988
       0,   358584, 11101324
       0,   361818, 11100277
       0,     4377, 11100443
       0,   494558, 11102977
       0,   517725, 11102163
       0,   294253, 11100629
       0,  1116206, 11103521
       0,  1406729, 11102538
       0,   688710, 11103041
       0,   741188, 11101443
       0,   745848, 11103787
       0,   471918, 11100181
       0,  1128765, 11100150
       0,   860120, 11100282
       0,   223132, 11100497
       0,   923695, 11103121
       0,  1040291, 11103093
       0,   261300, 11103494
       0,  1023066, 11103002
       0,  1163096, 11103233
       0,  1334164, 11100522
       0,  1400786, 11102698
       0,   136438, 11102100
       0,   169340, 11102761
       0,   219250, 11100485
       0,   282804, 11100454
       0,   288299, 11100614
       0,   293726, 11100625
       0,   510468, 11103700
       0,   425136, 11102627
       0,   451828, 11100345
       0,   564483, 11102959
       0,   591125, 11100598
       0,   602584, 11100111
       0,   784265, 11101519
       0,   647708, 11103269
       0,  1077744, 11101735
       0,  1000115, 11101848
       0,  1023627, 11102443
       0,  1192644, 11101006
       0,  1202265, 11102735
       0,  1378853, 11100072
       0,    88705, 11100244
       0,   211766, 11100473
       0,   885743, 11101732
       0,   357030, 11101631
       0,   507452, 11101012
       0,  1183388, 11102896
       0,  1040248, 11102036
       0,  1199688, 11102336
       0,  1051598, 11101722
       0,    47136, 11102307
       0,    74188, 11102487
       0,    98143, 11103040
       0,   163746, 11100278
       0,   199844, 11102770
       0,   215602, 11102007
       0,   265396, 11103681
       0,   303536, 11102560
       0,   696256, 11101361
       0,   913497, 11102692
       0,   963925, 11103786
       0,  1294058, 11102506
       0,  1372584, 11101638
       0,  1381026, 11102831
       0,   992090, 11103738
       0,   235728, 11100523
       0,   602319, 11103256
       0,  1120484, 11102196
       0,   267147, 11103437
       0,   267147, 11101225
       0,  1394367, 11100502
       0,   873913, 11100444
       0,  1267765, 11103111
       0,   391642, 11101656
       0,   891800, 11103798
       0,   744421, 11103564
       0,   771230, 11100086
       0,   253772, 11103276
       0,   822324, 11100699
       0,    14881, 11102309
       0,   203825, 11100141
       0,  1308273, 11102523
       0,   470258, 11103250
       0,   274279, 11100335
       0,   640891, 11100525
       0,    47653, 11102337
       0,   323596, 11100571
       0,  1126442, 11100787
       0,  1181912, 11103726
       0,   801928, 11100728
       0,    11015, 11100490
       0,   815074, 11101114
       0,  1295527, 11102511
       0,    87309, 11103080
       0,   132432, 11103305
       0,   356796, 11101314
       0,   508095, 11103123
       0,  1227889, 11103263
       0,  1227889, 11101176
       0,   667520, 11101124
       0,   124132, 11102259
       0,   195876, 11101569
       0,   214958, 11101390
       0,   358310, 11100358
       0,   825933, 11100950
       0,   869437, 11103649
       0,  1034117, 11102733
       0,  1053949, 11101546
       0,  1028531, 11102728
       0,   243441, 11103586
       0,  1409520, 11101203
       0,   550772, 11100279
       0,   615709, 11101470
       0,   468022, 11103543
       0,   830360, 11100159
       0,  1307812, 11103510
       0,  1313615, 11103320
       0,    36395, 11102027
       0,   245664, 11103684
       0,   418869, 11101946
       0,   656437, 11101291
       0,   833404, 11103390
       0,   842942, 11100828
       0,  1008622, 11101991
       0,   874518, 11100654
       0,  1309987, 11102529
       0,  1335649, 11101890
       0,  1419534, 11102743
       0,   423070, 11100661
       0,   673272, 11103185
       0,   220319, 11101031
       0,   880011, 11103067
       0,  1029087, 11102032
       0,  1075692, 11102110
       0,  1266366, 11102455
       0,   347493, 11102719
       0,   473473, 11103495
       0,   591600, 11102410
       0,   892435, 11100785
       0,  1163465, 11102267
       0,  1320224, 11101504
       0,  1362860, 11100152
