       0,    36130, 11100165
       0,    67068, 11100231
       0,    82819, 11100267
       0,    84162, 11100269
       0,    93505, 11100283
       0,   107569, 11100319
       0,   140235, 11103574
       0,   141921, 11100393
       0,   142972, 11100396
       0,   160538, 11100434
       0,   174156, 11100462
       0,   183873, 11100485
       0,   209329, 11103088
       0,   231977, 11100591
       0,   233965, 11101927
       0,   259060, 11100667
       0,   299713, 11100017
       0,   300338, 11102988
       0,   320124, 11103668
       0,   328162, 11100815
       0,   343973, 11103025
       0,   374768, 11103819
       0,   376970, 11100922
       0,   406746, 11100972
       0,   418510, 11102900
       0,   433594, 11103398
       0,   436306, 11103218
       0,   441568, 11101046
       0,   477342, 11101126
       0,   486581, 11100716
       0,   494402, 11101163
       0,   532744, 11101264
       0,   536551, 11103679
       0,   556952, 11101309
       0,   589370, 11101380
       0,   603463, 11100389
       0,   623852, 11103503
       0,   666242, 11101540
       0,   671555, 11101563
       0,   672336, 11101559
       0,   684950, 11103415
       0,   703423, 11101647
       0,   709846, 11102961
       0,   711749, 11101663
       0,   724539, 11101702
       0,   731209, 11101712
       0,   745752, 11101736
       0,   754437, 11103803
       0,   774099, 11101815
       0,   777434, 11102909
       0,   779719, 11102986
       0,   780545, 11101831
       0,   814791, 11103183
       0,   828334, 11101941
       0,   850416, 11102001
       0,   855846, 11103825
       0,   910036, 11102124
       0,   936455, 11103368
       0,   951800, 11102773
       0,   957503, 11100471
       0,   974736, 11102264
       0,   978056, 11102273
       0,  1012618, 11102363
       0,  1024273, 11102464
       0,  1024467, 11102774
       0,  1028604, 11102395
       0,  1056137, 11102941
       0,  1092134, 11102517
       0,  1113857, 11102566
       0,  1131480, 11101839
       0,  1139228, 11102827
       0,  1141466, 11103549
       0,  1180031, 11102714
       0,   155440, 11103294
       0,   617234, 11100819
       0,   859948, 11103624
       0,   543144, 11101260
       0,   730920, 11102995
       0,   298457, 11103540
       0,  1169882, 11101863
       0,    55502, 11100395
       0,  1124891, 11103745
       0,      770, 11103617
       0,     1580, 11100082
       0,     3699, 11100443
       0,     3865, 11100084
       0,     3955, 11100085
       0,     5763, 11100087
       0,     6277, 11101190
       0,     6745, 11100090
       0,     7665, 11100092
       0,     7793, 11100094
       0,     7800, 11100096
       0,     8070, 11100798
       0,     9831, 11100097
       0,     9988, 11103027
       0,    11112, 11101467
       0,    11133, 11100105
       0,    12040, 11100107
       0,    12347, 11102920
       0,    13229, 11103131
       0,    14039, 11100115
       0,    14095, 11100153
       0,    15489, 11102858
       0,    15552, 11100503
       0,    18073, 11103542
       0,    18601, 11100117
       0,    19233, 11100119
       0,    19425, 11103560
       0,    20780, 11100122
       0,    21442, 11100123
       0,    21815, 11100126
       0,    22161, 11100125
       0,    22344, 11100127
       0,    22918, 11100128
       0,    23502, 11100129
       0,    23842, 11100130
       0,    24049, 11100131
       0,    24204, 11100132
       0,    24990, 11103134
       0,    25034, 11100843
       0,    25192, 11100134
       0,    25202, 11100135
       0,    25369, 11100136
       0,    25670, 11101025
       0,    25798, 11100139
       0,    27062, 11100140
       0,    27071, 11100144
       0,    28707, 11100142
       0,    28918, 11101027
       0,    29622, 11100145
       0,    30067, 11103006
       0,    30526, 11102867
       0,    31225, 11100151
       0,    31588, 11103502
       0,    32416, 11103465
       0,    32682, 11100155
       0,    33152, 11100157
       0,    33191, 11100161
       0,    35386, 11102299
       0,    36528, 11100166
       0,    36861, 11102899
       0,    37130, 11103423
       0,    37386, 11100314
       0,    38330, 11100176
       0,    38636, 11100173
       0,    38740, 11103716
       0,    39560, 11100172
       0,    39755, 11103582
       0,    39891, 11100302
       0,    47536, 11100187
       0,    48512, 11102386
       0,    49580, 11100188
       0,    50687, 11100195
       0,    50910, 11100201
       0,    51239, 11100726
       0,    52464, 11100198
       0,    54748, 11100204
       0,    56651, 11103378
       0,    56981, 11100208
       0,    57253, 11100210
       0,    58700, 11103713
       0,    60544, 11100702
       0,    61525, 11100215
       0,    62668, 11100219
       0,    62899, 11102919
       0,    63633, 11100222
       0,    63653, 11101252
       0,    63904, 11100224
       0,    65082, 11103168
       0,    66666, 11103139
       0,    67002, 11101603
       0,    67017, 11100230
       0,    67909, 11103275
       0,    67928, 11100232
       0,    68091, 11100235
       0,    69335, 11102159
       0,    70257, 11101150
       0,    70512, 11100239
       0,    71607, 11100242
       0,    73323, 11103695
       0,    74387, 11100244
       0,    76154, 11103462
       0,    77416, 11100257
       0,    78992, 11101435
       0,    79005, 11100261
       0,    80243, 11102476
       0,    80840, 11101501
       0,    81320, 11100262
       0,    82464, 11100264
       0,    82503, 11103040
       0,    83195, 11101029
       0,    83722, 11103186
       0,    84182, 11100271
       0,    84679, 11100270
       0,    85736, 11100273
       0,    86455, 11100272
       0,    86762, 11103322
       0,    86768, 11101892
       0,    87583, 11100274
       0,    88984, 11103517
       0,    89553, 11100280
       0,    95926, 11103680
       0,    96589, 11103358
       0,    96592, 11100286
       0,    96599, 11102709
       0,    97692, 11100289
       0,    98182, 11100292
       0,    99038, 11100291
       0,    99070, 11103329
       0,    99349, 11100296
       0,    99420, 11100297
       0,    99460, 11100299
       0,    99967, 11103380
       0,   100971, 11100301
       0,   101046, 11100304
       0,   101337, 11103212
       0,   101582, 11100306
       0,   102134, 11100307
       0,   103510, 11101138
       0,   104030, 11100311
       0,   104495, 11102259
       0,   106037, 11100310
       0,   106043, 11100005
       0,   106054, 11102589
       0,   107197, 11100316
       0,   107710, 11100320
       0,   108872, 11100322
       0,   110094, 11100325
       0,   110136, 11103107
       0,   110508, 11102876
       0,   111332, 11100327
       0,   113001, 11100331
       0,   113249, 11100336
       0,   117461, 11100344
       0,   118835, 11100343
       0,   121315, 11100008
       0,   122111, 11102788
       0,   123766, 11100769
       0,   124863, 11100349
       0,   129823, 11103244
       0,   129894, 11102282
       0,   130147, 11100363
       0,   132271, 11103664
       0,   133261, 11103488
       0,   135288, 11102992
       0,   136076, 11102436
       0,   136109, 11102210
       0,   137074, 11100380
       0,   137721, 11100384
       0,   138454, 11100386
       0,   139163, 11100387
       0,   141556, 11102362
       0,   141561, 11101762
       0,   142189, 11102761
       0,   142622, 11103545
       0,   143820, 11102990
       0,   144084, 11102174
       0,   146387, 11100399
       0,   147154, 11103516
       0,   147844, 11100407
       0,   148863, 11100410
       0,   148896, 11102948
       0,   149380, 11100408
       0,   149646, 11100412
       0,   149850, 11100098
       0,   152828, 11100411
       0,   153263, 11100418
       0,   154068, 11103254
       0,   154218, 11102940
       0,   154838, 11100420
       0,   155065, 11100424
       0,   155457, 11100421
       0,   155675, 11100422
       0,   157074, 11102029
       0,   158405, 11103410
       0,   158611, 11103441
       0,   159972, 11100431
       0,   160202, 11100010
       0,   160574, 11100435
       0,   162502, 11100432
       0,   163881, 11102691
       0,   166008, 11101440
       0,   167453, 11103610
       0,   167598, 11100447
       0,   167980, 11100449
       0,   168086, 11100974
       0,   168260, 11100451
       0,   169358, 11100455
       0,   169738, 11100453
       0,   170241, 11100457
       0,   172060, 11100461
       0,   172710, 11100001
       0,   174228, 11102453
       0,   174747, 11100465
       0,   176490, 11103252
       0,   177209, 11102564
       0,   177611, 11100470
       0,   177652, 11100473
       0,   179070, 11100381
       0,   179659, 11103691
       0,   180120, 11100478
       0,   180153, 11101122
       0,   182855, 11102904
       0,   182974, 11100534
       0,   183866, 11102233
       0,   184515, 11100487
       0,   185461, 11103009
       0,   186231, 11100041
       0,   186234, 11100477
       0,   186311, 11100489
       0,   187236, 11100497
       0,   187429, 11100496
       0,   187781, 11100499
       0,   187811, 11100498
       0,   187932, 11101933
       0,   189190, 11100582
       0,   190294, 11100504
       0,   190562, 11100508
       0,   191069, 11100511
       0,   191311, 11100512
       0,   191323, 11100513
       0,   192340, 11100514
       0,   195541, 11100515
       0,   195891, 11100518
       0,   196109, 11100784
       0,   196202, 11102927
       0,   197808, 11100523
       0,   198200, 11100526
       0,   199819, 11100531
       0,   201384, 11103205
       0,   202071, 11103779
       0,   202673, 11100426
       0,   202895, 11100532
       0,   204035, 11100366
       0,   204509, 11100540
       0,   205193, 11100143
       0,   205303, 11100541
       0,   206400, 11100544
       0,   207154, 11100543
       0,   208729, 11100014
       0,   208853, 11100546
       0,   209171, 11100549
       0,   210083, 11100552
       0,   210926, 11103326
       0,   212186, 11103589
       0,   212187, 11100553
       0,   212509, 11103370
       0,   215237, 11100557
       0,   216411, 11103127
       0,   216736, 11103707
       0,   217643, 11102765
       0,   218958, 11103494
       0,   221493, 11100562
       0,   223111, 11102465
       0,   223120, 11100572
       0,   224321, 11102365
       0,   224347, 11100576
       0,   226321, 11100577
       0,   227416, 11100584
       0,   227819, 11103024
       0,   228238, 11103633
       0,   229183, 11103609
       0,   229245, 11100015
       0,   229248, 11103003
       0,   229945, 11100588
       0,   232060, 11100595
       0,   232149, 11100596
       0,   235682, 11103180
       0,   235936, 11103428
       0,   236067, 11100602
       0,   236500, 11100603
       0,   236829, 11100605
       0,   237131, 11101401
       0,   238026, 11100607
       0,   238553, 11100608
       0,   240054, 11100609
       0,   240603, 11100611
       0,   240695, 11100613
       0,   241765, 11100614
       0,   242978, 11100617
       0,   243345, 11100619
       0,   243513, 11100623
       0,   244129, 11100624
       0,   245693, 11100626
       0,   246320, 11100625
       0,   246413, 11100627
       0,   246715, 11100629
       0,   247286, 11100632
       0,   247690, 11100634
       0,   248269, 11100633
       0,   249039, 11100016
       0,   250064, 11100636
       0,   250820, 11100637
       0,   250825, 11103352
       0,   250844, 11100639
       0,   250941, 11100640
       0,   251495, 11100641
       0,   252796, 11100642
       0,   253409, 11100643
       0,   253445, 11103253
       0,   254144, 11100650
       0,   254160, 11102560
       0,   254914, 11100645
       0,   254915, 11100647
       0,   255081, 11100652
       0,   255626, 11102854
       0,   256150, 11100656
       0,   256426, 11100655
       0,   257460, 11100089
       0,   257996, 11100663
       0,   258047, 11100664
       0,   259848, 11101558
       0,   260445, 11100079
       0,   261398, 11101748
       0,   262115, 11100669
       0,   262141, 11100985
       0,   262636, 11100677
       0,   263410, 11100678
       0,   264202, 11100681
       0,   264910, 11100684
       0,   265091, 11100682
       0,   265293, 11100685
       0,   266059, 11100687
       0,   268184, 11100760
       0,   270315, 11100689
       0,   271682, 11103597
       0,   272278, 11100615
       0,   272884, 11100697
       0,   273320, 11101033
       0,   274209, 11103226
       0,   274956, 11100698
       0,   275539, 11100705
       0,   275716, 11103229
       0,   276989, 11100706
       0,   278376, 11102796
       0,   279923, 11102933
       0,   280163, 11103257
       0,   280163, 11100500
       0,   280403, 11102322
       0,   281964, 11100712
       0,   283164, 11100718
       0,   284077, 11100719
       0,   285201, 11100720
       0,   285607, 11100722
       0,   286198, 11100724
       0,   287742, 11100742
       0,   288149, 11101655
       0,   288838, 11100737
       0,   288954, 11100735
       0,   290034, 11103071
       0,   290182, 11100329
       0,   290191, 11100743
       0,   291120, 11101191
       0,   291529, 11100744
       0,   291607, 11103061
       0,   293982, 11100751
       0,   295245, 11100749
       0,   295915, 11103280
       0,   296711, 11100754
       0,   297213, 11100460
       0,   298129, 11100756
       0,   298299, 11100761
       0,   298657, 11103271
       0,   298712, 11102389
       0,   301897, 11102902
       0,   302200, 11100277
       0,   302937, 11102268
       0,   303708, 11102789
       0,   304895, 11103558
       0,   305883, 11100778
       0,   311224, 11103765
       0,   311383, 11103059
       0,   312510, 11103321
       0,   314064, 11100788
       0,   315129, 11100081
       0,   315431, 11102758
       0,   315785, 11100797
       0,   317010, 11102649
       0,   317339, 11100690
       0,   317904, 11101744
       0,   319167, 11100894
       0,   319499, 11100801
       0,   322970, 11100807
       0,   323880, 11100810
       0,   325672, 11100813
       0,   325873, 11100814
       0,   327337, 11101319
       0,   329420, 11100820
       0,   330131, 11103802
       0,   330138, 11100822
       0,   330197, 11100825
       0,   331004, 11100826
       0,   331878, 11100827
       0,   335835, 11100832
       0,   336507, 11100834
       0,   336567, 11100835
       0,   338399, 11103659
       0,   338557, 11100838
       0,   338891, 11100836
       0,   339683, 11100842
       0,   341653, 11103810
       0,   343668, 11100844
       0,   343962, 11103660
       0,   343968, 11100845
       0,   344508, 11100303
       0,   345227, 11100919
       0,   346089, 11100771
       0,   346301, 11100852
       0,   346304, 11100856
       0,   346435, 11100853
       0,   347296, 11103074
       0,   348492, 11100024
       0,   348749, 11100857
       0,   351770, 11100863
       0,   353397, 11103159
       0,   353582, 11100865
       0,   353611, 11100867
       0,   353941, 11100868
       0,   355335, 11100870
       0,   356220, 11100847
       0,   357287, 11100876
       0,   357982, 11100877
       0,   358612, 11100878
       0,   359366, 11100879
       0,   359375, 11102348
       0,   359377, 11100882
       0,   359563, 11100881
       0,   359676, 11100883
       0,   361962, 11102792
       0,   362420, 11100382
       0,   362864, 11102724
       0,   362936, 11103551
       0,   364260, 11103108
       0,   364267, 11102780
       0,   366255, 11103616
       0,   366478, 11103277
       0,   366800, 11100899
       0,   367608, 11100897
       0,   367881, 11103191
       0,   369131, 11100898
       0,   370716, 11101062
       0,   371059, 11100901
       0,   371656, 11100903
       0,   372313, 11102951
       0,   373111, 11100909
       0,   373631, 11101284
       0,   374930, 11101365
       0,   375086, 11100911
       0,   376143, 11100913
       0,   376531, 11100918
       0,   376802, 11100921
       0,   377282, 11101100
       0,   381284, 11102823
       0,   381527, 11100927
       0,   381767, 11103011
       0,   383844, 11100929
       0,   384193, 11102528
       0,   384628, 11100931
       0,   385625, 11100933
       0,   387318, 11100935
       0,   387403, 11100937
       0,   387929, 11100940
       0,   388176, 11103715
       0,   389751, 11100088
       0,   390435, 11103101
       0,   391077, 11100941
       0,   391083, 11101152
       0,   392004, 11100029
       0,   392526, 11103393
       0,   395157, 11100949
       0,   395797, 11100956
       0,   395854, 11100957
       0,   396116, 11102075
       0,   396280, 11100959
       0,   396786, 11100960
       0,   397437, 11103015
       0,   397672, 11103175
       0,   397979, 11100030
       0,   398580, 11102825
       0,   399696, 11100964
       0,   400787, 11101809
       0,   401806, 11100965
       0,   403332, 11103416
       0,   404040, 11100967
       0,   405513, 11100970
       0,   405634, 11100971
       0,   408006, 11103588
       0,   409644, 11100978
       0,   410154, 11103083
       0,   410434, 11100979
       0,   410848, 11100980
       0,   412340, 11100630
       0,   412418, 11100981
       0,   414217, 11101446
       0,   415518, 11100986
       0,   415534, 11100989
       0,   415668, 11100218
       0,   416171, 11100990
       0,   418053, 11100995
       0,   418369, 11100997
       0,   419772, 11103020
       0,   421856, 11101002
       0,   422919, 11101009
       0,   423208, 11102612
       0,   423721, 11100528
       0,   424227, 11101010
       0,   424833, 11101011
       0,   424893, 11101012
       0,   425232, 11103123
       0,   425809, 11102762
       0,   426621, 11100032
       0,   427243, 11101016
       0,   428638, 11101018
       0,   430832, 11100866
       0,   431888, 11100668
       0,   432025, 11101398
       0,   434976, 11101021
       0,   434990, 11103709
       0,   435173, 11101026
       0,   437504, 11102136
       0,   437634, 11100110
       0,   437685, 11103644
       0,   438021, 11101199
       0,   438156, 11101038
       0,   438165, 11101039
       0,   438980, 11101086
       0,   439007, 11101041
       0,   440737, 11101042
       0,   445762, 11101047
       0,   445840, 11101876
       0,   447363, 11100520
       0,   447473, 11103430
       0,   447524, 11101051
       0,   447738, 11101053
       0,   448835, 11101057
       0,   448887, 11101059
       0,   449047, 11101000
       0,   449840, 11101060
       0,   450439, 11101063
       0,   450508, 11101064
       0,   451093, 11103231
       0,   451987, 11100033
       0,   452168, 11103248
       0,   452359, 11101067
       0,   453429, 11101071
       0,   454391, 11101068
       0,   454400, 11100317
       0,   454834, 11101072
       0,   454880, 11101075
       0,   455708, 11101076
       0,   456107, 11101078
       0,   456232, 11101080
       0,   456390, 11101902
       0,   456742, 11101081
       0,   458827, 11101084
       0,   458836, 11101087
       0,   458918, 11101089
       0,   459251, 11101088
       0,   460500, 11101091
       0,   460787, 11101095
       0,   460864, 11101094
       0,   460895, 11101096
       0,   463415, 11101102
       0,   464949, 11101105
       0,   465105, 11100265
       0,   466013, 11103643
       0,   466045, 11101109
       0,   466630, 11103090
       0,   471177, 11101113
       0,   471880, 11103425
       0,   472387, 11102959
       0,   473293, 11101117
       0,   473523, 11101123
       0,   475152, 11101142
       0,   477620, 11102875
       0,   478298, 11101127
       0,   479970, 11101131
       0,   480365, 11101128
       0,   483608, 11101139
       0,   484703, 11103247
       0,   484972, 11103688
       0,   485379, 11100034
       0,   486619, 11101548
       0,   486650, 11101146
       0,   487021, 11102357
       0,   487028, 11101148
       0,   487029, 11100341
       0,   487064, 11101143
       0,   488474, 11101238
       0,   488481, 11103655
       0,   489521, 11100035
       0,   490875, 11101156
       0,   491071, 11100036
       0,   491413, 11101158
       0,   491470, 11102879
       0,   492582, 11101160
       0,   493975, 11101162
       0,   494790, 11100598
       0,   495441, 11103525
       0,   496632, 11102520
       0,   496901, 11101174
       0,   496911, 11101175
       0,   497043, 11101176
       0,   497192, 11103389
       0,   497532, 11101179
       0,   497708, 11101178
       0,   497920, 11103676
       0,   498724, 11101184
       0,   500272, 11101181
       0,   500484, 11101185
       0,   501138, 11101186
       0,   502485, 11102500
       0,   504124, 11101188
       0,   504733, 11101193
       0,   505940, 11100356
       0,   506070, 11101196
       0,   507071, 11101200
       0,   507282, 11101201
       0,   507643, 11101206
       0,   509126, 11101207
       0,   511240, 11101209
       0,   511393, 11101211
       0,   511572, 11101212
       0,   512188, 11103194
       0,   512190, 11103746
       0,   513035, 11101218
       0,   513181, 11103426
       0,   513913, 11100440
       0,   514007, 11101221
       0,   514446, 11103334
       0,   514612, 11101222
       0,   516877, 11101224
       0,   517155, 11101230
       0,   518003, 11101227
       0,   518209, 11101232
       0,   518468, 11101233
       0,   519246, 11101235
       0,   519826, 11101236
       0,   520229, 11101237
       0,   521693, 11101240
       0,   522090, 11100792
       0,   522835, 11101244
       0,   523126, 11101242
       0,   524070, 11100037
       0,   524417, 11103569
       0,   524718, 11102884
       0,   524732, 11100806
       0,   525164, 11101245
       0,   527717, 11100923
       0,   529899, 11103599
       0,   530188, 11101246
       0,   530830, 11101255
       0,   531308, 11101258
       0,   533448, 11103043
       0,   534700, 11100288
       0,   534908, 11101265
       0,   535739, 11101267
       0,   536002, 11103223
       0,   536024, 11101273
       0,   536271, 11103550
       0,   537513, 11101277
       0,   538470, 11101280
       0,   539529, 11101966
       0,   540007, 11101281
       0,   542080, 11103269
       0,   542704, 11101283
       0,   544293, 11101290
       0,   545373, 11103217
       0,   546673, 11101291
       0,   549935, 11102878
       0,   551849, 11101300
       0,   553330, 11101315
       0,   553365, 11101301
       0,   553678, 11101302
       0,   555527, 11101303
       0,   555969, 11101305
       0,   556628, 11100612
       0,   556676, 11101308
       0,   557917, 11101310
       0,   559547, 11100892
       0,   559622, 11103174
       0,   559718, 11101316
       0,   560979, 11102982
       0,   561224, 11101317
       0,   561844, 11100039
       0,   563096, 11101318
       0,   563305, 11103185
       0,   564073, 11101320
       0,   564912, 11102856
       0,   564914, 11102768
       0,   565177, 11103150
       0,   565537, 11103300
       0,   566404, 11101323
       0,   566407, 11102960
       0,   567115, 11100606
       0,   567620, 11101904
       0,   568017, 11103626
       0,   568449, 11101327
       0,   569295, 11101334
       0,   571344, 11101335
       0,   572899, 11101336
       0,   572993, 11101338
       0,   573237, 11101220
       0,   573400, 11101341
       0,   573507, 11101344
       0,   574253, 11103309
       0,   574257, 11101345
       0,   574259, 11101346
       0,   574418, 11102911
       0,   575369, 11103299
       0,   575644, 11103293
       0,   576225, 11102553
       0,   578201, 11101351
       0,   578659, 11103278
       0,   580304, 11101352
       0,   580514, 11101354
       0,   580629, 11100550
       0,   580828, 11102819
       0,   581520, 11101358
       0,   582985, 11101361
       0,   583357, 11103576
       0,   583617, 11101362
       0,   583822, 11101366
       0,   584934, 11101367
       0,   585348, 11101368
       0,   585671, 11101369
       0,   585840, 11101370
       0,   585917, 11101371
       0,   586393, 11103804
       0,   588484, 11101375
       0,   588630, 11101377
       0,   589168, 11103646
       0,   589825, 11103544
       0,   590559, 11101378
       0,   590870, 11102818
       0,   591387, 11101382
       0,   591639, 11101381
       0,   592213, 11101385
       0,   592377, 11101384
       0,   592676, 11103793
       0,   593263, 11101386
       0,   594134, 11101389
       0,   594335, 11101388
       0,   596096, 11101391
       0,   597829, 11101395
       0,   598703, 11103356
       0,   599041, 11101192
       0,   600774, 11101396
       0,   601441, 11101400
       0,   603098, 11101402
       0,   603381, 11101410
       0,   603737, 11101413
       0,   604387, 11101409
       0,   604579, 11101411
       0,   605152, 11102634
       0,   605654, 11100467
       0,   606417, 11101416
       0,   607351, 11101417
       0,   607463, 11101418
       0,   608261, 11101424
       0,   609839, 11103458
       0,   612249, 11101431
       0,   614022, 11101430
       0,   614200, 11102016
       0,   614431, 11102793
       0,   617041, 11102713
       0,   619323, 11103060
       0,   619339, 11101985
       0,   620303, 11101434
       0,   620699, 11102882
       0,   621129, 11101443
       0,   621134, 11101436
       0,   621281, 11101438
       0,   622048, 11100777
       0,   622776, 11101269
       0,   623384, 11103669
       0,   623864, 11101441
       0,   624844, 11101445
       0,   625280, 11101282
       0,   626784, 11101447
       0,   626796, 11101452
       0,   627205, 11101458
       0,   628491, 11101459
       0,   631252, 11101462
       0,   631285, 11101463
       0,   631734, 11103743
       0,   632836, 11103702
       0,   633541, 11103042
       0,   634615, 11103784
       0,   634837, 11101474
       0,   637239, 11101477
       0,   638760, 11101476
       0,   639286, 11101479
       0,   640496, 11101480
       0,   640501, 11102927
       0,   641803, 11101482
       0,   641954, 11102103
       0,   642605, 11103048
       0,   643799, 11101483
       0,   644464, 11101484
       0,   645212, 11101485
       0,   645769, 11100043
       0,   645962, 11101360
       0,   646194, 11102362
       0,   646232, 11101496
       0,   649023, 11102040
       0,   650348, 11102985
       0,   650489, 11101505
       0,   652914, 11102052
       0,   653156, 11101510
       0,   653268, 11103076
       0,   654259, 11101513
       0,   656329, 11101514
       0,   656553, 11101153
       0,   656644, 11101519
       0,   657519, 11101520
       0,   657989, 11101522
       0,   658583, 11103456
       0,   658680, 11102437
       0,   658917, 11103707
       0,   659518, 11101523
       0,   660560, 11101529
       0,   662568, 11101530
       0,   663041, 11101533
       0,   663400, 11101537
       0,   664156, 11101154
       0,   665461, 11101541
       0,   666264, 11101543
       0,   666276, 11101544
       0,   667530, 11101547
       0,   668226, 11102053
       0,   668373, 11101549
       0,   668488, 11101971
       0,   668720, 11101553
       0,   668913, 11100429
       0,   669066, 11103003
       0,   669694, 11101555
       0,   670586, 11103124
       0,   671188, 11101556
       0,   671195, 11102469
       0,   671651, 11103035
       0,   672350, 11101566
       0,   674325, 11101570
       0,   674431, 11101572
       0,   675704, 11101573
       0,   676491, 11101574
       0,   676815, 11101575
       0,   676858, 11101578
       0,   677268, 11101580
       0,   677473, 11101582
       0,   678685, 11101584
       0,   680776, 11101585
       0,   681107, 11101587
       0,   681691, 11101588
       0,   682150, 11101590
       0,   682189, 11101591
       0,   682847, 11101592
       0,   683912, 11101593
       0,   684939, 11101596
       0,   685944, 11102519
       0,   687545, 11101601
       0,   687668, 11101606
       0,   688044, 11101764
       0,   688412, 11101605
       0,   689491, 11101608
       0,   693494, 11101617
       0,   694058, 11101618
       0,   694379, 11101624
       0,   694586, 11101623
       0,   695485, 11101622
       0,   695835, 11101626
       0,   696072, 11101629
       0,   696428, 11100321
       0,   697595, 11101630
       0,   697792, 11102086
       0,   697860, 11101633
       0,   698631, 11101634
       0,   699366, 11102602
       0,   699439, 11101637
       0,   700040, 11100884
       0,   700899, 11101642
       0,   701630, 11101643
       0,   702506, 11103302
       0,   703240, 11101646
       0,   704671, 11101641
       0,   704985, 11101648
       0,   705027, 11103618
       0,   707099, 11100199
       0,   708491, 11101659
       0,   711070, 11101660
       0,   711287, 11101661
       0,   711750, 11101665
       0,   713224, 11101666
       0,   714869, 11101672
       0,   715436, 11101249
       0,   715932, 11101678
       0,   716284, 11101679
       0,   716441, 11101681
       0,   717756, 11101684
       0,   719062, 11101687
       0,   719493, 11101688
       0,   719612, 11101691
       0,   720543, 11101693
       0,   720744, 11103718
       0,   721269, 11101700
       0,   722037, 11101696
       0,   722131, 11101054
       0,   723134, 11101701
       0,   725561, 11101703
       0,   728042, 11101708
       0,   730413, 11101710
       0,   730978, 11100046
       0,   732093, 11100045
       0,   732592, 11100587
       0,   734402, 11101716
       0,   734583, 11101718
       0,   734810, 11101720
       0,   734856, 11100027
       0,   735824, 11103481
       0,   739876, 11103066
       0,   740334, 11101167
       0,   740592, 11101727
       0,   741777, 11101732
       0,   742431, 11101731
       0,   744222, 11101545
       0,   744223, 11101734
       0,   746396, 11101738
       0,   747067, 11101740
       0,   747870, 11100800
       0,   747938, 11102872
       0,   747988, 11101749
       0,   748428, 11101750
       0,   748433, 11101751
       0,   749219, 11103638
       0,   749587, 11101752
       0,   750553, 11102249
       0,   751114, 11102870
       0,   751565, 11101756
       0,   753593, 11101758
       0,   753882, 11103007
       0,   754444, 11101761
       0,   755574, 11101763
       0,   756633, 11101765
       0,   757169, 11101768
       0,   757637, 11101766
       0,   757703, 11101767
       0,   757856, 11101770
       0,   758443, 11101771
       0,   759506, 11102769
       0,   759649, 11101776
       0,   759653, 11102885
       0,   760957, 11101777
       0,   761553, 11101783
       0,   761786, 11103387
       0,   762146, 11101781
       0,   762289, 11101448
       0,   762702, 11101787
       0,   763542, 11101785
       0,   764050, 11101782
       0,   764376, 11101788
       0,   764563, 11101793
       0,   764729, 11103372
       0,   765691, 11102009
       0,   767629, 11101796
       0,   767630, 11101797
       0,   767639, 11101799
       0,   770419, 11101803
       0,   770632, 11103587
       0,   770682, 11101805
       0,   771043, 11102808
       0,   771046, 11103479
       0,   771867, 11100214
       0,   772047, 11102066
       0,   772381, 11101812
       0,   772998, 11101036
       0,   773470, 11103121
       0,   774286, 11103511
       0,   774634, 11101819
       0,   776542, 11101821
       0,   776679, 11101534
       0,   777158, 11101822
       0,   778384, 11103686
       0,   778726, 11101828
       0,   780267, 11101830
       0,   780750, 11101832
       0,   781550, 11100676
       0,   782011, 11101833
       0,   782306, 11101835
       0,   782439, 11100309
       0,   783333, 11100789
       0,   783406, 11100776
       0,   783818, 11101836
       0,   784532, 11101840
       0,   784816, 11101843
       0,   785793, 11101845
       0,   786028, 11103355
       0,   786194, 11103148
       0,   788175, 11101846
       0,   789216, 11101849
       0,   790545, 11101852
       0,   791167, 11100556
       0,   791620, 11102975
       0,   792252, 11101854
       0,   792265, 11102650
       0,   792542, 11101856
       0,   793415, 11103235
       0,   794036, 11101862
       0,   794227, 11101865
       0,   794281, 11101866
       0,   794571, 11101867
       0,   794999, 11101868
       0,   795390, 11101869
       0,   795867, 11102302
       0,   796494, 11101870
       0,   798144, 11103336
       0,   802563, 11103665
       0,   803595, 11101884
       0,   804747, 11100372
       0,   805525, 11101755
       0,   807344, 11100049
       0,   808411, 11100021
       0,   809224, 11103519
       0,   810446, 11103714
       0,   810496, 11100020
       0,   810733, 11101069
       0,   810924, 11101898
       0,   811610, 11100573
       0,   812061, 11101504
       0,   812758, 11102129
       0,   813309, 11101901
       0,   813740, 11101907
       0,   814508, 11101911
       0,   814889, 11100670
       0,   816419, 11101912
       0,   816998, 11101913
       0,   818064, 11101914
       0,   818161, 11101916
       0,   818356, 11101917
       0,   819454, 11101920
       0,   820899, 11101921
       0,   821350, 11101922
       0,   822441, 11101923
       0,   823135, 11101925
       0,   823987, 11101926
       0,   824174, 11103081
       0,   825282, 11101928
       0,   825382, 11101931
       0,   826457, 11101932
       0,   826595, 11101934
       0,   827104, 11101936
       0,   827149, 11101940
       0,   827560, 11101937
       0,   828937, 11100824
       0,   829785, 11102998
       0,   830443, 11101950
       0,   830555, 11103259
       0,   830838, 11101141
       0,   830966, 11101951
       0,   832416, 11101037
       0,   833021, 11103073
       0,   833193, 11101957
       0,   834076, 11101959
       0,   834237, 11101528
       0,   834239, 11103208
       0,   834250, 11101065
       0,   834847, 11102970
       0,   834914, 11102248
       0,   835164, 11101964
       0,   835847, 11101968
       0,   836031, 11101969
       0,   837875, 11101972
       0,   838680, 11101848
       0,   838697, 11101974
       0,   838825, 11101979
       0,   838900, 11103330
       0,   839641, 11101983
       0,   841346, 11103739
       0,   841602, 11101984
       0,   842131, 11103380
       0,   843107, 11101472
       0,   843877, 11101986
       0,   844835, 11101044
       0,   845299, 11102767
       0,   845363, 11103312
       0,   845666, 11101991
       0,   845908, 11102801
       0,   846073, 11102088
       0,   846434, 11101993
       0,   847043, 11101994
       0,   848717, 11101997
       0,   849583, 11102000
       0,   849941, 11101490
       0,   850753, 11102002
       0,   851404, 11102003
       0,   853658, 11102004
       0,   853731, 11101043
       0,   854644, 11102772
       0,   856476, 11102012
       0,   859197, 11102015
       0,   859486, 11102019
       0,   861933, 11103735
       0,   862503, 11102839
       0,   864385, 11103160
       0,   864593, 11102024
       0,   865086, 11102026
       0,   865448, 11102028
       0,   866196, 11101577
       0,   866199, 11102034
       0,   871573, 11102036
       0,   872399, 11103093
       0,   872439, 11101013
       0,   872481, 11102041
       0,   874117, 11102043
       0,   874587, 11102850
       0,   875771, 11100002
       0,   876663, 11102046
       0,   878302, 11103639
       0,   878506, 11102045
       0,   878675, 11102049
       0,   878838, 11101627
       0,   879188, 11101475
       0,   879223, 11102058
       0,   879542, 11102054
       0,   881336, 11102057
       0,   881562, 11102061
       0,   881807, 11101722
       0,   881933, 11101349
       0,   882243, 11102064
       0,   883378, 11101909
       0,   884156, 11102035
       0,   885823, 11102068
       0,   885840, 11102069
       0,   886023, 11100388
       0,   886025, 11100054
       0,   886849, 11102072
       0,   887102, 11102070
       0,   887246, 11102073
       0,   888383, 11102373
       0,   889530, 11102074
       0,   890901, 11103147
       0,   891552, 11102828
       0,   891819, 11102078
       0,   892011, 11102083
       0,   892388, 11102087
       0,   893443, 11101465
       0,   894104, 11101954
       0,   895093, 11102089
       0,   895123, 11102092
       0,   899728, 11102095
       0,   900155, 11103422
       0,   900430, 11102098
       0,   901328, 11100055
       0,   901384, 11102110
       0,   901870, 11102349
       0,   901884, 11103155
       0,   902614, 11102107
       0,   903183, 11102111
       0,   903554, 11102113
       0,   903934, 11102114
       0,   905356, 11102115
       0,   906219, 11102119
       0,   907086, 11102121
       0,   907952, 11103579
       0,   908329, 11102122
       0,   908356, 11100463
       0,   908970, 11103536
       0,   909810, 11103596
       0,   910755, 11102128
       0,   912520, 11102860
       0,   913400, 11102131
       0,   913824, 11102132
       0,   915162, 11102133
       0,   916045, 11100854
       0,   917538, 11102135
       0,   917843, 11103382
       0,   918001, 11102143
       0,   920254, 11102678
       0,   923567, 11102146
       0,   924222, 11102152
       0,   924397, 11102153
       0,   925843, 11101538
       0,   926288, 11102161
       0,   927454, 11102164
       0,   927930, 11102167
       0,   928203, 11102168
       0,   929027, 11100367
       0,   929686, 11102169
       0,   929725, 11102172
       0,   930215, 11103070
       0,   930810, 11103266
       0,   932030, 11102177
       0,   932328, 11102175
       0,   933183, 11100060
       0,   933552, 11102179
       0,   934957, 11100869
       0,   936245, 11101589
       0,   936458, 11102182
       0,   938307, 11103282
       0,   938356, 11102193
       0,   939174, 11102191
       0,   939378, 11102195
       0,   939469, 11102196
       0,   939505, 11102197
       0,   939613, 11102198
       0,   939616, 11102199
       0,   940898, 11102200
       0,   941067, 11103169
       0,   941392, 11102202
       0,   941451, 11102204
       0,   942773, 11100542
       0,   942820, 11102841
       0,   942888, 11102205
       0,   944086, 11102208
       0,   945783, 11102590
       0,   946016, 11103515
       0,   947126, 11102212
       0,   948452, 11102215
       0,   948495, 11102217
       0,   950151, 11102219
       0,   950824, 11102222
       0,   951215, 11102223
       0,   952425, 11102225
       0,   953283, 11102226
       0,   953377, 11102229
       0,   953481, 11102228
       0,   953978, 11100994
       0,   954089, 11103831
       0,   956179, 11102232
       0,   956339, 11102236
       0,   956341, 11101217
       0,   958075, 11102234
       0,   958111, 11103533
       0,   958126, 11102235
       0,   961943, 11102243
       0,   964028, 11103237
       0,   966926, 11102244
       0,   967287, 11102252
       0,   967699, 11102859
       0,   969187, 11102253
       0,   970099, 11102250
       0,   970490, 11102254
       0,   971443, 11102255
       0,   971569, 11102257
       0,   972748, 11103561
       0,   972852, 11103760
       0,   972983, 11100910
       0,   973582, 11103701
       0,   973815, 11102262
       0,   975426, 11102265
       0,   975596, 11100803
       0,   975753, 11102267
       0,   975767, 11103537
       0,   975868, 11102269
       0,   977502, 11102272
       0,   977692, 11103652
       0,   978485, 11103012
       0,   978732, 11102950
       0,   979760, 11102277
       0,   980002, 11102536
       0,   980558, 11102276
       0,   980616, 11103164
       0,   981471, 11102279
       0,   982054, 11102286
       0,   982494, 11102287
       0,   982534, 11102289
       0,   982900, 11102290
       0,   983471, 11102291
       0,   985710, 11102292
       0,   985994, 11102296
       0,   986564, 11102293
       0,   986701, 11103347
       0,   987000, 11102077
       0,   987627, 11102300
       0,   988089, 11102297
       0,   988308, 11102301
       0,   988776, 11102308
       0,   989427, 11102304
       0,   990365, 11102305
       0,   991855, 11103219
       0,   992289, 11102313
       0,   993799, 11102832
       0,   997015, 11102393
       0,   997561, 11102931
       0,   998525, 11103413
       0,   998862, 11102321
       0,  1000282, 11100622
       0,  1002378, 11102330
       0,  1003862, 11103343
       0,  1004409, 11102335
       0,  1005434, 11100078
       0,  1005454, 11103575
       0,  1005812, 11102336
       0,  1006018, 11101779
       0,  1006986, 11102339
       0,  1007600, 11100893
       0,  1007750, 11102735
       0,  1008155, 11102341
       0,  1008605, 11102344
       0,  1008688, 11103499
       0,  1009467, 11101456
       0,  1009760, 11103435
       0,  1010902, 11102352
       0,  1011013, 11102353
       0,  1011190, 11102359
       0,  1011896, 11102354
       0,  1011979, 11100961
       0,  1011990, 11102888
       0,  1012346, 11102361
       0,  1012450, 11102364
       0,  1012808, 11103442
       0,  1014317, 11103615
       0,  1016201, 11103166
       0,  1016730, 11102980
       0,  1017887, 11102372
       0,  1018167, 11102376
       0,  1019093, 11100748
       0,  1021134, 11101774
       0,  1021168, 11102451
       0,  1022224, 11102385
       0,  1024377, 11103287
       0,  1025073, 11102388
       0,  1025443, 11102391
       0,  1026122, 11102963
       0,  1026800, 11100809
       0,  1029759, 11102394
       0,  1035364, 11102402
       0,  1035845, 11101772
       0,  1035885, 11102403
       0,  1036074, 11102406
       0,  1036218, 11102404
       0,  1036732, 11100851
       0,  1038553, 11102411
       0,  1038917, 11102412
       0,  1038964, 11102414
       0,  1039151, 11101487
       0,  1040805, 11102416
       0,  1041083, 11102419
       0,  1041345, 11102422
       0,  1041683, 11100352
       0,  1042915, 11103078
       0,  1043549, 11102427
       0,  1044195, 11103632
       0,  1044693, 11102431
       0,  1046581, 11102432
       0,  1047303, 11103725
       0,  1047743, 11102800
       0,  1048686, 11103184
       0,  1051194, 11102441
       0,  1053412, 11101760
       0,  1053698, 11102442
       0,  1054620, 11100069
       0,  1054909, 11102450
       0,  1055351, 11102014
       0,  1055532, 11100568
       0,  1055552, 11102448
       0,  1056140, 11101329
       0,  1057959, 11102452
       0,  1061680, 11102466
       0,  1062130, 11102455
       0,  1062133, 11102456
       0,  1062631, 11102459
       0,  1062772, 11103493
       0,  1062912, 11103000
       0,  1064813, 11101987
       0,  1065386, 11102973
       0,  1065800, 11102917
       0,  1066714, 11100065
       0,  1068168, 11102468
       0,  1070797, 11100236
       0,  1070802, 11103759
       0,  1071677, 11102480
       0,  1071693, 11102481
       0,  1072369, 11102482
       0,  1072787, 11103358
       0,  1073525, 11102492
       0,  1074249, 11102256
       0,  1075285, 11102491
       0,  1076525, 11100402
       0,  1077683, 11102494
       0,  1078617, 11102118
       0,  1079250, 11101961
       0,  1080201, 11102501
       0,  1081830, 11101956
       0,  1081979, 11102907
       0,  1082598, 11102503
       0,  1083354, 11102504
       0,  1083582, 11102506
       0,  1085202, 11102509
       0,  1085243, 11102511
       0,  1086475, 11102886
       0,  1086477, 11102171
       0,  1090196, 11102514
       0,  1091331, 11103038
       0,  1091474, 11102782
       0,  1091510, 11102526
       0,  1091649, 11102516
       0,  1091741, 11102521
       0,  1092501, 11103636
       0,  1092506, 11103341
       0,  1093190, 11103249
       0,  1094244, 11101827
       0,  1094673, 11102522
       0,  1095333, 11103106
       0,  1095983, 11102994
       0,  1096320, 11102523
       0,  1097009, 11102524
       0,  1097033, 11101173
       0,  1097582, 11100930
       0,  1097681, 11103328
       0,  1098283, 11102529
       0,  1098423, 11102530
       0,  1098928, 11102495
       0,  1098930, 11103797
       0,  1101406, 11100843
       0,  1102090, 11102540
       0,  1102122, 11103374
       0,  1102123, 11103026
       0,  1102359, 11103572
       0,  1104212, 11102551
       0,  1104267, 11102541
       0,  1105682, 11102542
       0,  1106290, 11102548
       0,  1106428, 11102966
       0,  1106545, 11102554
       0,  1106839, 11102013
       0,  1106845, 11102556
       0,  1107654, 11103414
       0,  1107964, 11102557
       0,  1108376, 11102331
       0,  1110876, 11102378
       0,  1113206, 11102561
       0,  1113376, 11102565
       0,  1113890, 11102567
       0,  1114087, 11102570
       0,  1114710, 11102572
       0,  1117336, 11102576
       0,  1120211, 11102580
       0,  1122018, 11102585
       0,  1122600, 11102592
       0,  1122972, 11102593
       0,  1126127, 11103450
       0,  1128284, 11102601
       0,  1129374, 11102604
       0,  1129383, 11102607
       0,  1129721, 11102608
       0,  1130030, 11102609
       0,  1130128, 11102610
       0,  1132307, 11102611
       0,  1132458, 11102617
       0,  1132539, 11102618
       0,  1132561, 11102619
       0,  1132678, 11103232
       0,  1132872, 11100298
       0,  1132961, 11102621
       0,  1133222, 11102625
       0,  1133609, 11102626
       0,  1134397, 11102218
       0,  1135386, 11102629
       0,  1136356, 11102635
       0,  1136851, 11102830
       0,  1138998, 11102636
       0,  1139296, 11102637
       0,  1140647, 11102642
       0,  1142275, 11102647
       0,  1142471, 11102646
       0,  1144024, 11102652
       0,  1145014, 11101035
       0,  1146055, 11102655
       0,  1147993, 11102653
       0,  1148991, 11102657
       0,  1149129, 11100661
       0,  1150064, 11102658
       0,  1150698, 11102659
       0,  1150804, 11103128
       0,  1150853, 11102660
       0,  1152355, 11102661
       0,  1153809, 11100072
       0,  1155865, 11103013
       0,  1156186, 11101183
       0,  1156449, 11102664
       0,  1157044, 11102668
       0,  1157122, 11102483
       0,  1157124, 11102673
       0,  1157390, 11102674
       0,  1158219, 11102675
       0,  1160399, 11102679
       0,  1162439, 11103600
       0,  1163113, 11103377
       0,  1164349, 11102681
       0,  1164870, 11102682
       0,  1164956, 11102686
       0,  1168258, 11102688
       0,  1169858, 11100914
       0,  1169896, 11103023
       0,  1170198, 11102694
       0,  1171393, 11102702
       0,  1171707, 11100073
       0,  1171749, 11102423
       0,  1172687, 11102698
       0,  1174275, 11102701
       0,  1174797, 11102704
       0,  1175179, 11102705
       0,  1176704, 11102710
       0,  1177611, 11102711
       0,  1179066, 11102538
       0,  1179350, 11100074
       0,  1180828, 11103567
       0,  1180856, 11101980
       0,  1180870, 11102720
       0,  1182083, 11102721
       0,  1184244, 11102723
       0,  1185968, 11102727
       0,  1186272, 11103676
       0,  1187360, 11102730
       0,  1187383, 11100880
       0,  1187488, 11102731
       0,  1187919, 11103424
       0,  1188300, 11102380
       0,  1188802, 11102737
       0,  1189207, 11102738
       0,  1189438, 11102739
       0,  1189616, 11102740
       0,  1189919, 11102741
       0,  1189925, 11102743
       0,  1190213, 11103014
       0,  1190476, 11102744
       0,  1190850, 11102745
       0,  1191252, 11102748
       0,  1193639, 11102747
       0,  1195659, 11102799
       0,  1195779, 11102749
       0,  1196841, 11102751
       0,  1197191, 11102755
       0,    37823, 11100696
       0,   541243, 11100333
       0,   509298, 11102005
       0,   562317, 11102666
       0,   646818, 11100790
       0,   337051, 11102379
       0,   437022, 11101503
       0,   623191, 11103713
       0,   828935, 11103119
       0,   935134, 11101890
       0,  1119827, 11102186
       0,    11175, 11100945
       0,    55066, 11103204
       0,   466157, 11101241
       0,   496890, 11101114
       0,   683431, 11103031
       0,   782397, 11103105
       0,   922463, 11102188
       0,  1119469, 11102460
       0,   782510, 11100293
       0,   535700, 11103742
       0,   859630, 11101560
       0,  1020465, 11101875
       0,   134473, 11101423
       0,   193206, 11101613
       0,   789325, 11102513
       0,   669863, 11101900
       0,  1038984, 11102420
       0,  1164624, 11102194
       0,    45827, 11103432
       0,   314733, 11100828
       0,   706848, 11103112
       0,   732675, 11103427
       0,   795363, 11101717
       0,   370813, 11100207
       0,   526491, 11101579
       0,  1067266, 11102105
       0,  1087539, 11101728
       0,  1087539, 11102429
       0,    69751, 11103103
       0,   107502, 11102318
       0,   335998, 11102527
       0,   543401, 11101820
       0,   612985, 11103815
       0,    29546, 11101715
       0,   161371, 11102855
       0,   561108, 11101615
       0,   603297, 11101999
       0,   989183, 11102956
       0,  1152061, 11100369
       0,    44989, 11102369
       0,    73010, 11101864
       0,   131014, 11100610
       0,   183845, 11100482
       0,   192020, 11101689
       0,   300696, 11101600
       0,   432608, 11100802
       0,   441760, 11100116
       0,   479039, 11100554
       0,   517084, 11103413
       0,   578641, 11101552
       0,   786238, 11102549
       0,   114915, 11101247
       0,   219868, 11103315
       0,   223063, 11101322
       0,   305006, 11100525
       0,   520046, 11101639
       0,   537128, 11101106
       0,   540989, 11101239
       0,   654794, 11103360
       0,   803547, 11101804
       0,   829591, 11101598
       0,   675320, 11103552
       0,  1072938, 11100516
       0,   688692, 11100004
       0,  1168605, 11102868
       0,    71923, 11103826
       0,   106036, 11100858
       0,   217520, 11100561
       0,   164525, 11100238
       0,   290902, 11102896
       0,   314087, 11100700
       0,   329533, 11100794
       0,   399193, 11102962
       0,   399193, 11100369
       0,   518690, 11101050
       0,   671752, 11100755
       0,   697667, 11102798
       0,   880824, 11103132
       0,   925629, 11100259
       0,   109132, 11100920
       0,   994523, 11102060
       0,  1055448, 11102851
       0,  1100753, 11103021
       0,   599079, 11103446
       0,  1190446, 11101813
       0,    47828, 11100537
       0,   106376, 11102910
       0,   594178, 11103733
       0,   678071, 11103649
       0,   257630, 11101656
       0,   675044, 11103310
       0,   728706, 11100524
       0,   756085, 11102925
       0,   685298, 11101599
       0,   959676, 11103512
       0,   975865, 11103036
       0,  1081963, 11102240
       0,  1046771, 11101975
       0,  1132660, 11102575
       0,    12527, 11102581
       0,   218349, 11101903
       0,   243293, 11101435
       0,   259554, 11100348
       0,   641522, 11103696
       0,   779279, 11100138
       0,   841188, 11100707
       0,   928355, 11101219
       0,   322971, 11100621
       0,  1039714, 11102896
       0,  1054534, 11102307
       0,  1134501, 11103276
       0,  1178176, 11103654
       0,    39449, 11102631
       0,   212999, 11100181
       0,   206519, 11102848
       0,   387282, 11100934
       0,   395223, 11100955
       0,   503127, 11100862
       0,   682230, 11103181
       0,   716925, 11101759
       0,   719198, 11100586
       0,   798803, 11103359
       0,   807479, 11100817
       0,   841423, 11102803
       0,   868551, 11102689
       0,  1055961, 11101631
       0,  1170487, 11102693
       0,  1191397, 11103499
       0,   299024, 11100766
       0,   301994, 11103627
       0,   358743, 11101719
       0,   385989, 11102317
       0,   535884, 11101271
       0,   547498, 11101306
       0,   600196, 11103170
       0,   823292, 11102805
       0,   850318, 11102485
       0,   879690, 11103133
       0,   910028, 11103099
       0,  1115970, 11102574
       0,  1170180, 11100740
       0,    15991, 11102458
       0,   126843, 11101930
       0,   142303, 11102837
       0,   177979, 11100704
       0,   189037, 11102333
       0,   823514, 11103466
       0,   288386, 11103455
       0,   310814, 11102703
       0,   362172, 11102829
       0,   420001, 11103373
       0,   135861, 11103325
       0,   510876, 11103419
       0,   573635, 11103736
       0,   643095, 11103421
       0,   797442, 11101795
       0,   241257, 11101653
       0,   958749, 11100984
       0,   970858, 11103087
       0,  1018318, 11100823
       0,  1023501, 11102387
       0,  1105046, 11102093
       0,  1125673, 11101871
       0,    84370, 11101292
       0,    50502, 11103727
       0,   360906, 11102685
       0,   747360, 11100026
       0,   466549, 11100209
       0,   476479, 11101125
       0,   534923, 11102295
       0,   667513, 11101546
       0,   704001, 11102991
       0,   808378, 11101947
       0,   883882, 11102065
       0,   901659, 11102457
       0,  1041685, 11103444
       0,   183871, 11103640
       0,   230382, 11102347
       0,  1079584, 11100593
       0,   895291, 11102967
       0,   380277, 11103216
       0,   390447, 11100916
       0,   467407, 11102470
       0,   490766, 11100282
       0,   217144, 11100559
       0,   608413, 11101032
       0,   720960, 11101889
       0,   792905, 11103726
       0,   855497, 11100254
       0,    22755, 11100200
       0,   887544, 11102076
       0,   324622, 11101816
       0,  1049370, 11103327
       0,  1141403, 11102644
       0,  1141800, 11103581
       0,   887191, 11102913
       0,    74024, 11101324
       0,   100410, 11100300
       0,   209898, 11102861
       0,  1035296, 11101048
       0,   326627, 11101470
       0,   332268, 11101992
       0,   513413, 11100699
       0,   516077, 11101325
       0,   666213, 11101860
       0,   689565, 11103068
       0,   107367, 11100006
       0,   853470, 11101427
       0,   883356, 11100028
       0,   897873, 11103245
       0,   901064, 11100701
       0,   393489, 11100924
       0,  1011997, 11102356
       0,  1072555, 11101561
       0,  1114526, 11100991
       0,  1119775, 11102577
       0,  1178899, 11100871
       0,    50169, 11102102
       0,  1138022, 11102453
       0,   191048, 11100111
       0,   300157, 11103041
       0,   338229, 11100236
       0,   504994, 11101198
       0,   577070, 11103662
       0,   750469, 11103439
       0,   846074, 11101995
       0,   901005, 11101612
       0,   915176, 11100394
       0,  1073363, 11102488
       0,  1109963, 11101811
       0,     3401, 11103279
       0,    10372, 11100308
       0,    13702, 11100112
       0,    23126, 11101147
       0,  1045178, 11103130
       0,    47645, 11100413
       0,    73735, 11101724
       0,   125050, 11101168
       0,   151693, 11102017
       0,   155087, 11101390
       0,   163076, 11100438
       0,   177399, 11100350
       0,   180316, 11102787
       0,   661334, 11100148
       0,   274482, 11102478
       0,   288627, 11100734
       0,   316476, 11103697
       0,   323061, 11102147
       0,   349378, 11100905
       0,   354520, 11103459
       0,   439063, 11103091
       0,   443208, 11102670
       0,   472407, 11102862
       0,   477567, 11103206
       0,   456267, 11100658
       0,   545572, 11100757
       0,   553035, 11102684
       0,   613836, 11103786
       0,   556307, 11100081
       0,   799575, 11101873
       0,   808423, 11103683
       0,   990454, 11103064
       0,   856026, 11102898
       0,   897540, 11103585
       0,   931800, 11102173
       0,   956876, 11102815
       0,   969971, 11100225
       0,   110010, 11103075
       0,   983659, 11103683
       0,  1018160, 11101651
       0,  1018160, 11103100
       0,   344301, 11100846
       0,  1043024, 11102428
       0,  1121962, 11102582
       0,  1172776, 11102162
       0,    34630, 11100163
       0,    93271, 11102247
       0,   148466, 11102368
       0,   156232, 11100427
       0,   176251, 11100466
       0,   256867, 11103281
       0,   284609, 11102620
       0,   294208, 11103775
       0,   381733, 11102680
       0,   431869, 11101460
       0,   460223, 11102189
       0,  1130598, 11102238
       0,   626843, 11101453
       0,   635654, 11102106
       0,   668115, 11100551
       0,   672039, 11102251
       0,   682441, 11103238
       0,   825365, 11103355
       0,   952106, 11102771
       0,   569291, 11101333
       0,   963392, 11102925
       0,  1036796, 11100674
       0,  1068583, 11102475
       0,   665432, 11102715
       0,    81451, 11102584
       0,   300964, 11100458
       0,   353431, 11103590
       0,   360152, 11102298
       0,   419655, 11101001
       0,   492312, 11101159
       0,   509734, 11103648
       0,   536052, 11101276
       0,   567296, 11101326
       0,   575236, 11102413
       0,   624427, 11102446
       0,   707653, 11101654
       0,   775358, 11100926
       0,  1085197, 11102921
       0,   878685, 11102051
       0,   890203, 11101628
       0,  1043756, 11102429
       0,  1061379, 11102454
       0,  1079134, 11102490
       0,  1104500, 11100053
       0,  1111468, 11102165
       0,  1129116, 11102371
       0,    45379, 11101612
       0,    69607, 11103420
       0,   188768, 11100501
       0,   194427, 11103797
       0,   198464, 11102624
       0,   624498, 11100864
       0,   325590, 11102203
       0,    33180, 11100159
       0,   501160, 11101187
       0,   582531, 11101685
       0,   626824, 11100779
       0,   696252, 11103063
       0,   706544, 11103233
       0,   781029, 11101564
       0,   920761, 11101945
       0,   931681, 11102125
       0,   975446, 11102266
       0,  1013681, 11103692
       0,  1033961, 11102397
       0,    18217, 11102840
       0,    50159, 11100753
       0,    88363, 11101225
       0,  1097013, 11102303
       0,   138575, 11103787
       0,   159458, 11103483
       0,   223915, 11102499
       0,   727257, 11101990
       0,   207213, 11100168
       0,   246412, 11102935
       0,   320612, 11100305
       0,   269661, 11103656
       0,    64276, 11100252
       0,   355018, 11100022
       0,   360363, 11103103
       0,   123209, 11103673
       0,   369859, 11103319
       0,   373634, 11103016
       0,   387207, 11100284
       0,   487351, 11101149
       0,   482853, 11102615
       0,   522682, 11102847
       0,   146299, 11102473
       0,  1064152, 11102231
       0,  1016936, 11101387
       0,   580231, 11102835
       0,   776217, 11102888
       0,   686724, 11100671
       0,   719375, 11100895
       0,   795713, 11100368
       0,    67693, 11100192
       0,   190302, 11101295
       0,  1005708, 11101526
       0,  1058946, 11101404
       0,   552284, 11101379
       0,   968400, 11101638
       0,   977513, 11101786
       0,  1178924, 11100009
       0,   768443, 11101287
       0,  1150629, 11102687
       0,     4585, 11103535
       0,    71808, 11103056
       0,   592219, 11103317
       0,   272217, 11103118
       0,   232131, 11100405
       0,   221731, 11100571
       0,   223424, 11101704
       0,   270640, 11103100
       0,  1000216, 11102326
       0,   271096, 11102409
       0,   353247, 11102271
       0,   353247, 11101107
       0,   383393, 11102138
       0,   474736, 11101205
       0,   483349, 11103192
       0,   523477, 11103050
       0,   711034, 11102719
       0,   590977, 11102641
       0,   711423, 11101996
       0,   835419, 11102908
       0,   834857, 11101960
       0,  1016383, 11100469
       0,  1016383, 11100390
       0,   483075, 11100590
       0,  1066710, 11103234
       0,  1094040, 11102892
       0,  1132541, 11100381
       0,   559256, 11101028
       0,      441, 11102763
       0,   794744, 11101894
       0,    51655, 11100818
       0,    88987, 11102370
       0,   701890, 11100506
       0,   189462, 11100203
       0,   852921, 11103812
       0,   388659, 11100574
       0,   463208, 11102896
       0,   565124, 11103747
       0,   938911, 11100290
       0,   718065, 11101118
       0,   953496, 11100733
       0,   959450, 11102849
       0,   992401, 11100355
       0,    10821, 11101680
       0,  1050288, 11101433
       0,     6610, 11102533
       0,   212189, 11101134
       0,  1099778, 11101620
       0,   230584, 11103224
       0,   252013, 11101311
       0,   253759, 11103570
       0,  1032005, 11100484
       0,   280103, 11103105
       0,   280327, 11102443
       0,  1032149, 11103526
       0,   874387, 11102669
       0,   842106, 11102869
       0,   986653, 11103337
       0,   811613, 11102163
       0,   858635, 11102144
       0,   253900, 11103274
       0,   944942, 11101049
       0,   562554, 11103019
       0,  1019502, 11100752
       0,   433915, 11102056
       0,   896809, 11101229
       0,  1163677, 11103704
       0,   261273, 11102699
       0,    60634, 11103651
       0,   338088, 11102099
       0,   109155, 11100547
       0,   645543, 11100263
       0,   396897, 11103051
       0,   375049, 11103471
       0,    74842, 11101829
       0,   416487, 11101288
       0,   906949, 11102042
       0,   324434, 11100787
       0,   605525, 11102039
       0,   680659, 11100167
       0,   766951, 11100216
       0,    59913, 11100772
       0,   793636, 11100841
       0,   944532, 11103228
       0,   864299, 11100575
       0,   373385, 11102893
       0,  1028286, 11103612
       0,   624921, 11102864
       0,  1077678, 11102811
       0,   295370, 11101357
       0,  1115122, 11102157
       0,  1117548, 11102579
       0,  1153450, 11101567
       0,  1180562, 11102716
       0,    45267, 11100118
       0,    54421, 11103592
       0,    98327, 11100691
       0,   607885, 11101419
       0,   986633, 11102810
       0,   770839, 11101808
       0,    79780, 11102498
       0,   805530, 11103700
       0,  1003496, 11103518
       0,    37659, 11102987
       0,   184899, 11103316
       0,   204033, 11102833
       0,   314665, 11100791
       0,   427791, 11103521
       0,  1042060, 11101022
       0,   722971, 11103748
       0,   805217, 11101915
       0,   496690, 11101170
       0,  1064011, 11102957
       0,   935885, 11101935
       0,   581609, 11100050
       0,   373757, 11102487
       0,   986944, 11102334
       0,   436870, 11102651
       0,   148790, 11100403
       0,   714705, 11103246
       0,   289097, 11103675
       0,    62253, 11101092
       0,    75506, 11103682
       0,   201779, 11103785
       0,   254970, 11101789
       0,   401471, 11100963
       0,   518210, 11103241
       0,  1064059, 11103092
       0,   651295, 11103681
       0,   460798, 11100811
       0,   650803, 11101507
       0,    21358, 11103764
       0,   145250, 11100196
       0,  1119690, 11103721
       0,   222369, 11102622
       0,   476082, 11102816
       0,   312180, 11100746
       0,   566400, 11102923
       0,  1137941, 11102633
       0,   863722, 11102569
       0,   995931, 11101495
       0,  1004115, 11103207
       0,  1142479, 11101166
       0,  1156579, 11101977
       0,    37876, 11101562
       0,   526244, 11100507
       0,   112688, 11103181
       0,   452418, 11103109
       0,   207012, 11102505
       0,   592415, 11100330
       0,   633862, 11101471
       0,  1178865, 11102770
       0,  1013008, 11102695
       0,   285791, 11101527
       0,   693864, 11103501
       0,    29609, 11100141
       0,  1058963, 11103787
       0,   167707, 11102692
       0,   663641, 11101649
       0,   224941, 11103477
       0,   426031, 11100202
       0,   171088, 11102558
       0,   624881, 11100522
       0,   765692, 11100762
       0,   517105, 11101015
       0,   239007, 11100245
       0,  1014855, 11101348
       0,  1107933, 11103046
       0,  1118516, 11103492
       0,    32979, 11101228
       0,   917646, 11102807
       0,   263409, 11103740
       0,   801835, 11100765
       0,   568139, 11103251
       0,   601957, 11101405
       0,   294906, 11100680
       0,   969754, 11103436
       0,   792783, 11102508
       0,   851711, 11100808
       0,   673506, 11101231
       0,   797771, 11103729
       0,  1067615, 11102938
       0,   336869, 11103534
       0,  1124236, 11100925
       0,      290, 11101571
       0,    36616, 11101872
       0,   458690, 11102048
       0,   293720, 11103250
       0,   100416, 11102031
       0,   104167, 11100616
       0,   479949, 11100169
       0,   774527, 11100758
       0,   391999, 11102242
       0,   393885, 11103816
       0,   409722, 11100889
       0,  1017764, 11101132
       0,   517331, 11101031
       0,   531395, 11100763
       0,   512194, 11100597
       0,   546786, 11103240
       0,   405633, 11103811
       0,   691447, 11100741
       0,   184832, 11100490
       0,   413055, 11102978
       0,   838236, 11101274
       0,   328190, 11100745
       0,   328190, 11103261
       0,   328190, 11103792
       0,  1115678, 11100861
       0,  1122827, 11102180
       0,     9348, 11102047
       0,    86367, 11101838
       0,   845734, 11100912
       0,   167360, 11100099
       0,   208946, 11101250
       0,   693761, 11103797
       0,   262138, 11103539
       0,   311090, 11100313
       0,   345518, 11100444
       0,   351362, 11102398
       0,   355381, 11101619
       0,   416192, 11100312
       0,   901549, 11100738
       0,   543084, 11100830
       0,   546375, 11101253
       0,  1106631, 11100446
       0,   732542, 11102201
       0,   644903, 11100874
       0,   651140, 11100618
       0,   662730, 11100992
       0,   688779, 11101289
       0,   709618, 11103005
       0,   738032, 11101491
       0,   771609, 11101509
       0,    64839, 11101741
       0,   830844, 11102082
       0,  1072207, 11102922
       0,   861224, 11101504
       0,   505460, 11100012
       0,   983256, 11101952
       0,   991393, 11101878
       0,   992529, 11101880
       0,   791573, 11103305
       0,  1159993, 11103708
       0,    38331, 11100278
       0,  1106816, 11102260
       0,    58665, 11102573
       0,    68318, 11101040
       0,   101628, 11102100
       0,   107338, 11100171
       0,   111366, 11100180
       0,   112521, 11102555
       0,   137485, 11103295
       0,   250492, 11103398
       0,  1172825, 11102323
       0,  1172825, 11103333
       0,   289519, 11103390
       0,   114725, 11103187
       0,  1033696, 11103792
       0,   355726, 11103510
       0,   431405, 11103722
       0,   448062, 11103080
       0,   514787, 11101692
       0,   586093, 11103306
       0,   661229, 11101093
       0,   698782, 11102838
       0,   715175, 11101223
       0,   981991, 11102284
       0,  1096612, 11102786
       0,   760568, 11101307
       0,    73170, 11101905
       0,   804564, 11101058
       0,   949671, 11101373
       0,   829429, 11101531
       0,   887334, 11101256
       0,   839583, 11101119
       0,   943325, 11101675
       0,   834893, 11102877
       0,   965985, 11102534
       0,  1016776, 11102221
       0,  1019917, 11103214
       0,  1028914, 11100066
       0,  1032144, 11102578
       0,  1099803, 11102211
       0,  1131251, 11102981
       0,   316739, 11100395
       0,    10014, 11103716
       0,   544585, 11100563
       0,   916686, 11101542
       0,   209875, 11103492
       0,   271655, 11102733
       0,   860840, 11103151
       0,   525990, 11102934
       0,   534349, 11103272
       0,   187080, 11100494
       0,   679411, 11101583
       0,   691344, 11103564
       0,   770748, 11100850
       0,   825303, 11101929
       0,   867240, 11101516
       0,  1045176, 11101524
       0,   720237, 11100044
       0,  1187179, 11102734
       0,   926245, 11103672
       0,   968815, 11101686
       0,   981163, 11100003
       0,   772685, 11101919
       0,  1054069, 11101279
       0,  1070091, 11102090
       0,  1128570, 11101726
       0,   862485, 11101473
       0,   149478, 11102696
       0,   217429, 11102544
       0,   998712, 11102822
       0,   496288, 11100414
       0,   597214, 11100786
       0,   658679, 11100555
       0,   694706, 11101172
       0,  1036916, 11102408
       0,  1037780, 11102410
       0,   764561, 11101792
       0,   800781, 11102007
       0,   813768, 11101908
       0,   879060, 11103809
       0,   970742, 11101669
       0,   973184, 11101355
       0,  1078483, 11101896
       0,  1036263, 11103229
       0,   495871, 11101794
       0,   170494, 11102258
       0,   177372, 11101055
       0,   986915, 11102294
       0,   194304, 11100654
       0,   288487, 11102955
       0,   652146, 11102777
       0,   417919, 11102760
       0,   432406, 11100253
       0,   527771, 11100379
       0,   531163, 11102515
       0,   685411, 11100068
       0,   710880, 11101056
       0,   733074, 11102552
       0,   812043, 11100052
       0,   786676, 11100977
       0,   277308, 11101121
       0,  1073811, 11103437
       0,  1158479, 11101130
       0,   246822, 11100631
       0,    63443, 11100220
       0,    64353, 11100661
       0,   134454, 11102802
       0,   134873, 11100375
       0,   377299, 11101277
       0,   619826, 11100275
       0,   362060, 11103528
       0,   761147, 11101780
       0,   294471, 11100750
       0,   335554, 11101565
       0,   354318, 11102628
       0,   510424, 11103470
       0,  1190581, 11102863
       0,   603479, 11101412
       0,   658688, 11102008
       0,   665852, 11101539
       0,   701724, 11102835
       0,   462841, 11101101
       0,   810480, 11101895
       0,   853933, 11102010
       0,   837266, 11101970
       0,   140725, 11100736
       0,   937270, 11103773
       0,   939710, 11102667
       0,   948253, 11102213
       0,   248950, 11100915
       0,  1023057, 11103453
       0,   796491, 11102776
       0,   932935, 11102181
       0,   958140, 11102237
       0,  1119956, 11101342
       0,   320257, 11100805
       0,    14061, 11102965
       0,    70591, 11101372
       0,    76153, 11103807
       0,   103523, 11102977
       0,   959691, 11100062
       0,   931006, 11102170
       0,   204253, 11100535
       0,   212283, 11101215
       0,   258453, 11100146
       0,   197049, 11103110
       0,  1083773, 11101107
       0,  1083773, 11102271
       0,   377907, 11100416
       0,   414380, 11101364
       0,   691457, 11101610
       0,   830240, 11101946
       0,   116467, 11100338
       0,   834220, 11100191
       0,   874920, 11102044
       0,   875783, 11101942
       0,  1149085, 11102020
       0,   927970, 11100517
       0,   958021, 11102080
       0,   668726, 11101551
       0,   286760, 11100725
       0,   350680, 11102627
       0,  1163024, 11102937
       0,    62569, 11100217
       0,   725593, 11101706
       0,    82541, 11103782
       0,    91946, 11100281
       0,    99151, 11100294
       0,   474843, 11102857
       0,   318968, 11103288
       0,   890862, 11103824
       0,   356010, 11100873
       0,   369367, 11103573
       0,   360831, 11102906
       0,   380382, 11101263
       0,   740387, 11101725
       0,   498705, 11101180
       0,   559698, 11101312
       0,   866079, 11102032
       0,   609036, 11101428
       0,   628655, 11100638
       0,   713231, 11101210
       0,   716796, 11101682
       0,   827958, 11101938
       0,   199795, 11100529
       0,   208431, 11102081
       0,   861229, 11100495
       0,  1177253, 11102706
       0,   863111, 11101662
       0,   884164, 11102067
       0,   948448, 11101943
       0,   959929, 11102241
       0,  1010488, 11103273
       0,    62885, 11100509
       0,   805163, 11100018
       0,    88551, 11100775
       0,   111834, 11100007
       0,   123210, 11100347
       0,   157847, 11102685
       0,   174292, 11100464
       0,   799873, 11103591
       0,   235459, 11100599
       0,   309072, 11102472
       0,   705594, 11101650
       0,   314560, 11100795
       0,   348748, 11100102
       0,   385338, 11101965
       0,   757810, 11101769
       0,   422922, 11101007
       0,   483605, 11101135
       0,   501278, 11101818
       0,    31798, 11100152
       0,   536887, 11101511
       0,   959928, 11102027
       0,   638191, 11102983
       0,   706842, 11100936
       0,   193365, 11102792
       0,   767677, 11103195
       0,   832739, 11101636
       0,   855328, 11103227
       0,   350322, 11101257
       0,  1142334, 11102645
       0,    30438, 11100150
       0,    30490, 11100147
       0,    36863, 11101949
       0,   892133, 11102085
       0,    47829, 11100194
       0,    97050, 11103605
       0,   114365, 11100335
       0,   124402, 11100828
       0,   130043, 11103783
       0,   138934, 11103480
       0,   946502, 11102954
       0,   156826, 11100425
       0,   190387, 11103457
       0,   202739, 11101006
       0,   127975, 11103412
       0,   226683, 11100581
       0,   229948, 11100589
       0,   315416, 11103017
       0,    60976, 11103032
       0,   393179, 11103566
       0,    45086, 11100186
       0,   492238, 11101243
       0,   535069, 11101270
       0,  1000178, 11103562
       0,   539573, 11100450
       0,   833880, 11102357
       0,   586857, 11103144
       0,   601340, 11101399
       0,   621804, 11100266
       0,   628628, 11103467
       0,   656473, 11101518
       0,    88388, 11103158
       0,   738543, 11101721
       0,   886042, 11103611
       0,   544831, 11101879
       0,   921175, 11102149
       0,   924405, 11102156
       0,   970066, 11100392
       0,  1017113, 11102263
       0,  1053843, 11102444
       0,  1055340, 11103529
       0,  1098929, 11103827
       0,   829431, 11101314
       0,   559629, 11103190
       0,    31998, 11100154
       0,  1073427, 11102597
       0,  1005456, 11100939
       0,    62444, 11101742
       0,    88975, 11100279
       0,   359029, 11103404
       0,   198939, 11100527
       0,   297876, 11101690
       0,   298820, 11102766
       0,   318278, 11100019
       0,   330691, 11100023
       0,   902553, 11103220
       0,   777587, 11103694
       0,   461307, 11101098
       0,   461762, 11103399
       0,  1122338, 11102672
       0,   532559, 11103067
       0,  1179701, 11103338
       0,   569210, 11101331
       0,  1157529, 11102377
       0,   578878, 11100212
       0,   588576, 11101376
       0,   778342, 11100012
       0,   675313, 11100104
       0,   715844, 11101673
       0,   757815, 11103541
       0,   737626, 11103263
       0,   746632, 11101730
       0,   750353, 11101753
       0,   845849, 11100954
       0,   864114, 11102059
       0,   209225, 11100070
       0,   905397, 11102117
       0,   906706, 11102120
       0,   802058, 11101824
       0,   383224, 11101347
       0,  1029792, 11103097
       0,   672690, 11101569
       0,   144498, 11100398
       0,  1188688, 11102732
       0,    44113, 11100183
       0,    67377, 11100234
       0,    88740, 11100276
       0,    89270, 11103424
       0,   256437, 11100657
       0,   120336, 11100345
       0,   129783, 11102784
       0,   164461, 11100442
       0,   202683, 11101694
       0,   265242, 11100686
       0,   291096, 11103353
       0,   609836, 11101429
       0,   312235, 11100917
       0,   359216, 11101704
       0,   376068, 11103628
       0,   378417, 11100493
       0,   390278, 11102148
       0,   393256, 11100950
       0,   462462, 11101422
       0,   474901, 11101124
       0,   489638, 11101151
       0,   497531, 11103039
       0,   538049, 11103116
       0,   545862, 11101293
       0,   587136, 11101374
       0,   744437, 11101735
       0,   918396, 11102790
       0,   692604, 11101616
       0,   825795, 11100717
       0,   559251, 11103102
       0,   837525, 11101973
       0,  1086765, 11103508
       0,   846367, 11100996
       0,   848990, 11101998
       0,   888272, 11103478
       0,   903661, 11103495
       0,   907198, 11100057
       0,   911805, 11102018
       0,    40513, 11102881
       0,   829171, 11103828
       0,  1056636, 11102449
       0,  1140918, 11102890
       0,  1097075, 11100580
       0,    37660, 11101609
       0,   100532, 11102510
       0,   127613, 11103677
       0,   128516, 11102845
       0,   129405, 11100359
       0,   227830, 11101667
       0,   244032, 11100620
       0,   260028, 11101823
       0,   329330, 11101439
       0,   341989, 11103320
       0,     7684, 11100333
       0,   389466, 11103264
       0,   484196, 11101137
       0,   484509, 11103514
       0,   494843, 11101165
       0,   543868, 11101285
       0,   228418, 11100241
       0,   597780, 11103581
       0,   629609, 11100672
       0,  1101232, 11102539
       0,   713708, 11101668
       0,   729287, 11101709
       0,   769234, 11103318
       0,   626302, 11103726
       0,   793735, 11101861
       0,   870038, 11103419
       0,   143019, 11101521
       0,   845297, 11101989
       0,   863783, 11102023
       0,   886217, 11102676
       0,  1111319, 11103098
       0,   917674, 11102137
       0,   990724, 11102309
       0,   991109, 11102311
       0,  1006478, 11102337
       0,   773603, 11101817
       0,   274205, 11102946
       0,   972989, 11103202
       0,   346800, 11100585
       0,  1153485, 11103520
       0,  1160159, 11103379
       0,     3307, 11100083
       0,    12590, 11100108
       0,    37477, 11100174
       0,    39880, 11100179
       0,   121834, 11100346
       0,   135162, 11100377
       0,   137303, 11100383
       0,   141385, 11103154
       0,   995507, 11103612
       0,  1040851, 11102418
       0,   519377, 11100243
       0,   164364, 11100439
       0,   988356, 11103345
       0,   248360, 11100635
       0,   255588, 11100651
       0,   258603, 11100665
       0,   287807, 11100728
       0,   311086, 11100781
       0,   322082, 11103595
       0,   347061, 11101337
       0,   548699, 11101296
       0,   928232, 11103308
       0,   597662, 11100409
       0,   646347, 11103730
       0,   264515, 11102897
       0,   662014, 11101532
       0,   672516, 11101568
       0,   683430, 11103031
       0,   700607, 11100948
       0,   806628, 11101891
       0,    24484, 11100133
       0,   900621, 11102656
       0,  1128340, 11102603
       0,   975989, 11100932
       0,   938933, 11102187
       0,  1130032, 11102616
       0,   157084, 11102780
       0,  1101933, 11103451
       0,  1115130, 11100996
       0,  1117437, 11102806
       0,  1146081, 11103339
       0,    24625, 11100000
       0,    87041, 11101275
       0,   128540, 11102594
       0,   129399, 11100358
       0,   141568, 11103608
       0,   152845, 11100415
       0,   591009, 11101171
       0,   227131, 11100583
       0,   658602, 11100268
       0,   312521, 11100785
       0,   360074, 11100885
       0,   459293, 11100400
       0,   263534, 11102484
       0,   561427, 11103824
       0,   574656, 11103356
       0,   579557, 11103055
       0,   647587, 11101500
       0,   761675, 11102434
       0,   700605, 11101640
       0,   748052, 11102947
       0,   778297, 11103013
       0,   834972, 11100051
       0,   838630, 11103258
       0,   937231, 11100770
       0,  1015530, 11102366
       0,  1032621, 11102396
       0,  1126092, 11102595
       0,  1175279, 11103586
       0,  1195840, 11100075
       0,    63289, 11102071
       0,   300340, 11100767
       0,   108978, 11100323
       0,   419530, 11101978
       0,   778296, 11102150
       0,   168559, 11100452
       0,   179514, 11100475
       0,   194461, 11100240
       0,   204414, 11100539
       0,   694005, 11100063
       0,   307826, 11100774
       0,   962041, 11100109
       0,   609253, 11103817
       0,   691265, 11101611
       0,  1186442, 11102729
       0,   831479, 11101955
       0,   132756, 11101262
       0,   909240, 11102123
       0,   916389, 11101297
       0,  1015423, 11103684
       0,   694805, 11103577
       0,   266433, 11100688
       0,   269531, 11101990
       0,  1141471, 11103509
       0,   738207, 11100872
       0,   112550, 11100332
       0,   115900, 11103642
       0,   144736, 11101468
       0,   190613, 11100510
       0,   206167, 11102648
       0,   208720, 11103391
       0,   318307, 11102713
       0,   366257, 11101550
       0,   428812, 11101019
       0,   461009, 11101097
       0,   508599, 11101208
       0,   569264, 11102831
       0,   603020, 11100887
       0,   744728, 11103408
       0,   763426, 11103375
       0,   879226, 11100828
       0,   936685, 11102184
       0,   955262, 11103756
       0,   971283, 11102887
       0,  1052225, 11102438
       0,  1058485, 11102486
       0,  1127572, 11102600
       0,  1137209, 11102632
       0,   964377, 11103002
       0,   447590, 11102750
       0,   330578, 11103410
       0,   351387, 11102425
       0,   509732, 11102310
       0,   829551, 11102166
       0,   483919, 11103666
       0,   692175, 11103738
       0,   924700, 11102206
       0,   448108, 11100100
       0,   858132, 11103256
       0,   404865, 11100360
       0,   441564, 11103400
       0,   630876, 11103001
       0,   654826, 11103176
       0,   347908, 11100059
       0,   790505, 11101850
       0,   832006, 11101394
       0,   232883, 11103058
       0,   188923, 11100502
       0,   504742, 11100454
       0,   511276, 11100103
       0,   871336, 11103111
       0,   220988, 11100486
       0,   949491, 11102479
       0,    39877, 11101656
       0,   551278, 11103798
       0,   706533, 11102728
       0,  1016353, 11103002
       0,  1168909, 11103561
       0,    11997, 11100067
       0,   755794, 11101877
       0,  1063297, 11103523
       0,  1120848, 11102477
       0,   254079, 11103564
       0,   327872, 11103376
       0,   747481, 11103543
       0,   862663, 11101397
       0,   897758, 11102059
       0,  1133588, 11100430
       0,     5204, 11100086
       0,  1120656, 11101203
       0,   129868, 11103054
       0,   339682, 11103491
       0,   623851, 11100998
       0,   706692, 11101286
       0,   739155, 11103124
       0,   793643, 11101857
       0,  1125075, 11101638
       0,  1017279, 11102871
       0,   646484, 11101497
       0,    76871, 11100164
       0,   300123, 11100124
       0,   865018, 11103475
       0,   260177, 11103098
       0,  1085341, 11102512
