       0,    40392, 11100144
       0,    45777, 11100599
       0,    98728, 11101600
       0,   217116, 11100418
       0,   226240, 11100434
       0,   250705, 11102539
       0,   283855, 11100526
       0,   323621, 11100015
       0,   342791, 11100611
       0,   353157, 11100016
       0,   398061, 11101620
       0,   403855, 11103109
       0,   417035, 11101228
       0,   445495, 11102498
       0,   476435, 11103740
       0,   526366, 11100901
       0,   590532, 11102099
       0,   666862, 11102967
       0,   712814, 11101186
       0,   712839, 11103681
       0,   732141, 11103675
       0,   736803, 11101235
       0,   740603, 11101242
       0,   762764, 11101280
       0,   765818, 11100696
       0,   835146, 11103544
       0,   881039, 11101503
       0,   883407, 11103503
       0,   964205, 11101891
       0,   981748, 11100075
       0,   992342, 11101637
       0,  1024655, 11102987
       0,  1090747, 11100446
       0,  1098001, 11101819
       0,  1106796, 11101835
       0,  1124271, 11101868
       0,  1242631, 11102058
       0,  1294555, 11102132
       0,  1396595, 11102077
       0,  1430585, 11100961
       0,  1483872, 11100200
       0,  1491932, 11100568
       0,  1505558, 11103000
       0,  1508145, 11102484
       0,  1550071, 11102994
       0,  1586908, 11102585
       0,  1634440, 11103013
       0,  1636940, 11102673
       0,  1652039, 11102692
       0,  1657290, 11102702
       0,  1680172, 11102380
       0,  1681620, 11103510
       0,  1195340, 11102801
       0,   493888, 11102913
       0,  1422034, 11102106
       0,   457097, 11103520
       0,   124638, 11101203
       0,  1176521, 11100795
       0,  1178074, 11101669
       0,   650855, 11101613
       0,   512952, 11101094
       0,  1556519, 11100346
       0,    43033, 11100950
       0,   642294, 11103649
       0,   734693, 11101950
       0,  1490725, 11101042
       0,  1251669, 11102194
       0,   915089, 11102069
       0,   287571, 11102616
       0,   116099, 11100524
       0,   490711, 11101640
       0,   146486, 11100383
       0,   422434, 11100306
       0,   483654, 11103269
       0,   499309, 11101753
       0,   945394, 11103529
       0,  1129676, 11101549
       0,  1471218, 11103103
       0,   114638, 11102416
       0,   234285, 11102173
       0,  1011502, 11100596
       0,     1051, 11101666
       0,     5426, 11101509
       0,     7383, 11100082
       0,     9205, 11102637
       0,    10680, 11100087
       0,    10870, 11100090
       0,    11285, 11100094
       0,    13969, 11100096
       0,    14454, 11101373
       0,    16876, 11103466
       0,    19708, 11102186
       0,    19803, 11102240
       0,    21972, 11100115
       0,    27176, 11102858
       0,    29448, 11103542
       0,    30366, 11103560
       0,    31684, 11100963
       0,    32512, 11100126
       0,    32748, 11100127
       0,    33215, 11101612
       0,    33951, 11100128
       0,    34168, 11100130
       0,    35193, 11100132
       0,    38107, 11100131
       0,    42419, 11100136
       0,    43092, 11101027
       0,    46147, 11103006
       0,    46571, 11103465
       0,    51767, 11102149
       0,    51889, 11100165
       0,    52990, 11101405
       0,    53644, 11103423
       0,    54782, 11101419
       0,    54942, 11102755
       0,    56605, 11100173
       0,    67230, 11103716
       0,    68561, 11100302
       0,    70936, 11102386
       0,    71652, 11100187
       0,    73032, 11102266
       0,    74352, 11100201
       0,    80116, 11103234
       0,    80644, 11100945
       0,    85576, 11100208
       0,    87119, 11101288
       0,    88943, 11100702
       0,    91880, 11103824
       0,    94402, 11100313
       0,    94797, 11102051
       0,    94814, 11103168
       0,    95846, 11101603
       0,    98201, 11100231
       0,    99384, 11103275
       0,    99820, 11102159
       0,   101605, 11101150
       0,   107620, 11103100
       0,   107621, 11100736
       0,   109241, 11102213
       0,   113039, 11103462
       0,   113811, 11100261
       0,   114462, 11100996
       0,   116641, 11102476
       0,   118552, 11100262
       0,   121593, 11100267
       0,   122172, 11102303
       0,   122187, 11100272
       0,   123319, 11102271
       0,   124350, 11101892
       0,   125210, 11100274
       0,   135129, 11103144
       0,   136084, 11100280
       0,   136087, 11103680
       0,   139692, 11103358
       0,   139797, 11102157
       0,   140151, 11100291
       0,   140286, 11103329
       0,   140964, 11100297
       0,   142375, 11100299
       0,   142477, 11100775
       0,   143159, 11103478
       0,   143948, 11103212
       0,   145783, 11102005
       0,   149374, 11100574
       0,   149396, 11100311
       0,   151218, 11100005
       0,   151607, 11101491
       0,   153623, 11100316
       0,   155444, 11100320
       0,   157112, 11102168
       0,   162181, 11102876
       0,   165912, 11100331
       0,   167807, 11101262
       0,   171071, 11100344
       0,   171772, 11100343
       0,   172138, 11100008
       0,   182799, 11101817
       0,   182889, 11103097
       0,   184534, 11103244
       0,   186308, 11100610
       0,   189281, 11100363
       0,   190637, 11100439
       0,   192191, 11103488
       0,   193037, 11102047
       0,   195156, 11102992
       0,   197572, 11100384
       0,   199926, 11102840
       0,   200980, 11101762
       0,   202651, 11100393
       0,   203045, 11100259
       0,   203946, 11102990
       0,   204709, 11102174
       0,   207521, 11102123
       0,   208434, 11103241
       0,   209925, 11103516
       0,   210953, 11100407
       0,   215151, 11100408
       0,   218010, 11100098
       0,   220020, 11102940
       0,   223160, 11100846
       0,   223429, 11102029
       0,   225333, 11103410
       0,   226192, 11100753
       0,   235854, 11100431
       0,   236044, 11100435
       0,   236188, 11103610
       0,   236722, 11101631
       0,   238544, 11100447
       0,   239110, 11100974
       0,   243240, 11100455
       0,   245289, 11100457
       0,   246015, 11100001
       0,   248478, 11102453
       0,   250116, 11100465
       0,   250592, 11103252
       0,   252183, 11103590
       0,   252944, 11100470
       0,   253577, 11100381
       0,   253636, 11103691
       0,   257841, 11103021
       0,   259125, 11102904
       0,   262222, 11100534
       0,   262226, 11103009
       0,   264462, 11100041
       0,   268241, 11100499
       0,   268528, 11101930
       0,   269156, 11100671
       0,   269561, 11100924
       0,   269618, 11100511
       0,   271056, 11100512
       0,   272266, 11100513
       0,   273849, 11100514
       0,   275682, 11101172
       0,   279493, 11101423
       0,   279888, 11100784
       0,   284337, 11102490
       0,   285588, 11103205
       0,   287569, 11103779
       0,   288239, 11100398
       0,   289471, 11102356
       0,   290959, 11100541
       0,   291124, 11100143
       0,   292023, 11102703
       0,   292123, 11100544
       0,   294166, 11100543
       0,   294336, 11100266
       0,   294464, 11103577
       0,   294847, 11100546
       0,   295130, 11103261
       0,   296096, 11100549
       0,   303395, 11103088
       0,   306820, 11103370
       0,   307102, 11101524
       0,   312423, 11103707
       0,   312766, 11102765
       0,   313759, 11100562
       0,   314738, 11102896
       0,   314795, 11103056
       0,   317453, 11101247
       0,   321549, 11100657
       0,   324628, 11100584
       0,   324633, 11103003
       0,   325609, 11103111
       0,   327873, 11102457
       0,   327908, 11100355
       0,   330493, 11103535
       0,   333318, 11102206
       0,   336012, 11103180
       0,   336682, 11100605
       0,   339611, 11100607
       0,   340510, 11100609
       0,   341201, 11103099
       0,   343218, 11103093
       0,   343276, 11101675
       0,   343503, 11100617
       0,   344437, 11100619
       0,   346755, 11100624
       0,   347726, 11100623
       0,   348393, 11100626
       0,   354408, 11102760
       0,   354432, 11100636
       0,   358302, 11103352
       0,   358757, 11101680
       0,   358923, 11100643
       0,   359363, 11101433
       0,   359425, 11103526
       0,   360877, 11102036
       0,   362359, 11100403
       0,   362711, 11102854
       0,   365004, 11100656
       0,   365806, 11101824
       0,   369468, 11100664
       0,   373449, 11100079
       0,   374411, 11102594
       0,   374629, 11100681
       0,   374917, 11100684
       0,   383800, 11100685
       0,   384688, 11100172
       0,   386209, 11100687
       0,   387805, 11100615
       0,   388422, 11101168
       0,   389446, 11101521
       0,   395388, 11100705
       0,   395674, 11102938
       0,   395781, 11103229
       0,   395996, 11101134
       0,   396130, 11103257
       0,   402564, 11100500
       0,   406048, 11102368
       0,   406561, 11100722
       0,   408091, 11101655
       0,   409435, 11100674
       0,   410637, 11100737
       0,   410943, 11101804
       0,   416306, 11100735
       0,   421110, 11100427
       0,   421554, 11103280
       0,   421858, 11102896
       0,   421960, 11100460
       0,   422147, 11100761
       0,   425222, 11100525
       0,   426602, 11100387
       0,   427068, 11100482
       0,   429435, 11101786
       0,   431087, 11102389
       0,   441231, 11101558
       0,   441732, 11100778
       0,   443970, 11101507
       0,   444835, 11103059
       0,   446006, 11100238
       0,   448114, 11100788
       0,   448539, 11101058
       0,   449726, 11102758
       0,   451477, 11102649
       0,   452727, 11101551
       0,   453434, 11100894
       0,   456986, 11103668
       0,   458174, 11101654
       0,   460655, 11100801
       0,   460995, 11100254
       0,   463004, 11100810
       0,   464170, 11100813
       0,   466348, 11100814
       0,   467180, 11101319
       0,   467253, 11102896
       0,   475849, 11103802
       0,   475936, 11100827
       0,   476666, 11100832
       0,   478203, 11100834
       0,   478719, 11100790
       0,   478934, 11100752
       0,   480437, 11100835
       0,   485847, 11100838
       0,   486257, 11100842
       0,   486263, 11100844
       0,   488156, 11103660
       0,   489696, 11100303
       0,   492731, 11100919
       0,   497286, 11100853
       0,   499550, 11100024
       0,   499825, 11100857
       0,   500781, 11100863
       0,   506758, 11103320
       0,   507872, 11100847
       0,   507880, 11100877
       0,   508095, 11100878
       0,   511641, 11102348
       0,   512276, 11100000
       0,   512860, 11100883
       0,   514812, 11102792
       0,   517650, 11103551
       0,   519638, 11103108
       0,   521867, 11103277
       0,   524563, 11102460
       0,   525325, 11100252
       0,   527978, 11101062
       0,   528360, 11100903
       0,   528583, 11100167
       0,   530236, 11100022
       0,   530410, 11103748
       0,   530460, 11101284
       0,   531898, 11102699
       0,   533122, 11101365
       0,   533559, 11100918
       0,   542648, 11100921
       0,   543098, 11100927
       0,   543658, 11103011
       0,   547542, 11100929
       0,   547702, 11103428
       0,   548428, 11100933
       0,   548743, 11100937
       0,   549367, 11100935
       0,   551767, 11100940
       0,   552724, 11103715
       0,   554052, 11100088
       0,   555650, 11100369
       0,   556089, 11102645
       0,   559553, 11101152
       0,   559956, 11100949
       0,   560133, 11100956
       0,   561005, 11100957
       0,   561803, 11100959
       0,   562127, 11100960
       0,   564965, 11103704
       0,   567863, 11103015
       0,   570902, 11102825
       0,   573100, 11101809
       0,   574775, 11103416
       0,   576549, 11100970
       0,   578809, 11100972
       0,   578920, 11100971
       0,   582573, 11101649
       0,   582674, 11100978
       0,   583538, 11100980
       0,   585210, 11100169
       0,   591215, 11100630
       0,   593287, 11100995
       0,   597991, 11100068
       0,   600396, 11100997
       0,   601926, 11101009
       0,   603581, 11100766
       0,   610130, 11102762
       0,   610921, 11103509
       0,   614553, 11101792
       0,   614769, 11103398
       0,   617076, 11101021
       0,   618037, 11103709
       0,   618197, 11102379
       0,   618269, 11101026
       0,   618792, 11102136
       0,   620179, 11100110
       0,   620220, 11101038
       0,   622629, 11101039
       0,   631826, 11101086
       0,   632085, 11101046
       0,   632155, 11100520
       0,   632338, 11103430
       0,   633970, 11103375
       0,   636113, 11101053
       0,   637028, 11101057
       0,   638612, 11101060
       0,   640371, 11103231
       0,   641693, 11100033
       0,   643508, 11101067
       0,   647950, 11101068
       0,   648609, 11101902
       0,   650294, 11101087
       0,   651063, 11101275
       0,   652106, 11101095
       0,   654259, 11101124
       0,   657725, 11100872
       0,   668133, 11101102
       0,   672587, 11102698
       0,   674385, 11103736
       0,   675316, 11101117
       0,   682551, 11101142
       0,   683361, 11102641
       0,   684084, 11100057
       0,   685064, 11102247
       0,   686924, 11103247
       0,   686978, 11103688
       0,   687026, 11100716
       0,   687510, 11100034
       0,   687562, 11101548
       0,   691018, 11102357
       0,   692732, 11101238
       0,   693151, 11103655
       0,   693601, 11103216
       0,   693679, 11101156
       0,   697199, 11100036
       0,   697844, 11102879
       0,   698448, 11101160
       0,   700515, 11101163
       0,   701144, 11101040
       0,   702391, 11101162
       0,   702688, 11102837
       0,   709556, 11103389
       0,   710470, 11101181
       0,   714461, 11102922
       0,   716066, 11101193
       0,   716360, 11100356
       0,   716841, 11101196
       0,   718767, 11100133
       0,   720701, 11100332
       0,   721414, 11103272
       0,   722136, 11102449
       0,   722361, 11101207
       0,   723220, 11101209
       0,   723226, 11101211
       0,   724408, 11102048
       0,   724660, 11103194
       0,   726817, 11103746
       0,   729746, 11103826
       0,   730190, 11103334
       0,   731431, 11101224
       0,   731735, 11100116
       0,   734126, 11101230
       0,   737312, 11101232
       0,   738343, 11101237
       0,   738791, 11101240
       0,   740126, 11100792
       0,   741020, 11102271
       0,   741686, 11100037
       0,   743276, 11102884
       0,   745422, 11100194
       0,   748240, 11101908
       0,   753346, 11100806
       0,   755037, 11101264
       0,   756855, 11102981
       0,   757057, 11100026
       0,   757450, 11103627
       0,   757809, 11103223
       0,   762107, 11103679
       0,   764298, 11101277
       0,   764645, 11103811
       0,   767239, 11101966
       0,   767317, 11101274
       0,   767642, 11100741
       0,   769296, 11102881
       0,   773515, 11100571
       0,   781835, 11102689
       0,   782309, 11102878
       0,   786636, 11101315
       0,   790842, 11101305
       0,   790981, 11101310
       0,   790999, 11102436
       0,   792857, 11100892
       0,   793025, 11103174
       0,   793155, 11101316
       0,   800458, 11101715
       0,   800463, 11102856
       0,   801474, 11103300
       0,   802229, 11101323
       0,   804469, 11102960
       0,   804503, 11101904
       0,   810114, 11103642
       0,   817878, 11101335
       0,   820451, 11100554
       0,   820588, 11103278
       0,   820881, 11101352
       0,   821914, 11101850
       0,   822020, 11101354
       0,   824037, 11102819
       0,   825001, 11101022
       0,   826948, 11101358
       0,   827462, 11101366
       0,   827981, 11101362
       0,   828245, 11101367
       0,   828397, 11101368
       0,   828603, 11101369
       0,   829048, 11102620
       0,   831889, 11101370
       0,   832088, 11101896
       0,   832876, 11101371
       0,   833140, 11101375
       0,   835272, 11101377
       0,   836120, 11102138
       0,   836914, 11101378
       0,   836943, 11101382
       0,   837215, 11100360
       0,   837566, 11101385
       0,   839676, 11101977
       0,   842625, 11101384
       0,   846250, 11101386
       0,   846706, 11101391
       0,   846753, 11101395
       0,   850807, 11103356
       0,   852914, 11102060
       0,   854664, 11101400
       0,   857228, 11101413
       0,   858512, 11102634
       0,   858667, 11100467
       0,   859975, 11101416
       0,   862196, 11101417
       0,   865431, 11100323
       0,   867856, 11101424
       0,   872313, 11103458
       0,   875331, 11101175
       0,   876755, 11102713
       0,   877337, 11103060
       0,   878116, 11101985
       0,   879233, 11101434
       0,   880782, 11101436
       0,   881652, 11100777
       0,   881654, 11103738
       0,   881668, 11101269
       0,   883913, 11100333
       0,   886045, 11101445
       0,   886060, 11100772
       0,   888528, 11101282
       0,   891871, 11101447
       0,   892426, 11101458
       0,   892470, 11102425
       0,   893172, 11101459
       0,   894674, 11101462
       0,   897358, 11101463
       0,   903479, 11101562
       0,   905086, 11101474
       0,   906882, 11101479
       0,   907049, 11101480
       0,   907968, 11102927
       0,   909535, 11102103
       0,   911203, 11103325
       0,   917191, 11101639
       0,   919181, 11102362
       0,   919347, 11101496
       0,   919934, 11102040
       0,   920631, 11102985
       0,   923466, 11101789
       0,   924775, 11102052
       0,   927580, 11101510
       0,   927972, 11103076
       0,   930856, 11101513
       0,   930886, 11101520
       0,   932145, 11102806
       0,   936639, 11102437
       0,   937293, 11101523
       0,   938135, 11101529
       0,   940817, 11100819
       0,   941441, 11101530
       0,   941919, 11101130
       0,   941988, 11101154
       0,   944701, 11101540
       0,   944918, 11101547
       0,   945063, 11101544
       0,   945844, 11102053
       0,   946716, 11101971
       0,   948780, 11100429
       0,   949326, 11101555
       0,   950384, 11101556
       0,   952016, 11102962
       0,   956250, 11101820
       0,   957461, 11101573
       0,   958245, 11101580
       0,   959119, 11100537
       0,   962518, 11102237
       0,   964153, 11103797
       0,   966691, 11101588
       0,   968171, 11101590
       0,   970619, 11102438
       0,   971827, 11103415
       0,   972318, 11102519
       0,   972980, 11101601
       0,   974496, 11101606
       0,   977179, 11101764
       0,   980327, 11102578
       0,   980908, 11101605
       0,   982044, 11101608
       0,   983310, 11101618
       0,   983789, 11102505
       0,   984110, 11101623
       0,   987826, 11101622
       0,   988671, 11101673
       0,   989548, 11102086
       0,   994172, 11102602
       0,   996223, 11100381
       0,  1001546, 11101647
       0,  1005094, 11101648
       0,  1005360, 11101624
       0,  1005549, 11101107
       0,  1006074, 11101660
       0,  1008206, 11101205
       0,  1010406, 11101661
       0,  1011176, 11101665
       0,  1012256, 11102180
       0,  1015335, 11101679
       0,  1016824, 11101681
       0,  1017444, 11100203
       0,  1017591, 11101387
       0,  1019143, 11101687
       0,  1019846, 11101688
       0,  1022334, 11101693
       0,  1026100, 11101696
       0,  1031344, 11101659
       0,  1033716, 11101702
       0,  1034050, 11101708
       0,  1039021, 11101710
       0,  1040357, 11101718
       0,  1057416, 11101720
       0,  1058101, 11101740
       0,  1061904, 11100800
       0,  1066532, 11103638
       0,  1068142, 11101758
       0,  1068868, 11101701
       0,  1070369, 11100537
       0,  1071071, 11102680
       0,  1073675, 11101763
       0,  1073852, 11101770
       0,  1075143, 11102769
       0,  1075852, 11103333
       0,  1077200, 11102552
       0,  1077427, 11101776
       0,  1079130, 11103387
       0,  1080412, 11101781
       0,  1080664, 11101785
       0,  1080859, 11102696
       0,  1082288, 11101788
       0,  1084934, 11101793
       0,  1084935, 11103372
       0,  1084994, 11102009
       0,  1085991, 11101796
       0,  1088758, 11101769
       0,  1089040, 11101379
       0,  1089137, 11101799
       0,  1089220, 11100811
       0,  1089371, 11102211
       0,  1089625, 11101803
       0,  1089628, 11102716
       0,  1090378, 11101805
       0,  1091454, 11102808
       0,  1091829, 11100214
       0,  1093816, 11101093
       0,  1094531, 11103419
       0,  1096662, 11101815
       0,  1097088, 11101355
       0,  1099656, 11103511
       0,  1100124, 11103694
       0,  1102760, 11101822
       0,  1103408, 11101828
       0,  1105291, 11102868
       0,  1108490, 11101761
       0,  1110246, 11100309
       0,  1118568, 11101836
       0,  1118650, 11101852
       0,  1119502, 11101741
       0,  1120257, 11102975
       0,  1122036, 11103046
       0,  1122356, 11102042
       0,  1123000, 11101862
       0,  1123793, 11101866
       0,  1123875, 11101867
       0,  1125420, 11103427
       0,  1133892, 11102835
       0,  1137020, 11101846
       0,  1137690, 11102302
       0,  1138168, 11101884
       0,  1140769, 11100372
       0,  1142295, 11103592
       0,  1145068, 11102307
       0,  1146582, 11100021
       0,  1146601, 11101069
       0,  1149106, 11101898
       0,  1151197, 11103336
       0,  1155828, 11103483
       0,  1156087, 11100670
       0,  1157642, 11101914
       0,  1161704, 11101916
       0,  1164228, 11101265
       0,  1165934, 11101923
       0,  1165952, 11101717
       0,  1168995, 11100045
       0,  1170106, 11102129
       0,  1171729, 11101936
       0,  1172005, 11102615
       0,  1172300, 11101721
       0,  1173315, 11103360
       0,  1173870, 11101940
       0,  1176941, 11100824
       0,  1177166, 11101951
       0,  1178592, 11101037
       0,  1178605, 11101957
       0,  1179458, 11101528
       0,  1179513, 11101065
       0,  1183807, 11102786
       0,  1185254, 11101968
       0,  1185336, 11101969
       0,  1186361, 11101974
       0,  1189063, 11101979
       0,  1189708, 11103330
       0,  1189767, 11103739
       0,  1191134, 11103570
       0,  1192149, 11101984
       0,  1194195, 11103380
       0,  1194287, 11101472
       0,  1194753, 11101044
       0,  1195900, 11102767
       0,  1200247, 11101198
       0,  1202817, 11102479
       0,  1208992, 11101490
       0,  1212290, 11102004
       0,  1213775, 11103041
       0,  1218263, 11102772
       0,  1218283, 11100507
       0,  1220166, 11102019
       0,  1221095, 11103735
       0,  1223787, 11100672
       0,  1225207, 11102024
       0,  1226989, 11101577
       0,  1231324, 11101686
       0,  1232666, 11103400
       0,  1235581, 11102034
       0,  1238440, 11101311
       0,  1242419, 11102248
       0,  1244968, 11101627
       0,  1245310, 11103170
       0,  1246351, 11102054
       0,  1251365, 11102057
       0,  1252815, 11101909
       0,  1256558, 11100388
       0,  1259398, 11102072
       0,  1260098, 11102373
       0,  1260680, 11102828
       0,  1263248, 11102078
       0,  1264714, 11102083
       0,  1264756, 11101465
       0,  1268636, 11102166
       0,  1271993, 11102150
       0,  1275535, 11102092
       0,  1277247, 11100002
       0,  1281822, 11100055
       0,  1283112, 11102114
       0,  1286084, 11100547
       0,  1290872, 11103579
       0,  1293297, 11102128
       0,  1296797, 11100236
       0,  1297324, 11101324
       0,  1304951, 11100854
       0,  1306049, 11102143
       0,  1307867, 11102146
       0,  1308145, 11101050
       0,  1308884, 11102294
       0,  1310587, 11102152
       0,  1312898, 11101538
       0,  1313813, 11100755
       0,  1313885, 11102167
       0,  1316973, 11100367
       0,  1318496, 11103070
       0,  1321393, 11102008
       0,  1323125, 11102175
       0,  1323452, 11102179
       0,  1323765, 11103368
       0,  1326042, 11101589
       0,  1326108, 11102713
       0,  1326852, 11102182
       0,  1327544, 11103036
       0,  1327802, 11102191
       0,  1327812, 11101187
       0,  1327816, 11102195
       0,  1330294, 11102197
       0,  1330385, 11102200
       0,  1332300, 11103169
       0,  1338540, 11102202
       0,  1340317, 11102669
       0,  1340372, 11103515
       0,  1342640, 11102212
       0,  1343656, 11102215
       0,  1344206, 11102217
       0,  1345027, 11102219
       0,  1347103, 11102222
       0,  1347243, 11102773
       0,  1351231, 11102225
       0,  1351416, 11101550
       0,  1351419, 11103831
       0,  1353914, 11100758
       0,  1353982, 11100471
       0,  1359550, 11101539
       0,  1361552, 11103533
       0,  1362424, 11102235
       0,  1369089, 11103238
       0,  1369566, 11100563
       0,  1370362, 11102252
       0,  1370867, 11100828
       0,  1371411, 11102859
       0,  1371894, 11102253
       0,  1372735, 11101159
       0,  1374481, 11102513
       0,  1374597, 11102254
       0,  1378223, 11102257
       0,  1378480, 11100910
       0,  1381130, 11102262
       0,  1381385, 11103537
       0,  1381913, 11102269
       0,  1382557, 11102272
       0,  1386491, 11102273
       0,  1386928, 11100581
       0,  1387719, 11102950
       0,  1387808, 11102323
       0,  1389546, 11103164
       0,  1389894, 11102287
       0,  1393136, 11103005
       0,  1394342, 11102290
       0,  1394454, 11102292
       0,  1394824, 11102296
       0,  1394921, 11102408
       0,  1398434, 11101915
       0,  1400824, 11101615
       0,  1401161, 11102260
       0,  1401766, 11100738
       0,  1402375, 11102308
       0,  1404619, 11103155
       0,  1409857, 11102305
       0,  1411295, 11102832
       0,  1411567, 11102393
       0,  1413588, 11100044
       0,  1419207, 11102931
       0,  1419612, 11100405
       0,  1423182, 11102816
       0,  1424156, 11103575
       0,  1424361, 11101779
       0,  1424867, 11101726
       0,  1425555, 11100345
       0,  1426654, 11102341
       0,  1428980, 11102344
       0,  1430130, 11102352
       0,  1431200, 11102359
       0,  1433366, 11102081
       0,  1434093, 11102888
       0,  1436885, 11102153
       0,  1438418, 11103722
       0,  1441218, 11103166
       0,  1441934, 11100850
       0,  1442862, 11102376
       0,  1442900, 11101560
       0,  1444402, 11100748
       0,  1445498, 11103219
       0,  1447115, 11102863
       0,  1447229, 11101774
       0,  1448176, 11102451
       0,  1450616, 11102464
       0,  1452706, 11102391
       0,  1453137, 11102963
       0,  1453579, 11100216
       0,  1463840, 11101692
       0,  1464765, 11102402
       0,  1465052, 11102406
       0,  1467697, 11102902
       0,  1470452, 11100851
       0,  1470842, 11102414
       0,  1472178, 11101487
       0,  1473532, 11102419
       0,  1473686, 11103518
       0,  1475338, 11102815
       0,  1476006, 11100352
       0,  1478774, 11102427
       0,  1479748, 11103632
       0,  1480291, 11103355
       0,  1481586, 11103512
       0,  1486468, 11103725
       0,  1488085, 11103184
       0,  1488951, 11101097
       0,  1489556, 11101322
       0,  1490105, 11101307
       0,  1490736, 11102385
       0,  1491043, 11101760
       0,  1492648, 11102450
       0,  1495875, 11101293
       0,  1495945, 11101329
       0,  1499346, 11102364
       0,  1500423, 11101326
       0,  1501049, 11103453
       0,  1501229, 11100368
       0,  1501955, 11102456
       0,  1502989, 11102506
       0,  1504185, 11103493
       0,  1506889, 11100791
       0,  1507652, 11101996
       0,  1511640, 11102917
       0,  1512658, 11100065
       0,  1513918, 11100767
       0,  1514745, 11100069
       0,  1517578, 11102398
       0,  1519227, 11102610
       0,  1522554, 11103358
       0,  1522560, 11102491
       0,  1523657, 11100841
       0,  1526040, 11103519
       0,  1529430, 11102118
       0,  1530438, 11101956
       0,  1535420, 11102907
       0,  1542274, 11103564
       0,  1544501, 11102514
       0,  1546055, 11102521
       0,  1547655, 11103341
       0,  1548604, 11103249
       0,  1549066, 11102522
       0,  1550061, 11103106
       0,  1554448, 11100502
       0,  1557693, 11102255
       0,  1558059, 11103797
       0,  1562768, 11103374
       0,  1563690, 11103572
       0,  1564011, 11103408
       0,  1564100, 11102548
       0,  1564340, 11100099
       0,  1565554, 11102966
       0,  1565996, 11102554
       0,  1570048, 11102031
       0,  1573236, 11102557
       0,  1575378, 11102331
       0,  1576781, 11102561
       0,  1577208, 11100597
       0,  1578973, 11101719
       0,  1579298, 11100003
       0,  1582361, 11102572
       0,  1582516, 11102893
       0,  1582780, 11100701
       0,  1583134, 11101101
       0,  1586670, 11103092
       0,  1588885, 11103534
       0,  1591560, 11102592
       0,  1594576, 11101500
       0,  1595019, 11102593
       0,  1595696, 11101542
       0,  1596962, 11103450
       0,  1600403, 11102607
       0,  1600513, 11102609
       0,  1601424, 11102611
       0,  1601991, 11103232
       0,  1603265, 11102621
       0,  1605942, 11100506
       0,  1608312, 11102218
       0,  1610187, 11100887
       0,  1612614, 11102830
       0,  1613412, 11102636
       0,  1614522, 11103508
       0,  1618424, 11101960
       0,  1619879, 11102646
       0,  1622567, 11102652
       0,  1626492, 11101035
       0,  1630517, 11102653
       0,  1633943, 11102659
       0,  1634628, 11102661
       0,  1635416, 11101183
       0,  1635418, 11102658
       0,  1636143, 11102664
       0,  1637262, 11100278
       0,  1639554, 11102777
       0,  1639793, 11102674
       0,  1640164, 11102082
       0,  1645665, 11103098
       0,  1646033, 11103274
       0,  1646487, 11103377
       0,  1653369, 11102668
       0,  1653854, 11100516
       0,  1654296, 11100914
       0,  1655984, 11102848
       0,  1657443, 11103023
       0,  1660298, 11103075
       0,  1660963, 11102423
       0,  1662971, 11100817
       0,  1665978, 11102704
       0,  1666182, 11102705
       0,  1666537, 11101404
       0,  1666997, 11102080
       0,  1667492, 11101571
       0,  1668296, 11102784
       0,  1668693, 11102711
       0,  1670296, 11102714
       0,  1675771, 11103567
       0,  1677612, 11102682
       0,  1678353, 11102721
       0,  1678831, 11102727
       0,  1679631, 11100880
       0,  1680497, 11102731
       0,  1681941, 11103424
       0,  1682450, 11102737
       0,  1683169, 11102741
       0,  1686399, 11103014
       0,  1689140, 11101759
       0,  1689294, 11102744
       0,  1690990, 11102748
       0,   507413, 11102747
       0,   809796, 11102799
       0,  1353952, 11100540
       0,  1476660, 11101662
       0,   229635, 11100012
       0,   757088, 11102488
       0,   832009, 11101147
       0,  1285083, 11103258
       0,  1247950, 11101978
       0,   592828, 11101372
       0,   862193, 11101829
       0,  1000303, 11102080
       0,  1095509, 11100932
       0,   266016, 11102766
       0,   882735, 11103345
       0,  1103409, 11100781
       0,  1324537, 11102921
       0,   203580, 11102438
       0,   629727, 11102624
       0,   768237, 11100333
       0,    67681, 11103824
       0,  1589914, 11101751
       0,    63808, 11100580
       0,   141559, 11101460
       0,   364189, 11100680
       0,   950020, 11102434
       0,  1071228, 11102886
       0,  1421029, 11102954
       0,  1276877, 11103775
       0,  1341747, 11101766
       0,  1388431, 11103492
       0,  1471708, 11100614
       0,  1553099, 11101422
       0,   104672, 11102279
       0,   155506, 11100697
       0,   157792, 11103730
       0,  1407030, 11101998
       0,   466273, 11101347
       0,   990322, 11102644
       0,  1171333, 11103107
       0,  1422406, 11101669
       0,  1534965, 11100795
       0,  1681908, 11103514
       0,   252773, 11100268
       0,   320587, 11101823
       0,   956640, 11101860
       0,  1437329, 11102750
       0,   182212, 11103581
       0,   178568, 11102745
       0,   323551, 11101619
       0,   385671, 11101872
       0,   461983, 11100925
       0,   793963, 11100475
       0,  1311742, 11100052
       0,  1596964, 11103609
       0,    34682, 11102835
       0,    91162, 11102422
       0,   245186, 11101317
       0,   701675, 11103585
       0,  1612866, 11101532
       0,  1664977, 11102137
       0,    71382, 11102656
       0,    88515, 11100805
       0,   218858, 11101279
       0,   237486, 11101598
       0,   358348, 11101811
       0,   361605, 11101511
       0,   374808, 11102093
       0,   544584, 11100191
       0,   564254, 11103294
       0,   991903, 11102366
       0,   813097, 11103253
       0,   849929, 11102732
       0,   953267, 11102724
       0,   956689, 11100007
       0,   999459, 11102845
       0,  1055668, 11102911
       0,  1084022, 11100550
       0,  1220707, 11103017
       0,  1052346, 11101566
       0,  1528337, 11103118
       0,  1543097, 11101575
       0,  1606635, 11103618
       0,  1656058, 11100212
       0,    73716, 11101961
       0,   315167, 11101895
       0,  1435165, 11102517
       0,   850047, 11102885
       0,  1029575, 11100139
       0,  1381147, 11100073
       0,  1438225, 11101975
       0,  1555912, 11100750
       0,  1612259, 11103626
       0,   268583, 11101025
       0,   274063, 11101912
       0,   756987, 11100174
       0,   677569, 11100920
       0,  1394544, 11100745
       0,  1689376, 11100329
       0,   139917, 11101289
       0,   333084, 11102317
       0,   333157, 11102204
       0,    42964, 11102293
       0,   406903, 11101076
       0,  1607139, 11102581
       0,   599352, 11100264
       0,   542079, 11102045
       0,   804376, 11103227
       0,   860188, 11102629
       0,  1035246, 11102631
       0,  1097330, 11101610
       0,  1126722, 11103100
       0,  1258467, 11103457
       0,  1283733, 11102470
       0,  1458865, 11100046
       0,  1550156, 11100171
       0,   161895, 11101716
       0,   285611, 11101617
       0,   376450, 11102898
       0,  1291426, 11102363
       0,   421339, 11100150
       0,  1345417, 11100426
       0,   122569, 11101955
       0,   556621, 11101727
       0,   794604, 11100014
       0,   911665, 11101435
       0,  1113807, 11103308
       0,  1186297, 11100444
       0,  1203284, 11100638
       0,  1212960, 11101483
       0,  1273292, 11103016
       0,  1332236, 11101731
       0,  1428615, 11101239
       0,  1430726, 11103700
       0,    13066, 11101703
       0,    86231, 11101913
       0,   101755, 11103499
       0,   424340, 11100461
       0,   183071, 11102309
       0,   383884, 11102956
       0,   532420, 11102751
       0,   610929, 11100017
       0,   795986, 11103517
       0,   981289, 11101730
       0,  1071224, 11100823
       0,  1072153, 11103103
       0,  1121591, 11100642
       0,  1500426, 11101016
       0,  1223646, 11102910
       0,     6502, 11102672
       0,  1460352, 11100864
       0,  1540376, 11100828
       0,  1679433, 11103424
       0,  1337625, 11102934
       0,   439803, 11103591
       0,   451227, 11102676
       0,   508911, 11103541
       0,   510040, 11100443
       0,   734442, 11102268
       0,   772617, 11100688
       0,   844915, 11100881
       0,   439650, 11103672
       0,  1170982, 11100749
       0,  1347413, 11101728
       0,  1353126, 11103827
       0,  1514956, 11102890
       0,  1570884, 11103379
       0,  1582593, 11100916
       0,  1600515, 11100012
       0,    82917, 11102232
       0,   103299, 11103759
       0,   194968, 11102925
       0,   272506, 11100159
       0,   600824, 11101827
       0,   466032, 11101399
       0,   488526, 11100808
       0,   505000, 11100386
       0,   566461, 11100464
       0,   818221, 11101735
       0,  1012111, 11103110
       0,  1058106, 11103421
       0,  1059749, 11100870
       0,  1184956, 11102284
       0,  1245950, 11101351
       0,  1281451, 11100939
       0,  1324619, 11101749
       0,  1438811, 11101750
       0,  1557656, 11103031
       0,   672072, 11102735
       0,   677541, 11103220
       0,   750214, 11103804
       0,   833741, 11101151
       0,   835826, 11103112
       0,   867552, 11100424
       0,   931322, 11102396
       0,   943747, 11103254
       0,  1117250, 11101380
       0,  1241510, 11100276
       0,  1407664, 11101429
       0,  1613882, 11103456
       0,    10702, 11100379
       0,    15444, 11101970
       0,    17578, 11102135
       0,   153781, 11100689
       0,   164497, 11103549
       0,  1049680, 11101453
       0,   267009, 11102660
       0,   332816, 11102920
       0,   348196, 11100400
       0,   459249, 11102466
       0,  1633518, 11101519
       0,   986591, 11103078
       0,   812904, 11101927
       0,   830300, 11100591
       0,   885337, 11100807
       0,   990324, 11102959
       0,  1033591, 11101630
       0,  1103007, 11101794
       0,  1242059, 11101656
       0,  1296838, 11101241
       0,  1311286, 11100243
       0,   249511, 11103063
       0,  1436828, 11101831
       0,  1467224, 11101643
       0,  1468911, 11100620
       0,   356199, 11102161
       0,    82949, 11103099
       0,  1574176, 11103615
       0,  1590986, 11102404
       0,   182754, 11101394
       0,   269175, 11100059
       0,   299013, 11102377
       0,   319970, 11100913
       0,  1561215, 11101123
       0,  1215951, 11100769
       0,  1501373, 11100508
       0,   644105, 11100552
       0,   653485, 11100577
       0,   404716, 11101905
       0,   802987, 11102534
       0,   819126, 11102459
       0,   900643, 11103561
       0,   954246, 11103317
       0,  1005041, 11100528
       0,  1052345, 11100754
       0,  1070984, 11100503
       0,  1154214, 11103784
       0,  1206394, 11102786
       0,  1280686, 11102961
       0,  1651608, 11102811
       0,    67381, 11100281
       0,   129602, 11103042
       0,   191467, 11102802
       0,   263974, 11101821
       0,   334795, 11102681
       0,   339726, 11101208
       0,   370628, 11101780
       0,   793424, 11100786
       0,  1237292, 11100477
       0,   435034, 11103119
       0,   431264, 11103131
       0,   551567, 11100669
       0,   372513, 11103339
       0,   934556, 11102477
       0,  1012800, 11102687
       0,  1504976, 11100051
       0,  1068430, 11101286
       0,  1138164, 11100678
       0,  1178568, 11103398
       0,  1245768, 11101249
       0,   815595, 11103562
       0,   674391, 11100425
       0,    56576, 11103316
       0,   145755, 11102165
       0,   266449, 11102693
       0,   175917, 11102796
       0,   411633, 11103229
       0,   424808, 11103798
       0,   490351, 11103760
       0,   222432, 11100498
       0,   541823, 11102277
       0,   573234, 11101191
       0,   681781, 11103013
       0,   694767, 11102925
       0,   810639, 11101987
       0,   284754, 11101376
       0,   925558, 11100585
       0,   966011, 11101131
       0,   973355, 11100163
       0,  1119491, 11102850
       0,  1121461, 11102651
       0,  1249095, 11100066
       0,  1464099, 11100141
       0,  1668676, 11101947
       0,     4647, 11100556
       0,    57499, 11101856
       0,    88087, 11101901
       0,   242300, 11100873
       0,  1020986, 11100074
       0,   424337, 11100236
       0,   467951, 11102251
       0,   509043, 11100244
       0,   550526, 11102208
       0,   674396, 11103718
       0,   580419, 11102482
       0,   748643, 11102582
       0,   752262, 11103130
       0,   930983, 11103495
       0,  1035910, 11102181
       0,  1122769, 11101028
       0,  1125417, 11103817
       0,  1144998, 11100527
       0,  1316761, 11101522
       0,  1018367, 11102555
       0,   200508, 11101865
       0,  1411828, 11101900
       0,  1440135, 11100657
       0,  1466143, 11101122
       0,  1643830, 11102310
       0,    34497, 11100103
       0,    52635, 11101925
       0,   156045, 11102980
       0,   270605, 11100146
       0,   408730, 11102679
       0,  1235341, 11100583
       0,   452911, 11100166
       0,  1172652, 11100325
       0,   601714, 11100202
       0,   687517, 11101564
       0,   695218, 11102041
       0,   592959, 11102010
       0,   785637, 11101286
       0,   872092, 11101738
       0,  1056788, 11101146
       0,  1105422, 11101158
       0,   811546, 11102900
       0,  1168423, 11101302
       0,  1188548, 11102793
       0,  1253417, 11102831
       0,  1289583, 11101396
       0,  1341980, 11101341
       0,  1352216, 11101931
       0,  1327408, 11100432
       0,  1568813, 11100651
       0,  1600980, 11103596
       0,  1060970, 11102170
       0,   218349, 11102074
       0,   233747, 11102193
       0,   261165, 11103439
       0,   499764, 11102617
       0,   527546, 11102444
       0,   533592, 11100308
       0,   537866, 11103444
       0,   852330, 11102810
       0,   890080, 11100239
       0,   898427, 11100245
       0,   954603, 11102000
       0,  1008236, 11100241
       0,  1056261, 11103492
       0,  1217516, 11102510
       0,  1142283, 11101667
       0,  1474497, 11102818
       0,  1491690, 11100414
       0,   704089, 11101734
       0,  1509477, 11102012
       0,  1596044, 11101755
       0,  1644693, 11102768
       0,  1673290, 11102792
       0,  1431488, 11102937
       0,    32280, 11100551
       0,    52288, 11102454
       0,    77570, 11103600
       0,  1600537, 11101980
       0,   138632, 11101257
       0,   684479, 11100555
       0,   183201, 11100102
       0,   189971, 11101357
       0,   349674, 11101934
       0,   360625, 11100292
       0,   381831, 11102579
       0,  1127682, 11102282
       0,   467160, 11102187
       0,   508270, 11100627
       0,   522220, 11100650
       0,   605493, 11101389
       0,   305772, 11101668
       0,   670256, 11100820
       0,  1308816, 11100882
       0,  1359650, 11100338
       0,   798623, 11103446
       0,   852793, 11100557
       0,   853467, 11102326
       0,  1019417, 11102995
       0,  1101617, 11101036
       0,  1166595, 11101019
       0,  1282165, 11101055
       0,  1283707, 11100986
       0,   201471, 11102977
       0,  1354969, 11103676
       0,    18558, 11101870
       0,    96172, 11102189
       0,    96816, 11102121
       0,   191722, 11102851
       0,   221269, 11100763
       0,   923331, 11102039
       0,   260301, 11102888
       0,   351556, 11100618
       0,   367143, 11102020
       0,   372338, 11100421
       0,    35434, 11103682
       0,   391713, 11103684
       0,  1166032, 11102574
       0,   726603, 11103310
       0,   834741, 11102988
       0,   929963, 11100134
       0,   955197, 11103654
       0,  1030517, 11101765
       0,  1155681, 11101221
       0,  1188876, 11103646
       0,  1240758, 11101153
       0,  1418775, 11103035
       0,  1488655, 11103080
       0,   572134, 11103669
       0,  1669818, 11103054
       0,  1681268, 11102043
       0,     4784, 11101922
       0,   108555, 11102666
       0,   147115, 11100529
       0,  1515771, 11101176
       0,   263470, 11102739
       0,   278981, 11100994
       0,   912503, 11103256
       0,   769671, 11103726
       0,   370637, 11102581
       0,   259129, 11101250
       0,   493123, 11102007
       0,  1236019, 11101484
       0,   610892, 11101725
       0,  1046788, 11100312
       0,   819125, 11101114
       0,   853045, 11103729
       0,  1614798, 11101428
       0,   289284, 11102965
       0,  1142235, 11100501
       0,  1169558, 11103782
       0,  1179494, 11103455
       0,  1663683, 11102201
       0,  1356667, 11101808
       0,  1533085, 11101312
       0,  1542046, 11100294
       0,  1311348, 11103050
       0,  1635782, 11101768
       0,  1677643, 11101263
       0,  1136785, 11102429
       0,   173565, 11102487
       0,   445948, 11103246
       0,   367782, 11102483
       0,   436713, 11101325
       0,   444680, 11103187
       0,   537740, 11100053
       0,   597544, 11100392
       0,   775272, 11101015
       0,   786106, 11102458
       0,  1208258, 11100858
       0,  1208528, 11101943
       0,  1482594, 11101650
       0,  1260310, 11103612
       0,    63679, 11102862
       0,   195704, 11100439
       0,   248135, 11101252
       0,   407317, 11102800
       0,   420776, 11102044
       0,   470183, 11101965
       0,   755658, 11101007
       0,   801692, 11102983
       0,  1301230, 11103337
       0,   124383, 11100349
       0,   316486, 11100462
       0,  1301837, 11101938
       0,    56112, 11101236
       0,  1515257, 11102584
       0,  1653425, 11103480
       0,  1356020, 11100779
       0,    45080, 11102569
       0,    70948, 11103566
       0,    85719, 11101256
       0,   280540, 11102122
       0,  1550904, 11103499
       0,   450316, 11101243
       0,  1098595, 11102805
       0,   651463, 11102357
       0,   496675, 11101879
       0,  1503214, 11102156
       0,  1099607, 11102397
       0,  1042942, 11100905
       0,   294946, 11102102
       0,  1340092, 11103190
       0,  1279388, 11101124
       0,  1600217, 11100154
       0,   729773, 11100885
       0,   216906, 11101946
       0,  1600666, 11101742
       0,    62468, 11103528
       0,    95349, 11100207
       0,   124894, 11103399
       0,   125624, 11100104
       0,   886108, 11101107
       0,   441306, 11101656
       0,   555768, 11102492
       0,   653029, 11100954
       0,   670440, 11100466
       0,   771154, 11101072
       0,   781433, 11100749
       0,   830037, 11103672
       0,  1274471, 11101561
       0,   934695, 11102544
       0,   944577, 11102861
       0,  1297858, 11100183
       0,  1356305, 11102784
       0,   131492, 11102298
       0,  1374775, 11100442
       0,  1209248, 11103390
       0,  1254745, 11101724
       0,  1390140, 11100686
       0,  1437609, 11100109
       0,  1561902, 11101287
       0,   856125, 11102059
       0,   181004, 11101439
       0,    64051, 11103206
       0,   998860, 11101477
       0,   460537, 11100757
       0,  1093096, 11102841
       0,    17671, 11102148
       0,    53099, 11103051
       0,  1470505, 11103087
       0,   733514, 11101574
       0,   231446, 11102394
       0,   158831, 11103214
       0,   455621, 11101812
       0,   812901, 11103437
       0,   373862, 11101165
       0,   935783, 11102311
       0,  1272644, 11100486
       0,  1326875, 11102946
       0,   221289, 11102120
       0,    64219, 11100083
       0,   199436, 11100856
       0,   215167, 11102418
       0,   240927, 11100050
       0,  1372534, 11100665
       0,   459015, 11103240
       0,  1206141, 11101937
       0,  1077991, 11100926
       0,  1591497, 11102897
       0,   101356, 11101611
       0,   155344, 11101225
       0,   231674, 11101568
       0,   409609, 11103186
       0,   545072, 11102763
       0,   684090, 11103608
       0,   849144, 11102508
       0,   861345, 11101767
       0,  1676372, 11102730
       0,  1061111, 11103148
       0,  1080662, 11100762
       0,  1294979, 11100242
       0,   950883, 11102017
       0,    56388, 11101139
       0,    72421, 11103071
       0,  1448683, 11101418
       0,  1065404, 11102071
       0,   287870, 11103315
       0,   444940, 11101782
       0,   725584, 11101752
       0,  1566706, 11101180
       0,   977376, 11100539
       0,   990718, 11102238
       0,   996604, 11100063
       0,  1628518, 11102870
       0,  1321638, 11101107
       0,   218327, 11100145
       0,   295832, 11103582
       0,   314805, 11103414
       0,   644505, 11101401
       0,   711944, 11103426
       0,  1036031, 11101344
       0,   993140, 11103124
       0,  1007586, 11100366
       0,  1094376, 11101467
       0,  1166050, 11100495
       0,  1332422, 11101029
       0,  1499782, 11102429
       0,   745366, 11102564
       0,  1062498, 11101080
       0,   798145, 11100305
       0,   432530, 11103665
       0,   778943, 11102500
       0,   920407, 11100062
       0,  1140985, 11103587
       0,   401767, 11100676
       0,  1375905, 11101928
       0,  1353850, 11102249
       0,   146668, 11102539
       0,  1110625, 11103019
       0,  1556783, 11103410
       0,   391260, 11101690
       0,   209843, 11103540
       0,   524087, 11100718
       0,  1462755, 11101582
       0,   590341, 11103181
       0,   701853, 11101889
       0,   756676, 11101227
       0,  1188787, 11102495
       0,  1220985, 11103701
       0,  1232524, 11101531
       0,   281745, 11102442
       0,  1600686, 11100112
       0,  1336934, 11100300
       0,  1682992, 11100571
       0,    54334, 11103765
       0,   149795, 11102361
       0,   440054, 11101283
       0,   489395, 11102443
       0,  1248702, 11103376
       0,   638846, 11103467
       0,   689580, 11101983
       0,   882626, 11100765
       0,   807378, 11103419
       0,   632791, 11103413
       0,  1133216, 11102304
       0,  1150660, 11100845
       0,  1241249, 11101314
       0,  1454988, 11100770
       0,  1677778, 11102789
       0,  1520991, 11102869
       0,   367543, 11102715
       0,  1628119, 11101051
       0,    36110, 11100704
       0,  1582049, 11101334
       0,   563336, 11102372
       0,  1553100, 11100104
       0,  1220262, 11103676
       0,  1585494, 11102256
       0,   635316, 11102595
       0,   670798, 11103745
       0,   839967, 11102131
       0,   866418, 11100622
       0,   897064, 11101863
       0,   235734, 11103328
       0,   228864, 11103721
       0,  1038646, 11100802
       0,  1135379, 11100399
       0,  1293274, 11100422
       0,  1319402, 11101526
       0,   937819, 11103611
       0,  1262296, 11101651
       0,  1467789, 11100067
       0,   407071, 11103812
       0,   159866, 11100234
       0,    36316, 11102473
       0,   362721, 11102860
       0,   468433, 11101691
       0,   587032, 11101054
       0,   636210, 11100517
       0,   656571, 11100493
       0,   706741, 11101533
       0,   732477, 11100616
       0,   738163, 11102166
       0,   759144, 11100655
       0,    53376, 11102566
       0,   790848, 11100774
       0,   332556, 11100336
       0,   938846, 11102089
       0,  1036569, 11101184
       0,  1173879, 11100232
       0,  1268471, 11100010
       0,  1297129, 11101007
       0,  1333091, 11103132
       0,  1464028, 11102784
       0,   401062, 11101571
       0,    25644, 11101063
       0,  1680819, 11101495
       0,   131832, 11101470
       0,   143202, 11103648
       0,   739295, 11101410
       0,  1430966, 11102241
       0,   558434, 11103105
       0,   199108, 11102403
       0,   780402, 11100712
       0,   682548, 11103002
       0,   380842, 11102738
       0,   354596, 11101190
       0,   587231, 11101999
       0,   644311, 11101244
       0,   684085, 11102115
       0,   766647, 11102015
       0,   760480, 11102125
       0,  1047126, 11102049
       0,   961861, 11103640
       0,  1059189, 11101138
       0,  1200728, 11100639
       0,    99710, 11100192
       0,  1397462, 11100964
       0,   936851, 11101128
       0,  1427053, 11100454
       0,    41564, 11101273
       0,  1421026, 11101634
       0,    15553, 11100889
       0,   210742, 11100989
       0,   159002, 11101127
       0,   180233, 11100531
       0,   259130, 11100917
       0,   351704, 11103373
       0,   393170, 11101578
       0,   428298, 11103055
       0,   501075, 11102335
       0,   509323, 11100105
       0,   612980, 11100931
       0,   633988, 11102330
       0,   650723, 11102076
       0,   877909, 11100497
       0,   883366, 11100633
       0,   925517, 11101456
       0,  1013731, 11103797
       0,   779708, 11100438
       0,  1232589, 11100273
       0,  1528523, 11100977
       0,  1659543, 11103025
       0,   503121, 11101088
       0,   200326, 11102988
       0,   311775, 11101324
       0,   316517, 11100277
       0,   535084, 11101297
       0,   706429, 11101290
       0,   929307, 11103521
       0,   986339, 11102501
       0,   250174, 11100181
       0,   790760, 11103233
       0,   945671, 11100282
       0,   962049, 11103597
       0,  1181112, 11102465
       0,  1185083, 11100522
       0,  1619911, 11101179
       0,   151023, 11100485
       0,    46842, 11103204
       0,    22499, 11100111
       0,    35662, 11101308
       0,    67680, 11101553
       0,   105142, 11103716
       0,   319507, 11103192
       0,    41481, 11100625
       0,   676306, 11101135
       0,   321557, 11102589
       0,   407625, 11100155
       0,   941536, 11102111
       0,  1057563, 11100135
       0,  1127156, 11100452
       0,  1296657, 11100598
       0,  1524738, 11100576
       0,  1609814, 11103273
       0,     5566, 11102577
       0,    96431, 11102478
       0,   121716, 11100742
       0,   522856, 11100898
       0,   231572, 11101890
       0,    92208, 11102807
       0,   285922, 11102133
       0,   364407, 11103552
       0,   423438, 11100196
       0,  1515545, 11100084
       0,    40687, 11100235
       0,   612571, 11100270
       0,   906482, 11103191
       0,   968160, 11100728
       0,  1378823, 11100168
       0,  1196663, 11100532
       0,  1242011, 11100301
       0,   495221, 11103271
       0,  1257465, 11101541
       0,   259929, 11100142
       0,  1305856, 11103281
       0,   601523, 11101903
       0,  1646392, 11101105
       0,   104243, 11103677
       0,     9387, 11102088
       0,    88342, 11103639
       0,  1596055, 11102955
       0,   315907, 11102527
       0,   406120, 11102233
       0,   299017, 11102678
       0,   908622, 11102337
       0,   218876, 11102420
       0,  1413541, 11103279
       0,   949599, 11101118
       0,   986500, 11101682
       0,  1467764, 11102601
       0,   649881, 11101361
       0,  1092240, 11103202
       0,  1234988, 11100553
       0,   573235, 11101482
       0,  1279328, 11100420
       0,  1300490, 11102627
       0,  1329828, 11101949
       0,  1409068, 11102469
       0,  1378832, 11100321
       0,   986244, 11102411
       0,   617371, 11102927
       0,  1205769, 11102066
       0,   957192, 11101013
       0,    70162, 11100967
       0,   140242, 11102113
       0,  1583950, 11103382
       0,   384607, 11102198
       0,  1372921, 11102313
       0,   157164, 11102265
       0,   174349, 11101626
       0,   480436, 11101170
       0,   409627, 11103102
       0,   528355, 11101336
       0,   941957, 11102485
       0,   449001, 11100296
       0,   466161, 11101709
       0,   496725, 11101448
       0,   547581, 11103792
       0,   225671, 11100335
       0,   749551, 11103656
       0,  1241258, 11101185
       0,   810342, 11101878
       0,   820149, 11103393
       0,   825337, 11101992
       0,   905082, 11100797
       0,   969548, 11100815
       0,   334002, 11100330
       0,  1032927, 11102528
       0,  1052662, 11102347
       0,  1102425, 11100923
       0,  1229145, 11103558
       0,  1218629, 11101338
       0,  1311923, 11100023
       0,  1378263, 11103576
       0,  1393580, 11101476
       0,  1396869, 11101592
       0,  1454935, 11100602
       0,    26302, 11103264
       0,  1542555, 11100240
       0,  1546703, 11103686
       0,   730096, 11100895
       0,  1573504, 11103123
       0,   173564, 11100992
       0,  1603101, 11101443
       0,  1123316, 11102291
       0,    21875, 11102264
       0,    53375, 11102395
       0,    64865, 11103651
       0,    98561, 11102526
       0,   138448, 11102480
       0,   835320, 11101518
       0,   322169, 11102378
       0,  1303539, 11102788
       0,   403318, 11102625
       0,   474884, 11100590
       0,   169841, 11100153
       0,   489854, 11100314
       0,   201415, 11103501
       0,   694851, 11100394
       0,   559401, 11100289
       0,   950016, 11101166
       0,   632001, 11103024
       0,   647745, 11101593
       0,  1104843, 11100720
       0,   198243, 11100826
       0,   880264, 11103158
       0,   896033, 11100108
       0,  1043448, 11103545
       0,   657766, 11102771
       0,  1384809, 11100028
       0,  1251667, 11102318
       0,   797017, 11101876
       0,  1356666, 11100707
       0,    30960, 11102847
       0,  1399762, 11100220
       0,   382939, 11101438
       0,  1586341, 11103702
       0,    88659, 11100027
       0,  1348160, 11100265
       0,  1691430, 11103148
       0,    15498, 11102730
       0,   334722, 11102035
       0,   175315, 11102027
       0,    64877, 11100307
       0,   372339, 11100123
       0,   456985, 11102026
       0,   517651, 11103564
       0,   532886, 11103404
       0,   179666, 11100215
       0,   560820, 11102684
       0,   363400, 11102749
       0,   506960, 11100097
       0,   878801, 11103121
       0,  1428767, 11102619
       0,   754528, 11101638
       0,   770698, 11100677
       0,   176220, 11102499
       0,   809627, 11102780
       0,  1221513, 11100911
       0,   837139, 11100654
       0,  1145349, 11102075
       0,  1653438, 11100009
       0,   592676, 11102628
       0,  1241040, 11103816
       0,  1273754, 11103435
       0,  1353968, 11101258
       0,  1375058, 11103091
       0,   151792, 11100416
       0,  1378697, 11101327
       0,  1432486, 11102839
       0,  1436329, 11101381
       0,  1098339, 11103714
       0,   323618, 11102688
       0,  1604516, 11100350
       0,  1614782, 11102046
       0,  1660808, 11103422
       0,   588385, 11101217
       0,    35246, 11101223
       0,   111315, 11100319
       0,   355534, 11102743
       0,   137775, 11101685
       0,   142845, 11101348
       0,   187647, 11101534
       0,  1323449, 11103633
       0,  1485048, 11102626
       0,   514805, 11101816
       0,   337328, 11102701
       0,  1484015, 11100218
       0,  1315726, 11103134
       0,   483202, 11100257
       0,   503387, 11100640
       0,   517970, 11102709
       0,   590996, 11100304
       0,   721909, 11103664
       0,   206388, 11100869
       0,  1366364, 11100290
       0,   552731, 11100382
       0,  1008977, 11101911
       0,  1043671, 11100658
       0,  1046031, 11102667
       0,  1054520, 11100836
       0,  1178404, 11102935
       0,  1179432, 11101990
       0,  1365028, 11100990
       0,  1272312, 11101206
       0,  1183318, 11103713
       0,  1201904, 11102243
       0,   960137, 11103101
       0,  1506886, 11101126
       0,  1534961, 11101253
       0,  1596570, 11102729
       0,  1065798, 11103481
       0,   730073, 11103073
       0,   327640, 11103208
       0,   361652, 11101704
       0,  1564347, 11102095
       0,   493124, 11103713
       0,   501680, 11102001
       0,   619027, 11101572
       0,   633898, 11102973
       0,   650823, 11102523
       0,   982341, 11102604
       0,   855397, 11101756
       0,  1180240, 11101222
       0,   263719, 11103012
       0,  1149728, 11100652
       0,  1163142, 11101907
       0,  1199374, 11103074
       0,  1209915, 11100867
       0,  1222236, 11103644
       0,  1488464, 11103295
       0,  1421001, 11103785
       0,  1317238, 11102622
       0,   772451, 11101409
       0,  1533139, 11102970
       0,   369625, 11102163
       0,    33676, 11101504
       0,    41577, 11102829
       0,    46821, 11103628
       0,    54705, 11103825
       0,  1184332, 11103491
       0,   209973, 11102441
       0,   208210, 11103343
       0,   245386, 11103064
       0,   260433, 11103217
       0,   293748, 11102413
       0,   308237, 11101049
       0,  1311658, 11100129
       0,   539796, 11100006
       0,   151501, 11103471
       0,   800454, 11102061
       0,   370601, 11102242
       0,   658629, 11100410
       0,   731733, 11102618
       0,   788351, 11103747
       0,   964084, 11100487
       0,   984355, 11101471
       0,   159450, 11102635
       0,   644997, 11102164
       0,  1111016, 11102162
       0,  1115339, 11102551
       0,  1258392, 11100030
       0,  1179913, 11101748
       0,  1199031, 11101109
       0,   964523, 11100613
       0,  1204961, 11101309
       0,  1216585, 11101587
       0,   587910, 11101390
       0,   609499, 11100327
       0,  1349937, 11101075
       0,  1434996, 11100369
       0,   382282, 11101833
       0,  1464867, 11101295
       0,   910545, 11102998
       0,  1266996, 11101993
       0,   368336, 11101201
       0,  1551097, 11102002
       0,  1551944, 11101192
       0,   673986, 11103733
       0,    91161, 11100089
       0,    77172, 11102229
       0,   702949, 11102734
       0,   338850, 11100871
       0,   199429, 11100586
       0,  1026190, 11103048
       0,   309096, 11101954
       0,  1336575, 11100377
       0,   365049, 11101173
       0,  1048801, 11100930
       0,   411513, 11101612
       0,   479386, 11102637
       0,   105799, 11100198
       0,  1429992, 11101178
       0,   619007, 11100608
       0,   668447, 11103574
       0,  1370687, 11102685
       0,   689586, 11102538
       0,   701452, 11100802
       0,   718054, 11100663
       0,   794927, 11103248
       0,   848368, 11100743
       0,   868418, 11103659
       0,   953384, 11101245
       0,   999078, 11102353
       0,  1057334, 11100998
       0,  1104182, 11103425
       0,  1121178, 11101412
       0,  1167449, 11100341
       0,  1171731, 11102833
       0,  1222157, 11101200
       0,  1237304, 11103356
       0,  1251685, 11100283
       0,  1437094, 11101431
       0,   153998, 11101570
       0,  1327203, 11100347
       0,    78000, 11101292
       0,  1195339, 11101830
       0,  1318842, 11101854
       0,   998677, 11103081
       0,  1402698, 11101941
       0,  1536545, 11103160
       0,  1491935, 11101374
       0,  1560773, 11103539
       0,   707647, 11102573
       0,   781868, 11100322
       0,    10850, 11103282
       0,    48988, 11100204
       0,  1179601, 11103312
       0,   149373, 11103266
       0,    90983, 11101267
       0,   702392, 11101959
       0,  1356319, 11102509
       0,   605756, 11102941
       0,    84767, 11103026
       0,   941975, 11103151
       0,   371265, 11101300
       0,   426798, 11100092
       0,   360679, 11103683
       0,   500216, 11101171
       0,   356340, 11102720
       0,   505905, 11102919
       0,  1174023, 11101174
       0,   579470, 11103773
       0,  1542446, 11100032
       0,   598700, 11100210
       0,   551780, 11100909
       0,   795706, 11100861
       0,   802779, 11102803
       0,   650736, 11100647
       0,   844796, 11100865
       0,   949466, 11100641
       0,   419767, 11100876
       0,   973487, 11103259
       0,  1241805, 11103588
       0,  1273202, 11102782
       0,  1368485, 11101818
       0,  1394856, 11103159
       0,    54339, 11102982
       0,  1494435, 11100606
       0,   215757, 11101091
       0,  1341748, 11100458
       0,  1610285, 11101563
       0,  1347391, 11102369
       0,    50023, 11101813
       0,   118584, 11102085
       0,   119272, 11103338
       0,   347579, 11100117
       0,   444010, 11100484
       0,  1259817, 11100621
       0,   507882, 11102448
       0,   638357, 11100411
       0,   682242, 11103420
       0,     8775, 11102827
       0,   733336, 11102226
       0,   787004, 11100161
       0,   798163, 11100269
       0,   210636, 11100271
       0,  1004827, 11103494
       0,   475126, 11103321
       0,  1099566, 11103147
       0,  1137610, 11100879
       0,  1159650, 11101064
       0,  1175485, 11102877
       0,  1207379, 11100830
       0,  1438802, 11101233
       0,  1542239, 11100612
       0,  1563881, 11100039
       0,  1075612, 11102948
       0,  1624128, 11103451
       0,  1681275, 11101978
       0,    71977, 11102909
       0,    94870, 11100934
       0,   209329, 11101917
       0,  1491062, 11102770
       0,   375967, 11103001
       0,   451966, 11100430
       0,   623703, 11102297
       0,  1055358, 11102542
       0,   750327, 11103038
       0,   728631, 11102642
       0,   486705, 11102740
       0,   853027, 11100195
       0,   876034, 11100230
       0,   623956, 11100991
       0,   921889, 11102014
       0,   922957, 11100682
       0,   963392, 11101744
       0,  1021099, 11100700
       0,  1073848, 11101736
       0,  1195023, 11102933
       0,  1013011, 11102259
       0,  1530705, 11101873
       0,  1557694, 11101402
       0,  1597078, 11101583
       0,  1244202, 11102957
       0,  1523281, 11100004
       0,   996648, 11102188
       0,   365627, 11101505
       0,   419037, 11101584
       0,  1353954, 11101700
       0,   491013, 11101771
       0,   507661, 11100593
       0,   310339, 11101678
       0,   629626, 11102503
       0,   656379, 11102540
       0,    85695, 11102608
       0,   742913, 11103413
       0,   777076, 11100402
       0,   784949, 11101646
       0,  1060771, 11101056
       0,  1010627, 11103228
       0,  1176079, 11101331
       0,  1162622, 11100852
       0,  1489692, 11101537
       0,  1516610, 11102536
       0,      451, 11102612
       0,    27509, 11101096
       0,   190454, 11102452
       0,  1642922, 11102575
       0,  1094032, 11102728
       0,  1635296, 11101301
       0,   852446, 11103764
       0,  1117232, 11101935
       0,  1201404, 11101141
       0,  1145706, 11101921
       0,  1071305, 11100776
       0,   762169, 11102481
       0,  1560838, 11103251
       0,   771969, 11100119
       0,  1668642, 11101861
       0,   239738, 11102675
       0,   707720, 11100629
       0,    30262, 11102923
       0,   299167, 11101843
       0,   463782, 11100020
       0,   474528, 11100263
       0,   755454, 11101949
       0,   810465, 11102627
       0,  1131293, 11101043
       0,  1394483, 11100825
       0,   117172, 11102864
       0,  1284681, 11100453
       0,  1400828, 11101215
       0,   978957, 11100122
       0,   288100, 11101219
       0,   554038, 11100915
       0,   495734, 11100862
       0,   999087, 11101638
       0,  1195101, 11100209
       0,   290657, 11103043
       0,  1552188, 11101220
       0,   410919, 11100070
       0,   966010, 11101567
       0,   230845, 11100667
       0,  1533270, 11102365
       0,   299014, 11103276
       0,   511896, 11102511
       0,   678126, 11103263
       0,   699414, 11101569
       0,   253833, 11101546
       0,  1374769, 11101203
       0,  1549513, 11100279
       0,   268345, 11102733
       0,   366467, 11103543
       0,  1214134, 11101991
       0,   823368, 11101001
       0,  1564314, 11103139
       0,   266271, 11102059
       0,   674320, 11102590
       0,  1079948, 11103662
       0,   940488, 11102875
       0,   193966, 11102100
       0,    13739, 11100490
       0,   491871, 11102370
       0,   844969, 11100358
       0,  1276733, 11100936
       0,   116205, 11101641
       0,  1268051, 11102087
       0,    56572, 11102018
       0,  1396930, 11100661
       0,  1614610, 11102978
       0,   276490, 11103697
       0,   125219, 11101787
       0,    89772, 11102780
       0,   193357, 11100380
       0,   249816, 11100798
       0,   389215, 11100348
       0,   600240, 11101388
       0,   683871, 11100884
       0,   928084, 11101473
       0,  1315454, 11100726
       0,  1377216, 11101783
       0,  1384458, 11100874
       0,  1416595, 11103185
       0,  1590146, 11100515
       0,   554062, 11102446
       0,   723222, 11100253
       0,   186932, 11101989
       0,  1222724, 11101296
       0,  1623918, 11100698
       0,    55957, 11102432
       0,   817165, 11101642
       0,   196074, 11101514
       0,  1533070, 11102169
       0,  1265062, 11101545
       0,  1335404, 11103652
       0,   158743, 11101845
       0,   276640, 11101795
       0,   587868, 11100941
       0,   861083, 11101212
       0,  1003113, 11102706
       0,  1107542, 11101121
       0,   547426, 11102655
       0,   707885, 11100072
       0,  1395819, 11101345
       0,  1398070, 11102023
