   21863
   35127
   40731
   87383
  112508
  115381
  127045
  129538
  137314
  150214
  162702
  163510
  182834
  187099
  189436
  202054
  203108
  235916
  249128
  259121
  261706
  291574
  312063
  386092
  434893
  482145
  487758
  503717
  518658
  529767
  531369
  534596
  586557
  624743
  674617
  190388
  200457
    4443
    5240
    7769
   12733
   20636
   21732
   24891
   27550
   31970
   33764
   35426
   35462
   36292
   36679
   38423
   38657
   40840
   41122
   42495
   43000
   43909
   49720
   50210
   51996
   52266
   52745
   53892
   56076
   59700
   61158
   64400
   65741
   66398
   66524
   69532
   73680
   73715
   77219
   80063
   81190
   83792
   90952
   95412
   95579
   99756
  102424
  102456
  106947
  107863
  109663
  114807
  114884
  116421
  117285
  122450
  122881
  125225
  125896
  128287
  129522
  129564
  129590
  129671
  133018
  136451
  138985
  140887
  143259
  144631
  144761
  144884
  147828
  148097
  148434
  149513
  149688
  151440
  152707
  154207
  160568
  167521
  172984
  175524
  175659
  178643
  179016
  181919
  184279
  186698
  190701
  191829
  193786
  194735
  195172
  197568
  198090
  199738
  200690
  201053
  202833
  203378
  204551
  207619
  209054
  209056
  211590
  215058
  215646
  216120
  218269
  218393
  221686
  221962
  222858
  225923
  226401
  226413
  227752
  228974
  229096
  229389
  230685
  230767
  232391
  233961
  235462
  236050
  239134
  240034
  242026
  244196
  244299
  245996
  254778
  258011
  264246
  264882
  272815
  273360
  274561
  275155
  275513
  277024
  277631
  278389
  279587
  279727
  288313
  291486
  292258
  292364
  293713
  294228
  296691
  297400
  300398
  302087
  302390
  302559
  304965
  305280
  316349
  317779
  319020
  319699
  320370
  321615
  327859
  328626
  329362
  330849
  333104
  333366
  333477
  339222
  341100
  343986
  344516
  346105
  349570
  352629
  354077
  362590
  363215
  366537
  366902
  369930
  371828
  373830
  376319
  381099
  383770
  389355
  390131
  390576
  390698
  391742
  393199
  395791
  396843
  398704
  399147
  399619
  399917
  400883
  401188
  401437
  405246
  405450
  405689
  405879
  406473
  408187
  409818
  409937
  411625
  415250
  416509
  416811
  417157
  419651
  422599
  422896
  424973
  425999
  426285
  430298
  431611
  437829
  439303
  441364
  443428
  444186
  444506
  444706
  446119
  449244
  449504
  450385
  456008
  463264
  463364
  465525
  467611
  470465
  474190
  474910
  477321
  480620
  483622
  486887
  487953
  488235
  490977
  492731
  493537
  494258
  495600
  496690
  501745
  503774
  505158
  508931
  509675
  509895
  511941
  513517
  515371
  517575
  518119
  518951
  520224
  520427
  523103
  524645
  526901
  527248
  527984
  532849
  539363
  539619
  540195
  543178
  544710
  545534
  547166
  547993
  550013
  550112
  550790
  550802
  550871
  552683
  553049
  553620
  554711
  555042
  555822
  556446
  556687
  557333
  559465
  560325
  564069
  565669
  567082
  570468
  575308
  575979
  577225
  580745
  581986
  582758
  591861
  592447
  596013
  612689
  612929
  615581
  615809
  616600
  618476
  622658
  625566
  629315
  632935
  633467
  633542
  636221
  638124
  641109
  641812
  642430
  643618
  653000
  654089
  654851
  655677
  656469
  656480
  660748
  661506
  661593
  667819
  668917
  672381
  675237
  679299
  370566
  607875
  423582
    6922
   11131
  123922
  625965
   13197
   14669
  616762
  111825
   16921
   17924
   18869
   19601
   20043
   20059
  190651
   20581
   26213
  574640
   28733
  185522
  617536
   34851
   36988
   37837
   38034
   39800
   39902
  491698
   46605
   47344
  532335
  105006
   55925
   56036
  654986
  269634
  595576
   58317
   60410
  358227
   64171
   64477
   64491
  298162
   68868
   69706
   69712
   69816
  142935
   75658
   77060
  198835
  284965
   83636
   85424
   85440
  561554
   89154
   90422
   93410
  438028
   95126
  651716
   96844
  681516
   99033
  348063
   99473
  125111
  105388
  107333
  107499
  108915
  112482
  585064
  231706
  119876
  120087
  120771
  636546
  127270
  193122
  135297
  137306
  139283
  139396
  140031
  141614
  146034
  148241
  152324
  152787
  235231
  157305
  420860
  161221
  484049
  550375
  169825
  172968
  634388
  529261
  180219
  181546
  184287
  184290
  486078
  187540
  187869
  195446
  191146
  192760
  641903
  193148
  199281
  608374
  205471
  494654
  419328
  211345
  386613
  215928
  216883
  498669
  173769
  635821
  222680
  227144
  229031
  444351
  231594
  232680
  233192
  235341
  236604
  255192
  241717
  245470
  590588
  613093
  250934
  252103
  252560
   77033
  259324
  260052
  260699
  262941
  268927
  572454
  549752
  277969
  278272
  393507
  282937
  285177
  419105
  676518
  287013
  292374
  293558
  373187
  353795
  299685
  307608
  316847
  270627
  320342
  669011
  286668
  327119
  328846
  329455
  330985
  464774
  331380
  331457
  331580
  582859
  379298
  495315
  341325
  341404
  343674
  345854
  349538
  353329
   82195
  363770
  585556
  368804
  369190
  275452
   66670
  372859
  373895
  376664
  303534
  377250
  377348
  612109
  392689
  396058
  397099
  194653
  398062
  399336
  493371
  639331
   84512
  405931
  222681
  414750
  524676
  418046
  624991
  423976
  452733
  446470
  428504
  433620
   50537
  440943
  445496
  445906
  448127
  451017
  451202
  452232
  460217
  465490
  476070
  546273
  420514
  144691
  474296
  474987
  634366
  648030
   83158
  486478
  487203
  488191
  493015
  637558
  507407
  546830
  521910
  530533
  509514
  216244
  650830
  362071
  195969
  555358
  556245
  556927
  563800
  142812
  568835
  669582
   53976
  572222
  578757
  583318
  589126
  592908
  593607
  593943
  596649
  598272
  600401
  607604
  607666
  611970
  612680
  613584
  123761
  617803
  144178
  628820
  629089
  630996
   69376
  632085
  638223
  613432
  647184
  647409
  649031
  656555
  619338
  661732
  662205
  666451
   17835
   28809
   43474
  122099
  227937
   60319
   60532
   72449
  225995
   97833
  159626
   36050
  658800
  128609
  129229
  132995
  336921
  559504
  519542
  171714
  171837
  189684
  191585
  227537
  236228
  237525
  246224
  242347
  258294
  273613
  291019
  193328
  299590
  311907
  312815
  277404
  318174
  322681
  326952
  329904
  335675
  337097
  340469
   63123
  354323
  388894
  399331
  405733
  406988
  424855
  424989
  555344
  435522
  132457
  442146
  449729
  470417
  428260
  257907
  497019
  657975
  522228
  523014
  551336
  552669
  442186
  553670
  581038
  585667
  506730
   29003
  603070
  458801
  613844
  622718
  636216
  648461
  655968
  658265
  659821
  567237
  598609
  665897
  257535
   47200
   64845
   83300
  105610
  122998
  139919
  274880
  261836
  157858
  165699
  167897
  168251
  170404
  171898
  193118
  198710
  626679
  215011
  220862
  523042
  241484
  250791
  271133
  271928
  274968
  281325
  293065
  303257
  308422
  318251
  323140
   92925
  336634
  342560
  207907
  391016
  396321
  411167
  675600
  436936
  439747
  441103
  512721
  456430
  520386
  476296
  480804
  492549
  506494
   58604
  409986
  524083
  528184
  545188
  545345
  293523
  392746
  361888
  568563
  571627
  156220
  591203
  601287
  615389
  254804
  573112
   13032
   14541
   16574
   28506
   30616
   44433
  636119
  100869
  303477
  124412
  135093
  176447
  179641
  255371
  300678
  150491
  370923
  395618
  399620
  452812
  463013
  471983
  477129
  502758
  506921
  507831
  519973
  526391
  563689
  565380
  602391
  605199
  618602
  677653
  648849
  672342
  679200
   73755
  103541
  115631
  433707
  218039
  237700
  240924
  259616
  267551
  384945
  389955
  598621
   24495
  463365
  168338
  542318
  542557
  564834
  592573
  614366
  487298
  681389
   11662
   87193
   60842
   93055
  163588
  180816
  295169
  315480
  369523
  511658
  521186
  654720
  673127
     225
     410
   13198
   17494
   19208
   23256
   25717
   26975
   31740
   41120
   41249
   42772
   49784
   53901
   57028
   59608
   63984
   69760
   71408
   74074
   74753
   76503
   79769
   81993
   85383
   89649
   90726
   91350
   94007
  102949
  103232
  105302
  112829
  113309
  114594
  115238
  117043
  118359
  120211
  122142
  128290
  130379
  136700
  140323
  141774
  143061
  147213
  148343
  149616
  150169
  155724
  156083
  160654
  168153
  169245
  170357
  170863
  171077
  171427
  173367
  175534
  175875
  176671
  179309
  179828
  183254
  186453
  189578
  189609
  190020
  191665
  192616
  193767
  193993
  194189
  196989
  198739
  198792
  200870
  206051
  209564
  215244
  216745
  223270
  223317
  223366
  229311
  235528
  236339
  242355
  248059
  255966
  257235
  257457
  260922
  263055
  269994
  283572
  286357
  289790
  302472
  305619
  306843
  308836
  312645
  315038
  319858
  321215
  325588
  328498
  329872
  335446
  335932
  337621
  338638
  341174
  341874
  342491
  344708
  347444
  349632
  353417
  355069
  357410
  360837
  363809
  366221
  368373
  376621
  376658
  378947
  386722
  389850
  391839
  392905
  394650
  401919
  403674
  408832
  418190
  418582
  423699
  427240
  429934
  431574
  436573
  436884
  437788
  441255
  448829
  450985
  451467
  452888
  452983
  454255
  456017
  456883
  464975
  467305
  473240
  474602
  475749
  476967
  477370
  477375
  480942
  484158
  484532
  484535
  486049
  486975
  489085
  490217
  491632
  493100
  504550
  508301
  512488
  513044
  513345
  514314
  517169
  520068
  520500
  523930
  525270
  525892
  527198
  527390
  528760
  531329
  531520
  539281
  541966
  542606
  543946
  544053
  545812
  546148
  547172
  548408
  548538
  551938
  552713
  556940
  557527
  558209
  559303
  559730
  560428
  565196
  566532
  567084
  568077
  572286
  572663
  580435
  583847
  584026
  586175
  586430
  586540
  586703
  589733
  592385
  594316
  594934
  596189
  597526
  601639
  603236
  604442
  604690
  610142
  610794
  611844
  612773
  614772
  616474
  617805
  621636
  624029
  624104
  626459
  628418
  629954
  630962
  631923
  633034
  633909
  641250
  644930
  646885
  647591
  648740
  654380
  655183
  655570
  656173
  658984
  662712
  663262
  669786
  670789
  671920
  676485
  681725
