   16791
   30680
   38303
   41833
   42839
   47717
   56802
   59606
   60173
   74518
   84788
   84802
  118560
  133169
  135638
  148326
  148678
  155613
  162397
  203124
  220313
  246166
  312010
  318477
  337625
  339783
  340594
  349739
  359499
  387446
  429286
  435223
  291752
    1028
    1244
    3069
    4295
    5055
    6581
    7669
    7827
    8898
    9418
    9611
    9868
   10172
   10346
   10384
   10726
   11089
   11606
   12700
   13358
   13906
   14204
   14689
   14692
   15100
   15288
   15751
   16586
   16873
   17048
   19226
   21149
   23529
   25391
   25658
   25737
   25949
   26090
   26511
   27282
   29760
   31604
   32294
   35652
   35956
   36113
   36162
   36237
   37254
   38283
   38564
   39156
   39233
   39346
   43060
   44126
   44465
   45917
   48795
   50544
   50708
   52139
   52332
   52817
   55782
   55860
   56373
   56504
   60005
   60693
   60889
   61501
   62727
   66452
   66901
   67066
   67103
   67907
   68327
   68404
   68847
   69171
   70894
   71715
   72029
   72904
   73227
   74078
   74544
   74910
   76510
   76713
   77492
   80215
   80546
   81393
   83094
   83182
   83314
   83573
   84189
   84349
   84705
   85490
   86478
   87068
   87538
   88940
   89560
   89705
   90135
   90732
   90925
   90929
   92489
   96194
   96394
   96845
   97810
   97845
   97896
   99118
   99457
   99811
   99917
  100192
  100500
  100621
  100703
  100825
  102300
  104080
  108112
  109263
  110205
  110827
  111135
  111546
  112713
  112818
  113877
  114256
  117333
  117621
  117742
  119102
  119594
  119717
  120915
  121056
  121193
  121219
  122106
  122587
  123596
  124087
  125185
  126753
  127816
  128711
  129864
  131316
  132310
  133418
  133981
  134994
  135639
  136131
  137104
  137284
  138248
  139331
  139689
  140379
  143129
  144360
  146619
  147127
  147190
  147363
  147364
  147761
  148211
  149381
  151368
  151370
  151523
  152778
  153542
  154200
  155206
  158234
  159035
  160325
  161417
  165213
  165532
  166414
  167663
  169017
  169476
  172374
  172595
  172769
  173237
  173676
  174077
  174673
  175483
  179045
  179843
  181826
  182135
  182378
  182756
  183321
  183703
  183906
  184283
  185039
  185887
  190595
  191156
  191578
  191739
  191975
  192981
  194740
  195814
  195955
  196489
  201202
  201825
  201962
  202578
  203322
  209737
  209901
  210002
  210328
  210647
  211082
  215780
  216357
  216663
  219359
  220489
  223611
  223837
  224861
  225234
  225909
  226758
  227318
  227733
  230118
  233323
  233773
  233809
  234545
  234927
  236478
  236749
  236942
  237990
  239419
  239630
  239934
  239972
  240571
  243569
  245017
  245035
  245096
  245329
  245476
  246412
  246759
  247554
  247636
  247681
  247865
  248161
  251285
  251321
  252131
  253210
  254757
  255244
  256182
  256275
  258666
  258973
  259120
  259525
  259805
  260604
  260924
  260925
  261550
  262445
  263726
  263838
  264522
  266184
  267084
  267940
  268626
  271160
  271485
  273475
  273514
  273529
  274068
  274561
  275391
  277331
  277339
  277397
  278299
  280373
  280670
  282445
  284001
  287081
  287273
  288248
  288385
  289008
  290748
  291340
  292126
  292469
  293254
  293437
  294603
  296616
  297343
  297570
  298960
  299067
  299259
  300130
  300825
  302759
  303487
  304485
  306036
  307098
  308941
  309364
  311864
  312741
  315061
  319123
  320557
  320940
  322039
  322499
  322831
  324988
  325174
  329831
  330145
  330546
  333501
  333590
  335221
  337162
  339886
  340316
  342365
  342930
  343261
  345761
  345762
  346897
  347392
  354231
  354387
  355219
  356051
  357030
  357069
  357750
  358448
  358589
  359208
  359491
  359493
  360098
  362034
  362808
  362864
  362866
  365485
  367269
  367877
  369383
  370559
  370672
  371336
  371427
  377350
  377397
  380400
  386491
  388704
  389225
  390184
  391006
  393762
  396379
  396644
  396657
  396744
  397648
  398514
  400999
  401774
  401851
  404731
  406303
  406513
  409645
  410681
  410832
  411202
  412007
  412870
  413667
  414662
  414768
  416600
  417064
  417223
  417353
  419014
  422899
  423479
  423630
  424167
  424488
  425148
  425842
  427279
  427538
  428769
  431917
  436033
   28805
   88439
  184728
  295907
  213858
  259232
  423369
     293
     588
  396884
    1874
    2367
    2685
  294829
    4577
  392356
  300388
  384156
    6456
    6756
  226307
  378295
    9839
   10377
   10801
   11569
   11728
   12547
   12636
   13016
  437355
   13374
   13420
  212611
   15687
  317657
   16914
  310459
  245914
  171794
   18501
   18939
   19420
   20265
   20284
   22224
  215804
   22796
   23059
   23468
   24158
   24773
   24925
  195337
   26142
   26165
  329360
  415416
  405366
   27363
  413440
  331916
   30701
   30794
   31600
   32154
   33153
   33332
  133968
   36659
   83618
   38577
  381143
   40016
  223055
  182561
  379678
   41902
   45601
   45952
  269989
   47883
   48574
    8254
   71741
   49261
   51046
   51326
   51385
   52124
  247594
  385365
  405684
   54594
  263664
  281693
  328386
   57184
  134419
  161438
  140090
  154237
  413522
   58660
   59571
   59621
   60230
  273663
   61709
   61828
   62675
  323831
   63251
   63679
   64186
   65289
  140794
   65635
   66189
   70595
  372296
  184454
  344089
  369514
   69820
   71461
   72011
   73775
   75694
   76046
  134561
  414451
  156328
  237562
   78637
   78660
   78930
   81642
   79393
  234448
   81056
   81911
  385197
   82328
  231033
   83917
  193304
  122811
   85345
  303201
  242374
   86535
   87629
   88852
  203520
   91717
   91720
  363241
   94072
   94265
  105951
  358710
   95076
   95835
  192020
   96602
   87436
   98501
   98779
  285680
  101096
  101615
  102185
  102449
  102905
  103164
  103437
  357468
  321375
  105320
  105438
  105518
   71767
  107161
  398014
  108866
  108916
  109862
  430265
  111568
  112742
  114025
  114670
  115583
  283011
  116230
  116321
  117064
  117308
  118472
  119115
  119637
  120962
  121414
  121938
  122377
  125055
  256206
  345277
  371173
  183539
  131461
  100664
  132410
  134057
  158071
  134743
  136823
  137965
  138404
  139148
  139240
  177045
  187382
  141501
  142619
  267667
  203936
  144605
  145896
  147686
  312120
  149326
  149553
  150247
  151248
  171979
  154227
  154944
  155191
  155811
  142953
  159796
  160938
  196276
  161847
  163257
  171902
  430045
  164001
  164291
  328654
  165459
  165618
  384140
  166882
  167335
  301631
  168181
  184007
  173754
  174115
  176247
  323380
  176485
  331040
  234577
  178105
  275364
  331600
  182221
  322601
  184690
  295304
  185336
  195076
  186350
  187337
  187653
  209499
  193105
  193520
  330287
  195808
  195844
  196536
  337814
  199767
  250261
  310115
  204230
  433785
  205606
   79221
  318275
  208107
  208355
  208639
  210185
  212633
  320669
  215051
  216037
  399365
  218806
  173747
  223166
  315270
  227931
  228151
  313959
  396775
  197845
  230012
  230058
  153490
  232374
  232396
  232621
  233385
  329232
  278075
  252611
  235177
  236368
  237756
  238929
  327122
  240726
  241257
  241860
  242070
  285508
  432391
  367442
  245819
  245983
  246020
  293714
  302036
  297257
  252096
  252914
  254650
  255236
  258429
  259531
  357873
  262727
  359440
  264311
  424546
  265486
  377275
   42388
  271715
  272625
  156441
  276942
  278704
  279305
  279471
   43244
  281450
  282356
  283431
  283628
  122001
  285753
  286144
  289082
  289248
  289462
  291552
  293276
  294440
  366327
  410771
  297955
  397595
  299805
  299931
  300290
  388488
  301471
  302052
  325704
  313430
  304976
  147819
  307231
  377401
  307762
  350778
  311111
  311998
  312358
  167851
  317447
  318629
  141813
   33075
  320937
  366359
  325967
  327931
  328346
  330526
  251033
  235584
  290044
  219386
  335192
  375764
  431525
  336639
  338694
  340373
  342288
  346269
  346535
  118586
  378644
  351410
  352337
  352544
  353309
  354715
  354754
  424384
  382236
  355436
  356168
  359200
  384895
  362353
  362411
  192625
  313991
  366333
  367066
  404630
  379784
  272738
  301250
   92959
  385026
  410785
  391339
  393331
  393332
  265205
  396883
  397380
  398742
  430674
  399973
  406388
  278571
  184267
  407892
  411635
  415975
  416650
  417425
  417546
  420225
  420450
  421444
  421977
  426524
  188151
  228629
    1862
    2007
    3350
   96331
    5627
  162575
   14736
  310691
   16372
   19108
    3975
   27268
   27697
  229505
   38230
   45004
  262413
  414376
   57268
   57884
  395326
  261587
   72221
   72438
  430336
  177298
  328068
  282249
  114801
   89694
   93589
  102086
  106779
  107886
  113716
  277902
  113924
  114391
  118996
  137069
  141455
  144872
  272586
  148375
  205280
  152949
  163642
  166807
  176998
  181217
  181865
  342074
  189330
  313098
  198229
   46695
  203491
  206433
  419395
  218326
  220099
  246336
  227247
  100173
  234651
   83850
   46117
  259391
  262780
  280339
  292521
  269877
  277354
  279257
  280792
  278060
  288418
  294657
  170810
  301307
  226633
  315679
   19318
  319872
  109634
  328851
  289566
  340887
  346154
  188378
  300526
  357381
  358873
  359524
  407998
    6269
  315010
  298830
  371957
   30405
  379328
  380725
  390231
  391235
  213159
  210663
  413942
  407691
  411779
  278019
  421013
  431563
    4875
    6050
    9059
   90467
   13705
   22644
   24943
   89810
   27860
   32657
   33828
   36794
   43459
  229956
  368466
  254185
   73966
   75036
   77626
   81413
   89646
   96748
  121398
  134863
  145471
  308191
   88830
  154954
  164613
  169343
  347402
  183789
  193892
  417989
  205784
  210358
  212865
   81082
  236436
  329316
  243936
  271201
  282219
  424158
  410325
  305746
  316502
   56695
  319407
  326243
  331542
  343774
  347707
  115559
  369908
  370438
  375529
  391724
  398924
  412920
  413786
  148117
  435505
     844
  136043
  141643
   92347
  284457
  405690
   47608
   86602
  101610
  223425
  237050
  310612
  168680
  238572
  198117
  218095
  293807
  137787
  239625
  248634
  265124
  345085
  274930
  290992
  308653
  381573
  340604
  343944
  362323
  417898
    9541
  260415
   55737
   70831
   81081
   84152
  203699
  367276
  355639
  200327
  180265
   85506
  192888
  199603
  237888
  245876
  247206
  299997
  314871
  318042
  318087
  321031
   93590
  358962
  369640
  409271
  102354
  416163
  416251
   93710
  434983
  369673
  100530
  166967
  108499
  161671
  204285
  204409
  312962
  276668
   55871
   60570
  182857
  188132
  312114
  369763
  404021
  420571
  426079
  182910
  104733
     505
     910
    1248
    2888
    3258
    3875
    5294
    6286
   10200
   11374
   14854
   14871
   16662
   17786
   19954
   20219
   20917
   23521
   24883
   25710
   25796
   25894
   26096
   29312
   31112
   32428
   33572
   34241
   35093
   35297
   35316
   35871
   36022
   36499
   38668
   38694
   38716
   39747
   40033
   40390
   41744
   41828
   44795
   45129
   45630
   45963
   47078
   47782
   48483
   48869
   49278
   50187
   50601
   50669
   51266
   52326
   53145
   54195
   54623
   55576
   58438
   58774
   59300
   59493
   60093
   60103
   61399
   61895
   62071
   63636
   64799
   64838
   65736
   66160
   66494
   68793
   69780
   72120
   72501
   75059
   75844
   77946
   78179
   79900
   80735
   82115
   82220
   82646
   83304
   83698
   83891
   85418
   87416
   87749
   88726
   89168
   89396
   89822
   90266
   91403
   91413
   93467
   93666
   93806
   94181
   94372
   95168
   97659
   97818
   97931
   97981
   99564
   99964
  100033
  102085
  103232
  104486
  107531
  111072
  111505
  112561
  113625
  113896
  114109
  114247
  114432
  114704
  115643
  116810
  117919
  118123
  118169
  118223
  118301
  118827
  122620
  124343
  126068
  127297
  128241
  128456
  129983
  130107
  130137
  131486
  131644
  132375
  132646
  132690
  133779
  135592
  136654
  138193
  139253
  139978
  139980
  140349
  143350
  143885
  144047
  144166
  144378
  146510
  147426
  147436
  148403
  149302
  150076
  150373
  152956
  153319
  153802
  154846
  155196
  155200
  156080
  156429
  157580
  157820
  159026
  159637
  160262
  160513
  160613
  161592
  161751
  162306
  162926
  164200
  167340
  167661
  168795
  169634
  169935
  170700
  170761
  171232
  171591
  172222
  172310
  172548
  172679
  173725
  174179
  174788
  174826
  175995
  176013
  176048
  176279
  176360
  176706
  177569
  178247
  180004
  180094
  180891
  180919
  181276
  182004
  182453
  183039
  183271
  185542
  186075
  186916
  187221
  188885
  189112
  189805
  191125
  191590
  192162
  193944
  194342
  194351
  194453
  196263
  196331
  197096
  197447
  197963
  199962
  200422
  201172
  202208
  202492
  202557
  202591
  203073
  203358
  203524
  205173
  205245
  205530
  205596
  205734
  206982
  208039
  208761
  210037
  210350
  210756
  211293
  213353
  214166
  214293
  215344
  215654
  216613
  217169
  218329
  218742
  219072
  219709
  219733
  220735
  221091
  221635
  221657
  222227
  223178
  223291
  223526
  223742
  225687
  225768
  226156
  227134
  228463
  228576
  228591
  228966
  229507
  229682
  230447
  231117
  231352
  231951
  232323
  232592
  233893
  236221
  236453
  237196
  237596
  238350
  239012
  239515
  239647
  239669
  239890
  240636
  240821
  241291
  242007
  242074
  242451
  242962
  243125
  243398
  243527
  243885
  244128
  244264
  244315
  244974
  246418
  247036
  247287
  247648
  248113
  248941
  249180
  249204
  249922
  250466
  251096
  251850
  251983
  252537
  252655
  253571
  258536
  259920
  260569
  261985
  263447
  263932
  264013
  264143
  265598
  265762
  265977
  266466
  267352
  267594
  268090
  268454
  269133
  270185
  270392
  270544
  271823
  272475
  273078
  273550
  273564
  273808
  274954
  275269
  275967
  276843
  277361
  277665
  277906
  279100
  280425
  280470
  280939
  281605
  281846
  282137
  283467
  283590
  283662
  284309
  285113
  286065
  286586
  291995
  292382
  293713
  294712
  297299
  297787
  298209
  298787
  299490
  300005
  300649
  301586
  301751
  302462
  303576
  304024
  305182
  305968
  309440
  310033
  310567
  311747
  313067
  313527
  314022
  314141
  314242
  315083
  315107
  315641
  317144
  317388
  317571
  318241
  318395
  319214
  319267
  319531
  320110
  320341
  320815
  321829
  323880
  324108
  324503
  325265
  325713
  325760
  326113
  327876
  331549
  332024
  332252
  334040
  335429
  338569
  338640
  339127
  339265
  339525
  339982
  341032
  341440
  342676
  343125
  344617
  345022
  346753
  347947
  348388
  348794
  351845
  352413
  352890
  355431
  355594
  356195
  357584
  359687
  359968
  361011
  362650
  362873
  362931
  363867
  364134
  364400
  364404
  366106
  366797
  367669
  368795
  370054
  372006
  372302
  373538
  373979
  375383
  376230
  376266
  376447
  376500
  376896
  376917
  377452
  377470
  378460
  379927
  380028
  381104
  381756
  381944
  382212
  382898
  383048
  384123
  384953
  385266
  386069
  386143
  386388
  386569
  387033
  387144
  388781
  389889
  390014
  390948
  391120
  392128
  393165
  393776
  394433
  394482
  394795
  394919
  395037
  395846
  397295
  397477
  399049
  399099
  399279
  399880
  400235
  400317
  400668
  401163
  401265
  401359
  403172
  403474
  403536
  403749
  404086
  404351
  404359
  405271
  405944
  407103
  407753
  409060
  409781
  411072
  411157
  411870
  411973
  411986
  412134
  412346
  415077
  417618
  417688
  417765
  417878
  420025
  420266
  422399
  423744
  423811
  424810
  426529
  427172
  427231
  427884
  428850
  430637
  430719
  431263
  432625
  433423
  433509
  434303
  434432
  435679
  435717
  436506
  294220
