   14432:        0        1 
   32435:        0        1        2        3        4        6 
   72938:        0        1        3        4        5 
   82101:        0        2        3        4 
   84929:        0        1        3        4        5        6        7        8        9 
  222877:        0        1        2        3        4        7        8        9 
  225167:        0        1        2        3        4 
  245111:        0        1 
  273704:        0        1 
  290192:        0        1 
  319943:        0        1 
  340181:        0        1        2        3        4 
  344900:        0        1        2 
  384767:        0        1        2        3        4 
  433879:        0        1        2        3        4        6        7        8 
  442451:        0        1        2 
  445498:        0        1        2        3        4        5 
  521874:        0        1        2 
  529990:        0        1        2        3        4 
  334464:        0        1        2        3        4        5        6        7        8 
  273581:        0        1        2        3        5        6        7        8 
     213:        0        1 
     285:        0        2        3        4        5        6        7 
     666:        0        1        2        3        4        5        6 
     982:        0        1        2        3        4 
    5574:        0        1 
    7701:        0        1 
    8659:        0        1        2        3 
    9801:        0        1        2        3        4        5        6        7        8 
   10435:        0        1        3        6 
   13192:        0        1        3 
   17374:        0        2        3        4 
   20313:        0        1        2        3        4        5        6 
   23562:        0        1        2 
   23679:        0        2        3        4 
   25429:        0        1        2        3 
   27367:        0        1        2        3        4 
   27373:        0        1        5        7 
   27627:        0        1        2        3        4 
   27732:        0        2        4 
   29255:        0        1        2        3 
   29370:        0        1        4        5        6 
   30165:        0        1        2 
   32198:        0        1 
   33230:        0        2 
   35608:        0        1        2        3        4        6        7        8 
   35939:        0        1        3        4 
   36377:        0        1        2        3        4        6        7 
   38231:        0        1 
   38489:        0        1        2        3 
   39806:        0        1        2        3        4        6 
   40291:        0        1        3        4        5        6        8 
   42252:        0        1        2        3 
   42550:        0        1        2        3        4 
   42695:        0        1        2        3        4        5        6        7        8 
   43218:        0        1        2        3        4 
   45527:        0        1        2        3        4        5 
   45687:        0        1        2 
   46797:        0        1        2        3        4 
   47363:        0        1        2        3        4 
   48175:        0        1        2        4        5        6        7        8        9 
   48773:        0        2        3        4 
   49043:        0        1        3 
   50069:        0        1        2 
   50590:        0        2        3        4        5 
   52001:        0        1        2        3        4        5        6        7        8 
   53483:        0        2 
   53537:        0        1        2        3 
   54333:        0        2        3        4        5        6        7        8 
   55845:        0        1        4        5 
   56935:        0        1        3 
   58733:        0        1 
   59097:        0        1        2        3        4 
   60902:        0        1 
   61240:        0        1        2        3 
   62468:        0        1        2        3        4        5 
   63939:        0        1        2        3        4 
   65662:        0        1        2 
   66493:        0        3        6        7        8 
   67558:        0        1 
   67669:        0        2        4        5        7 
   69684:        0        1        2        3        4        5        6        7        8 
   70706:        0        1        2        3        4 
   71837:        0        1 
   72025:        0        1        2        3        4        5        6 
   73517:        0        1        2 
   77465:        0        1        2        3 
   77495:        0        1        2 
   77827:        0        2        3        4        5        7        9 
   78070:        0        1        2        3        5        6        7        8        9 
   78565:        0        1        2        6        7 
   78873:        0        1        2        3        5 
   79706:        0        1        2 
   82236:        0        1        2        3 
   82987:        0        1        2        3        4 
   87440:        0        1        2        3        4 
   93774:        0        1        3        4        7        8 
   95741:        0        1        2        3        4        5        6 
   96166:        0        1        2        3 
   96320:        0        1        2        3        4        5        6 
   97730:        0        2        3        4        5        6 
  100560:        0        1        2        3        4        5        6        7        8 
  103462:        0        3        4        5        6 
  105599:        0        1        2        3        4        5 
  111615:        0        1        2 
  113467:        0        1        2        3 
  113884:        0        1        2        3        4        5        6        7 
  117550:        0        1        2        3        4        5        7        9 
  119652:        0        1        2        3        4 
  125290:        0        1        2        4        5        6        7        8 
  126141:        0        1        2        5        6        8 
  127325:        0        1        2        3        4        5        6        7        8 
  129091:        0        1        5        6        7 
  130561:        0        2        4        5        6 
  132139:        0        1        2        3 
  132142:        0        2        5        6        7        8 
  135341:        0        1        2        4 
  135366:        0        1        2        3        4 
  135761:        0        1        2        3 
  136237:        0        1        2        3        4        5        6        7 
  136652:        0        1        2        3        4        5 
  137349:        0        1        2        3        4        5 
  137785:        0        1        2        3        4 
  138582:        0        1        2        3        5        6        7        8 
  138847:        0        1        2        3        4 
  139176:        0        2        3        4 
  142775:        0        1        2        3        4 
  142920:        0        1        2        3        4 
  143640:        0        1        2        3        4        5 
  144922:        0        1        2        3        4        5 
  148100:        0        1        2        3        4        5        6        7 
  148780:        0        1        2        5        6 
  149875:        0        1        2        3        4 
  151265:        0        1        2 
  151883:        0        1        2        3        4 
  151934:        0        1        3 
  152074:        0        1        2        3        4 
  153069:        0        1        2        3        4 
  154121:        0        2        3        5        6        7        8        9 
  155066:        0        2        3        5        6 
  157710:        0        1        2        3        4        5 
  158037:        0        3        5        8 
  160557:        0        1        2        3        4        5        6        7        8 
  161369:        0        1        2        3        4 
  164647:        0        1        2        3 
  166248:        0        1        2 
  167293:        0        1        2        3        4 
  169513:        0        2        3 
  173056:        0        1        2        3        4 
  173323:        0        1        2        3        4        5        6 
  176861:        0        1        2        3 
  180156:        0        1        2        3        4        5        6        7        8 
  182958:        0        1        2 
  184399:        0        1 
  186210:        0        2        3        4 
  186894:        0        1        2        3        4 
  190464:        0        1        2        4 
  191566:        0        1 
  191701:        0        1 
  193942:        0        2        3        4 
  194731:        0        1        2        3        5        6        7        8 
  194926:        0        2        3        4 
  197424:        0        2        3        4        5 
  197961:        0        1        2        3        4        5        6        7        8 
  199903:        0        2        3        4 
  202023:        0        1        3        4        5 
  203443:        0        1        2        3        4        5 
  204247:        0        1        2        3        4        5        6        7 
  212256:        0        1        2        3        4        5        6 
  214573:        0        1        2        4        5 
  216708:        0        1        2        3 
  217248:        0        2        3        4 
  220910:        0        1        3        4        5        7 
  222747:        0        1        2        3        4        5        6        7 
  226760:        0        1        2        3 
  227222:        0        1 
  227232:        0        1        2        3        4        5        6        7 
  227782:        0        2        4        5        6        9 
  227992:        0        1        2        3        4 
  229033:        0        1        2        3        4        5 
  229511:        0        2        4 
  229911:        0        1        2        3        4        5        7 
  230742:        0        1        2        3        4        5        6 
  232021:        0        1        2        3        4        5        6        7        8 
  239375:        0        1        3        4        5 
  240443:        0        1        2        3        4 
  241178:        0        1        2        3        4        5        6 
  242031:        0        1        2        3        4        5        6        7 
  243437:        0        1        2        3        4 
  244359:        0        1        2        3        4        5 
  248112:        0        1        2        3        4        5        6 
  248514:        0        1        2        3        4        5 
  249711:        0        1        2        3 
  250440:        0        1        2 
  254662:        0        1        2        3        4        5        6 
  256092:        0        3        4        5 
  258690:        0        1        2        3        4 
  259672:        0        1        2        3        4        5        6 
  259809:        0        1        2        3        4        6        7 
  260096:        0        1        2        3        4        5 
  270749:        0        1        2        3        4 
  271675:        0        1        4 
  272150:        0        1        2        3        4        5        6        7        8 
  276719:        0        1        2        3        4 
  286806:        0        1        2        3        4        5        6        7 
  289445:        0        1        2        3 
  290368:        0        1        2        3        4        5        6 
  290714:        0        1        3        4        5        6        7        8 
  291238:        0        1        2        3        4 
  292563:        0        1        2        3        4        5        6        7 
  293379:        0        1        2        3        4 
  295735:        0        1        2        3        4        5        6        7        8 
  297053:        0        1        2        4        5        6        7        8        9 
  301415:        0        1        2        3        4        5        6        7        8 
  302428:        0        1        2        3        4        5        6        7 
  303369:        0        1        2        3        4        5        6        7 
  305486:        0        1        2 
  309560:        0        1        2        3        4        5        6        7        8 
  309921:        0        1        2        3        5        6        7 
  310731:        0        1        2        3        4 
  311722:        0        1        2        3        4        5        6        7 
  314712:        0        1        2        3        4        5 
  322792:        0        1        2        3        7        8 
  327509:        0        1        2        3        4        5        6        7        8 
  328821:        0        1        2        3        4 
  328828:        0        1        2        3        4 
  329053:        0        1        2        3        4 
  330667:        0        1        2        3        4 
  330929:        0        1        2        3        4        7 
  331193:        0        1        2        3        4        5 
  331720:        0        1        2        3        4        5        6        7 
  332003:        0        1 
  332140:        0        2        4        5 
  333441:        0        1        2 
  333994:        0        1        2        3        4 
  334255:        0        1        2        3        4        5        6        7        8 
  337303:        0        1        2        5 
  341480:        0        1        2        3        5        6        7        8        9 
  345732:        0        1        2        3        4        5        6 
  347406:        0        1        2        3        4 
  350184:        0        2 
  354244:        0        1        2        3        4        5 
  356955:        0        1        2        3        4 
  359202:        0        1        2        4 
  360077:        0        1 
  363371:        0        1        2        3        4        5        6        7        8 
  366609:        0        1        2        3        4 
  367948:        0        1 
  368297:        0        1        2        3        5        6        8        9 
  369959:        0        1        3        4        7        8        9 
  370075:        0        2        3        4 
  372300:        0        1        2        3        4 
  375270:        0        1        2        3 
  376584:        0        1        2        3        4        5 
  377885:        0        1        2        3 
  379052:        0        1 
  379510:        0        1        2        3        4 
  379537:        0        1        3 
  383101:        0        1        2        3        4        5 
  383139:        0        1        2 
  384725:        0        1 
  385309:        0        1        2        3        4 
  385994:        0        1 
  386828:        0        1        2        3        4        5 
  388455:        0        1        2        3        4        5        7        8 
  388482:        0        1        2 
  390265:        0        1        2        4 
  391207:        0        1        2        3        4        5        7 
  391243:        0        1        2        3        5 
  391484:        0        1 
  391496:        0        1        2        3        4 
  393646:        0        1        2 
  394297:        0        1        2        3        4 
  396412:        0        1        2        3        4        5        6 
  398018:        0        1        2        3        4 
  398678:        0        2        3        4 
  399932:        0        1 
  400176:        0        1        2        4        5        7        8 
  401740:        0        1 
  403861:        0        3        4        5 
  407058:        0        1 
  411265:        0        1        2        3        4        5 
  411685:        0        1        3        4        5        6        7        8 
  413490:        0        1        2        3 
  418204:        0        2        3        4        5        8 
  418214:        0        1        2        3        4 
  418447:        0        1        2        3        4 
  418594:        0        1        2        3 
  420255:        0        1        2        3        4 
  429229:        0        1        2        3        4 
  429632:        0        1        2        3        4 
  431705:        0        1        2        3        4        5        6        7        8 
  431879:        0        1        2        3        4        5        6        7        8 
  432890:        0        1 
  433161:        0        1        2        3        4        5        6 
  434139:        0        1        2        3        4        5        6        7 
  435415:        0        1        2        4        5        6 
  435854:        0        1        2        3        4        5        6 
  439363:        0        1        2        4        5        6        7        8 
  439703:        0        1        2        3        4        5 
  442977:        0        1        2        3 
  445472:        0        1        2        3 
  450129:        0        1        2        3 
  452710:        0        1        2        3        4        5        6        7        8 
  455581:        0        1        2        3 
  456915:        0        1        2        3        4        5        6        7 
  458041:        0        1        2        4 
  463356:        0        1        2        3        4 
  464555:        0        1        2        3        4        5 
  465066:        0        1        2        3        4 
  467185:        0        1        2        3        4        6 
  467417:        0        1        2        4        5 
  468895:        0        1        3        4        5        6        7        8 
  470788:        0        1        2        3        4 
  472747:        0        1        2        3        4        5        6 
  474563:        0        1 
  476364:        0        1        2        3        4        5        6 
  476594:        0        1 
  477438:        0        1 
  477484:        0        1        2        3        4        5        6 
  479027:        0        1        2        3        4 
  481274:        0        1        2 
  481483:        0        1        2        3        4 
  482902:        0        1        2        3        4        5        7        8 
  482917:        0        1 
  488967:        0        1 
  490874:        0        1        2        3        4        5        6        7 
  493415:        0        1        2        3        4        5 
  496741:        0        1        2        3        4 
  498195:        0        2        3        4        5        7        8        9 
  498334:        0        1        2 
  501726:        0        1        2        3 
  502046:        0        1        2        3        4        5        6 
  506660:        0        1        2        3        4 
  509125:        0        1 
  512390:        0        1        3        5        7        8 
  513253:        0        1        2 
  513536:        0        1        2        3        4        5 
  514093:        0        1        2        3        4        6        7        8 
  515321:        0        1        2        3        4        6        7        8 
  515875:        0        1        2        3        4 
  517108:        0        1        2        3        4        5        6        7 
  517610:        0        1        2        3        4        5        6        7        8 
  518801:        0        1        2        3        4        5 
  522641:        0        1        2        4        5        6 
  523580:        0        1        2        3        4 
  531143:        0        1        2        3        4 
  535034:        0        1        2        3        4        7        8        9 
  536496:        0        1        2        3        4 
  537050:        0        1        2        3        4        5 
  542218:        0        1        2        3        4 
  543046:        0        1        2        3        4        5        6        7        8 
  544393:        0        1        2        3        4        5        6 
  544469:        0        1        2        3        4 
  546823:        0        1        2        3 
  548095:        0        1 
  550053:        0        1        2        3        4        5        6        7 
  550181:        0        1        2        3 
  297440:        0        1        2        3        4 
  461620:        0        1        2        3        4        5        6 
  230343:        0        1        2        3        4        5        6        7 
  270168:        0        1        2        3        7        8        9 
    4174:        0        1        2        3        4        5        6 
    4645:        0        2        3        4        5        6        7 
  360996:        0        1        2        3        4        5        6 
    5777:        0        1        2        3        4        5        6 
    5899:        0        1        2 
    7336:        0        1        2        4        6        7        8        9 
  408068:        0        1        2        3        4        5        6 
  334704:        0        1        2        3        4 
   13862:        0        1        2        3        4        5        6        7        8 
   14104:        0        1        2        3 
   14683:        0        1        2        3        4        5 
   14870:        0        1        2 
   16219:        0        1        3        4        5        6        7        8 
   16316:        0        1        2        3        4        5        6 
   16897:        0        1        2        3        4        6        7 
   17481:        0        1        2        3        4 
   40394:        0        1        2        3        4 
   19994:        0        1        2        3        4        5        6        7        8 
   20537:        0        1        2        3        4        5 
   21116:        0        1        2        3 
   21620:        0        1        2        3        4        5        6        7 
  397613:        0        1        2        3        4        5        6 
   22210:        0        1        4        5        6 
   36663:        0        1        2        3        4        5 
  181790:        0        1        3        4        5        8 
   23640:        0        1        2        3        4        5 
   25468:        0        1        2        3        4        5 
   26844:        0        1        2        3        4        5        6 
   26884:        0        1        2        3        4        5        6 
   27794:        0        1        2        3        4        5        6 
   28930:        0        1        2        3        4        5        6 
   30292:        0        1        2        3        4        5        6        7 
   30939:        0        1        2 
  164034:        0        1        2        3        4        5 
  482164:        0        1        2        3        4        5        6        7        8 
   36296:        0        2        3        4        5        6        7        8 
  416346:        0        1        2        3        4        5        6        7 
   39033:        0        1        2        3        4        5        6        7        8 
  410492:        0        2        3        4        5        7        8 
   93947:        0        2        3        4        7        8 
   44672:        0        1        2        4        5        6        7        8 
  178696:        0        1        2        3        5        6        8        9 
   45925:        0        1        2        3        4        5        6 
  280181:        0        1        2        3        4        5        6 
   46666:        0        1        2        4        5        6        7        9 
  379721:        0        1        2        3        4        5        6 
  426045:        0        1        2        3 
   50311:        0        1        2        3        4        5        7 
   54337:        0        1        2        3        4        5        6 
  149737:        0        1        2        3        4        5 
   55631:        0        1        2        3        4        5        6 
   55927:        0        1        2        3        4        5        6 
   56413:        0        1        2        3        4        5        6        7        8 
  356991:        0        1        2        3        4        5        6 
   58279:        0        1        4 
  335733:        0        1        2        3        4        5        6 
  542622:        0        1        2        3        4        5        6 
  126930:        0        1        2        3        4        5        6        7        8 
   60211:        0        1        2        3 
   60756:        0        1        2        3        4        5        6 
   62501:        0        3        4        5 
  388778:        0        1        2        3 
   65218:        0        1        2        3 
  333417:        0        1        2        3        4        5        6 
   69603:        0        1        2        3        4        5        6 
  471436:        0        1        2        4        6        7        8        9 
   71198:        0        1        2        3        4 
  288237:        0        1        2 
  508440:        0        1        2        3        4        5        6        7        8 
   72288:        0        1        2 
   73003:        0        1        2        3        4        5        6 
  149562:        0        1        2        3        4        5        6        7 
  534167:        0        1        2 
   74946:        0        1        2        3        4        5        6 
   75122:        0        1        2        3        4        5        6 
   75289:        0        1        2        3        4        5        6 
   75357:        0        1        2        3 
   76262:        0        1        2        3        4        5        6 
   77124:        0        1        2        3        5        7        8        9 
   77874:        0        1        2        3        4        5        6 
   20531:        0        1        2        3        4        5        6        7 
   78977:        0        1        2        3        4        7        8        9 
   80165:        0        1        2        3        4        5 
   81889:        0        1        2        3 
  426423:        0        1        2 
   50404:        0        1        2        3        4        5        7 
   84874:        0        1        2        3        4        5        6 
   88558:        0        1        2        3        4        5        6 
   88610:        0        1        2 
   88623:        0        1        2        3 
  469352:        0        1        2        3        4        5        6 
  327329:        0        1        2        3        4        5 
   89761:        0        1        2        3        4        5 
   91289:        0        1        2 
   91646:        0        1        2        3        4        5        6        7        8 
   93462:        0        2        3        4        5        6        7 
  243952:        0        1        2        3 
  452636:        0        1        4        5        6        7        8 
   98440:        0        1        2        3        4        5        6        7 
  414313:        0        1        3        5        6        7        8 
  100987:        0        1        2        3        4        6        7        8        9 
  484543:        0        1        2 
  476291:        0        1        2        3        4 
  185091:        0        1        2        3        4        5        6        7        9 
  156869:        0        1        2        3        4        5        6        7        8 
  402566:        0        1        2        3        4        5        6 
  508098:        0        1        2        3        4        5        6        8 
  107509:        0        1        2        3 
  272324:        0        3        4        5 
  109335:        0        1        2        3        4        5        6 
  203194:        0        1        2        3        4        5        6        7 
  439870:        0        1        3        4        5        6        7 
  114120:        0        1        2        3        4 
  117668:        0        1        2        3        4        5        6        7 
  118298:        0        1        2        3        4        5 
  389602:        0        1        2        3 
  273362:        0        1        2        3        4        5        6        7 
  236312:        0        1        2        3        4        5        6 
  455239:        0        1        2        3        4        5        6 
  121123:        0        1        2        3        4        5        6 
  121289:        0        1        2        3        4        5        6 
  121361:        0        1        2 
  127755:        0        1        2        4        6        7        8 
  130329:        0        1        2 
  132848:        0        1        2        3 
  134185:        0        1        2        3        4        5        6 
  473667:        0        1        2 
  139681:        0        2        3        4        5        6        7 
  231784:        0        1        2        3        4        5        6        7        8 
  140769:        0        1        2        3        4        5        6 
  141227:        0        1        2        3        5        6        7 
  141285:        0        1        2        3        4 
  141789:        0        2        3        4        5 
  144036:        0        1        2        3        4        5        6 
  503577:        0        1        2        3        4        5 
  145158:        0        1        2        3        4        5        6 
  145329:        0        1        2        3        4 
  205377:        0        1        2        3        4 
  179580:        0        1        2        3        4        5        6 
  148925:        0        1        2        3        4 
  541839:        0        1        2        3 
  153683:        0        1        2        3        4        5        6 
  153840:        0        1        2        3 
  506113:        0        1        2        3        4 
  287463:        0        1        2        3        4        5 
  157546:        0        1        2        3        4        5        6        8 
  341563:        0        2        3        4        6 
  158819:        0        1        2        3        4        5        7 
  197603:        0        1        2        3 
  162013:        0        1        2        3        4        5        6 
  194357:        0        1        2        3        4        5        6        7 
  162996:        0        1        2 
  163414:        0        1        3        4        5 
  163460:        0        1        2        3        4        5        6 
  165520:        0        1        2        3        4        5        6 
  330527:        0        1        2        3        4        5        6        7 
  154793:        0        1        2 
  315891:        0        1        2        3        4 
  168629:        0        1        2        3        5        6        7        8 
  181403:        0        1        2 
  170297:        0        1        2        3        4        5        6 
  171784:        0        1        2        3        4        6        7 
  551423:        0        1        2        3        4        5 
  437537:        0        1        2        3        4        5        6 
  173574:        0        1        2        3 
  174546:        0        1        2        3        4 
  428597:        0        1        2        3        4        5 
  176564:        0        1        2        3        4        5        6 
  306800:        0        1        2        3        4        5        6        7 
  176738:        0        1        2        3        4        5        6 
  177175:        0        1        2        3        4        5        6        7        8 
  178646:        0        1        2        3 
  179550:        0        1        2        3        4        5        6 
  179645:        0        1        5        6        7        8 
  398885:        0        1        2        3        4        5        6 
  315123:        0        1        2        3        4        5        6        7        8 
  181508:        0        1        4 
  181686:        0        1        2        3        4        5        6        7 
  182184:        0        1        2        3        4        5        6 
  185684:        0        1        2        3        4        5        6        7 
  187110:        0        1        2        3        4        5        6 
  187143:        0        1        2        3        4 
  187474:        0        1        2        3 
  292538:        0        1        2        3 
  189166:        0        1        2        3        4        5        6 
  190501:        0        1        2        3        4 
  381452:        0        1        2        3        4        5        6 
  515701:        0        1        2        3        4        5        6        7 
  455984:        0        1        2        3        4        5 
  198770:        0        1        2        3        4        5        6 
  199703:        0        1        2        3 
  202772:        0        1        2        3        4        5        6        7        8 
  324184:        0        1        2        3        4        5        6        7 
  207476:        0        1        2        3        4        5        6        7 
  409862:        0        1        2        3        4        5        6 
  502337:        0        1        2        3        4        7 
  391867:        0        1        2        3        4        5        6 
  513103:        0        1        2        3        4        5        6 
  211831:        0        1        2        3        4        5        6        8 
  213688:        0        1        2        3        4        5        6 
    9788:        0        1        2        3        4 
  216369:        0        2        3        4        5        8 
  460147:        0        1        3        4        5 
  219973:        0        1 
  221502:        0        1        2        3        4        5        6        7 
  221603:        0        1        2        3        4        5        6 
  222618:        0        1        2        3        4        5        6 
  223122:        0        1        2        3 
  159908:        0        1        2        3        4        5        6 
  224025:        0        1        2        3        4 
  224925:        0        1        2        3        4 
  225464:        0        1        2        3        4        5        7        8        9 
  225602:        0        1        2        3        4        5 
  232502:        0        1        2        3        5        7        9 
  288182:        0        1        2        4        5        6 
  237450:        0        1        2        3        4        5        6 
  238128:        0        1        2        3        4        5        6 
  239182:        0        1        2        3        4        5        6        7        8 
  415065:        0        1        2        3        4        5        6 
  240792:        0        1        2 
  240800:        0        1        2        3        4        5        6        8 
  299709:        0        1        3        4        5        6        7        8 
  241980:        0        1        2 
  245439:        0        1        2        3        4        5        6        7        8 
  245463:        0        1        2        3        4        5 
  245751:        0        1        2        3        4        5 
  273227:        0        1        2        3        4        5        6 
  249188:        0        1        2        3        4        5 
  519473:        0        1        2        3        4        5 
  250404:        0        1        2        3        4        5 
  513179:        0        1        2        3        4 
  280765:        0        1        2        3        4        5        6 
  513187:        0        1        2        3        5        6        7 
  441879:        0        1        2        3 
  254080:        0        1        2 
  255893:        0        1        2        3        4 
   32975:        0        1        2        3        4 
  255614:        0        1        2        4 
  256790:        0        1        2        3 
  257534:        0        1        2        3 
  267241:        0        1        2        3        4 
  270194:        0        1        2 
  205858:        0        1        2        3        4        5        6        7        8 
  272727:        0        1        2        3        4        5        6 
  274654:        0        1        2        3        4        5        6 
  276511:        0        1        2        3        5        6        7 
  277877:        0        1        2        3        4        5        6 
  413401:        0        1        2        3        4 
  278878:        0        1        2        3        4        5        6        7 
  543904:        0        1 
  279349:        0        1        2        4 
  205021:        0        1        2        3        4        5        6        7 
  283763:        0        1        2        3        4        6        7 
  284425:        0        1 
  284547:        0        1        2 
  165188:        0        1        2        3        4 
  130851:        0        1        2        3        4        5        6        7 
  290498:        0        1        2        3        4        5        6        7 
  159861:        0        1        2        3        4        5        6 
  290969:        0        1        2        3        4        5        6 
  291590:        0        1        2        3        4 
  512259:        0        1        2        3        4        5        6 
  122161:        0        1        2        3        4        5        6 
  296452:        0        1        2        3        4        5        6 
  297305:        0        1        2 
  297563:        0        1        2        3 
  298563:        0        1        2        3        4        5        6 
  300378:        0        1        2        3 
  302962:        0        1        2        3        4        5        6 
  306126:        0        1        2        3 
  306545:        0        2        3        4        5        6        7 
  318603:        0        1        2        3 
  532131:        0        1        2 
  312207:        0        1        2        3        4 
  313482:        0        1        2        3        4        5        6 
  315671:        0        1        2 
  315766:        0        1        2        3        4        7        8 
  317519:        0        1        2 
  318136:        0        1        2        3        4        5        6        7 
  319994:        0        1        2        3        4 
  320684:        0        1        2        3        4        5        6 
  321980:        0        1        2        3        4        5 
  401413:        0        1        2        3        4        5        6 
  325249:        0        1        2        3 
  242395:        0        1        2        3        4        5        6        7        8 
  512292:        0        1        2        3        4        5        7 
  331489:        0        1        2        3        4 
  508003:        0        1        2        3        4 
  109364:        0        1        2        3        4        5        6        7 
  338132:        0        1        2        3        4 
  339455:        0        1        2        3        5 
  341355:        0        1        2        3        4        5        6 
  341873:        0        1 
  341919:        0        1        2        3        4        5        6 
  406639:        0        1        2        3        4        5 
  344024:        0        1        2        3        4 
  346062:        0        1        2        3        4        5 
  473197:        0        1        2        3        4        5 
  347899:        0        1        2        3        4        5        6 
  347923:        0        1        2        3        4        5        6        7        8 
  350486:        0        1        2        3        4        5        6 
  354394:        0        1        2        3        4        5        6 
  356482:        0        1        2        4        5        6        7 
  359618:        0        1        2 
  363496:        0        1        3        4        6        7        8        9 
  100444:        0        1        2        3        4 
  452170:        0        1        2        3        4        5        6 
  368875:        0        1        2        3        4        5        6        7        8 
  371678:        0        1        2        3        4        5        6 
  371994:        0        1        2        4        5        7 
  372199:        0        1        2        3        4        5 
  372233:        0        1        2        3        4        5        6 
  372646:        0        1        2 
  374675:        0        1        2        3        4        5        6 
   39690:        0        1        2        3        4 
   56386:        0        1        2        3        4        5 
  447663:        0        1        2        3        4        7        8        9 
  380040:        0        1        2        3 
  380914:        0        1        2        3        4        5        6        7 
  423427:        0        1        2        3        4        5        6 
  384665:        0        1        2        3 
  386406:        0        1        2        3 
  388473:        0        1        2        3        4        5        6 
  392140:        0        1        2        3        4        5        6 
  393876:        0        1        3        4        5 
  394712:        0        1        2        3        5        6 
  394975:        0        1        2        3        4        5        6 
  384718:        0        1        2 
  397573:        0        1        2        3        4        5        6 
  398705:        0        1        2        3        4 
  400936:        0        1        2        3        5        6        7 
  452086:        0        1        4        5 
  410370:        0        1        2        3 
  432497:        0        1        2        3        4        5        6 
  411225:        0        1 
  412624:        0        1        2 
  332009:        0        1        2        3        4        5        6 
  419784:        0        1        2        3        4        5        6        7 
  420914:        0        1        2        3 
  423347:        0        1        2        3        4        5 
  425159:        0        1        2        3        4        5 
  485001:        0        1        2        3        4        5        6 
  430050:        0        1        2        4        5 
  430656:        0        1        2        3 
  431111:        0        1        2        3        4        5        6        7 
  432725:        0        1        2        4        5        6        8        9 
  434563:        0        1        2        3        4        5        6 
  438191:        0        1        2        3 
  438229:        0        1        2        3        4        5        6 
  439704:        0        1        2        3        4        5        6 
  179763:        0        1        2        3        4        5 
  482592:        0        1        2        3 
  449429:        0        1        2        3        4        5        6 
  450246:        0        1        2        3        4        5 
  450971:        0        1        2        3        4        5        6 
  454538:        0        1        2        3 
  454928:        0        1        2        3        4 
  459407:        0        1        2        3        4        5        6        7 
  510771:        0        1        2        3        4 
  463296:        0        1        2        3        4        5        6 
  505385:        0        1        2        3 
  472299:        0        1        2        3        4        5        8        9 
  474814:        0        1        2        3        4        5        6        7 
  475236:        0        1        2        3        4        5        6        7 
  477053:        0        1        2 
  477781:        0        1        2        3 
  478701:        0        1        2        3 
  466767:        0        1 
  485205:        0        1        3        5        6        7 
  485628:        0        1        2        3        4        5        6 
   28241:        0        1        2        3        4 
   92603:        0        1        2        3        4        5        6        7        8 
  499601:        0        1        2        3 
  501500:        0        1        2        3        4 
  504337:        0        1        2        3        4 
   26448:        0        1        2        3        4        5        6        7        8 
  517793:        0        2        3        4        5        6        7 
  496616:        0        1        2        3        4 
  520818:        0        1        2        3        4 
  522313:        0        1        2        3        4        5        6 
  523071:        0        1        2        3 
  468083:        0        1        2        3        4 
  163048:        0        1        2        3        4        7        8 
  529425:        0        1        2        3        4 
  534613:        0        1        2 
  538274:        0        1        2        3        4        5        6 
  538986:        0        1        2 
  539242:        0        1        2        3        4 
   37250:        0        1        2        3        4        5 
  540611:        0        1        2        3        4        5        6 
  542544:        0        1        2        3        4        5        6 
  543749:        0        1        2        3        4        5        6 
  195639:        0        1        2        3        4        5 
  490303:        0        1        2        3        4 
  207114:        0        1        2        3 
    1031:        0        1        2 
  528530:        0        1        2        3        4 
  265489:        0        1        2        3        4        5        6        7        8 
   21587:        0        1        2        3 
  396760:        0        1        2        3        4        5        6        7        9 
  183261:        0        1        2        3        4        5 
  273423:        0        1        2        3        4 
   42215:        0        1        2        3        4        5        6        7        8 
  485386:        0        1        2        3        4        5        7        8 
  320045:        0        1        2        3        4        5        6        7        8 
   47703:        0        1        2        3        4        5        6        7        8 
   52305:        0        1        2        3        4 
  387402:        0        1        2        3        4 
   50748:        0        1        2        3        4 
   64792:        0        1        2        3        4        5        6 
  450339:        0        1        2        3 
  154816:        0        1        2        3        4        5        6 
   87706:        0        1        3        4        7        8        9 
  137659:        0        1        2        4        5 
  130520:        0        1        2        3        4 
   94048:        0        1        2        3        4 
   99227:        0        1        2        3        4 
  100191:        0        1        2        3        4        6        7        8        9 
  181867:        0        1        2        3        4 
  110770:        0        1        2        3        4        5 
  125017:        0        1        4        5        6 
  140087:        0        1        2        3        4        5        6        7 
  140554:        0        1        2        3        4        5        6 
  146055:        0        1        2        3        4        5        6        7 
  148810:        0        1        2 
  149705:        0        1        2        3        4        5        6        7 
  154515:        0        1 
  158068:        0        1        3        4 
  478098:        0        1        2        3        4        5        6 
  182183:        0        1        2        3 
  185683:        0        1        2        3        4 
  269686:        0        1        2        3        4 
  262242:        0        1        2 
  193289:        0        1        2        3 
  198277:        0        1        2        3 
  199796:        0        1        2        4 
  201389:        0        1        2        3        4        5 
  247757:        0        1        2        3        4        5 
  202102:        0        1        2        3        6 
  516265:        0        1        2        4        5        6        7        8 
  206115:        0        1        3        4        5        6        7 
  211422:        0        1        2        3        4        5        6        7        8 
  396013:        0        1        2        3        4 
  355523:        0        1        2        3        4 
  234770:        0        1        2        3        4 
  105401:        0        1        2        3        4        5        6        7        8 
  209829:        0        1        2        3        4        5 
  485730:        0        1        2        3        4        5 
  257854:        0        1        2        3        4 
  258443:        0        1        2        3        6 
  517438:        0        1        2        3        4        5 
  267050:        0        1        2        3        4 
  461793:        0        1        2        3        4        5        6        7 
  392967:        0        1        2        3        4        5 
  299914:        0        1        3        4 
  320019:        0        1        2        3        4        5        6        7 
  335962:        0        1        2        3        4        5 
  463780:        0        1        2        3        4        5        6        8 
  342025:        0        1        2        3        4        5 
  346436:        0        1        2        3        4 
  513297:        0        1        2        3        4 
  347439:        0        1        2        3        4        5        6        7        8 
  149731:        0        1        2        3        4        5        6 
  138942:        0        1        2        3        4        5        6 
  194737:        0        2        3        4        5 
  168383:        0        1        2        3 
  370240:        0        1        2        3 
  371164:        0        1        2        3        4        5        6 
  372941:        0        1        2        3 
  377416:        0        1        2 
  334716:        0        1        2        3        4        5        6        7        8 
  388037:        0        1        2        3        4 
  116604:        0        1        2        3        4        5 
  401748:        0        1        2        4        5        6        7 
  180277:        0        1        2        3        4        5 
  460323:        0        1        2        3        4 
  414879:        0        1        2        3        4        5 
  422246:        0        1        2        3        4        5        6 
  433070:        0        1        2 
  434804:        0        1        2        3 
  436514:        0        1        2        3 
  438759:        0        1        2        3        4        5 
  449548:        0        1        2        3        4 
  453956:        0        1 
  457596:        0        1        2        3        4 
  462569:        0        1        3        4        5        6        7        8 
  474446:        0        1        2        3 
  481262:        0        1        2        4        5 
  481588:        0        1        2        4 
  481939:        0        1        2        3        4        6        8 
  483537:        0        1        2        3        4 
  484982:        0        1        2        3 
  487529:        0        1        2        3        4        6        7        8        9 
  549605:        0        1        2        3        4        5        6        7 
  493616:        0        1        2        3        4        5        6 
  503679:        0        1        2        3        4        5        6 
  372547:        0        1        2        3        4        5        6 
  510547:        0        1        2        3        4 
  511423:        0        1        2        3 
  328116:        0        1        2        3        4        5        7 
  520967:        0        1        2 
  157163:        0        2        3        4        6        7        8 
  431539:        0        1        2        3 
  536016:        0        1        2        3        4        5        6        7        8 
  275250:        0        1        2        3        4        5        6 
    5309:        0        2        3        5 
   25968:        0        1        2        3        4 
   28117:        0        1        2        3        4        5 
   32814:        0        1        2        3        4 
   48965:        0        2        3        4        5        6        7 
   54905:        0        1        2        3        4 
   70098:        0        1        2        3        4        5        6        7 
  347525:        0        1        2        3        4        5 
   83968:        0        1        2        3        4 
   89086:        0        1        2        3        4        5        6        7 
  314600:        0        1        2        3        4        5        6 
  101444:        0        2        3        4        5        6        7        8 
  102135:        0        1        2        3        4        5 
  112884:        0        1        2        3        5        6        8 
  130406:        0        1        2        3        4        5        6        7 
  460162:        0        1        2        3        5 
  141344:        0        1        2        3        4 
  175304:        0        2        3        5        7 
  188680:        0        2        3        4        5        7 
  190493:        0        1        2        3        4        7        8 
  190655:        0        1        2        3        4        5 
  194885:        0        1        2        3        5        6        7        8 
  196082:        0        1        2        3        4 
  197134:        0        1        2        3        4 
  210755:        0        1        2        3        4        5        6 
  226826:        0        1        2        3        4        5        6 
  527237:        0        2        4        5 
  239803:        0        2        4        7 
  421072:        0        1        2        4 
  380031:        0        1        2        3        4        5        6 
  249570:        0        1        2        3        4 
  250074:        0        1        2        4        5        6        7 
  258569:        0        1        2        3        4        6        7        8 
  282352:        0        1        2        3        5        6        7        8        9 
  288900:        0        1        2        3        4 
  443033:        0        1        2        3        4        5        6 
  317127:        0        1        2        4        5        6        7        8 
  328349:        0        1        2        3        4 
  328510:        0        1        2        3        4 
  382418:        0        1        2        3        4 
  391962:        0        1        2        3        4 
  408329:        0        1        2        3 
  159080:        0        1        2        3        4        5        6        7 
  445991:        0        1        2        3 
  478928:        0        1        2        3        4 
  508856:        0        1        2        3        6 
  516698:        0        1        2        4        5 
  517854:        0        1        2        3        5        6 
  308009:        0        1        2        3        4        5 
  470155:        0        1        2        3        4        5        6 
   36548:        0        1        2        3        4        5 
   42949:        0        1        2        3        4        5 
   58013:        0        1        3        4        5        6        7        8 
   62005:        0        1        2        3        4        5 
   62169:        0        1        2        3        4        5        6 
   66336:        0        1        2        3        4        5 
   72683:        0        1        2        3        4        5        6        7 
  107013:        0        1        2        3        4        5 
  244164:        0        1        2        3        4        5        6 
  164066:        0        1        2        3        4        5        6        7        8 
  168886:        0        1        2        3        4        5 
  172024:        0        1        2        3        5        6 
  176651:        0        1        3        4        5        6        7        8        9 
  179034:        0        2        3        4        5        6        7        8        9 
  200669:        0        1        2        3        4        5 
  364006:        0        1        2        3        4        6        7        8        9 
  240142:        0        1        2        3        5 
  295842:        0        1        2        3        4        5        6        8 
  290313:        0        1        2        3        4        5 
  293375:        0        1        2        3        4        5 
  303901:        0        1        2        3        4        5 
  325975:        0        1        2        3        4        5 
  327587:        0        1        2        3        4 
  364599:        0        1        2        3        4        5        6 
  368761:        0        1        2        3        4        5        6        7 
  107805:        0        1        2        3        4        5        6        7        8 
  406952:        0        1        2        3        4        5        6 
  417059:        0        1        2        3        4        5        6 
  375741:        0        1        2        3        4        5 
  447649:        0        1        2        3        4        5 
  460275:        0        1        2        3        4        5        6 
  469299:        0        1        2        3        4        5        6 
  481636:        0        1        2        3        4        5 
  487674:        0        1        3        4        5        6        7 
  497554:        0        1        2        3        4        5        7        8 
     739:        0        1        2        3        4        5        6 
   37782:        0        1        2        3        4        5        6 
  301161:        0        1        3        4        5        6        7        8 
  298192:        0        1        2        3        4        5        6        7        8 
   62318:        0        1        2        3        4 
   91143:        0        1        2        3        4        5        6        7 
   93571:        0        1        2        3        4        5        6        7 
  101777:        0        1        3        4        5        6        7 
  118630:        0        1        2        3        4        5        6        7        8 
  125446:        0        1        2        3        4        5 
  137108:        0        1        2        3        4        6        8 
  139599:        0        1        2        4        5 
  122857:        0        1        2        3        4        5        7        8 
  159684:        0        1        3        4        5        6 
  174132:        0        1        2        3        4        5        6        7 
  423892:        0        1        2        3        4        5        6        7 
  250760:        0        1        2        3        4        6        7 
  252123:        0        1        2        3        4        5        6 
  276986:        0        1        2        3        4        5        6        7 
  284507:        0        1        2        4        5        6        7        8        9 
  343945:        0        1        2        3        4        5        6 
  353728:        0        1        2        3        4        5 
   71260:        0        1        2        3        4        5        6        7        8 
  410937:        0        1        2        3        4        5        6 
  461475:        0        1        2        3        4        5        6 
  153266:        0        1        2        3        4        5        6 
  337838:        0        1        2        3        4        5        6        7 
   56151:        0        1        2        3        4        5        6        7 
  527801:        0        1        3        4        5        6        7        8        9 
  362810:        0        1        2        3        6        7        8        9 
   75766:        0        1        2        3        4        5        6        7        8 
  127867:        0        1        2        3        4        5        6        7        8 
  160097:        0        1        2        3        4        6        7        8 
  244098:        0        1        2        3        4        5        6        7        8 
  250936:        0        1        2        3        4        5        6        8 
   10128:        0        1        2        3        5        6        7        8 
  131078:        0        2        5        6        7        8 
     208:        0        1        3        4 
     575:        0        1        2        3        4        5 
    1776:        0        1        2        3        4        6        7 
    5733:        0        1        2        3        4        5 
    5880:        0        1        2        3        4        5 
    9356:        0        1        2 
   12800:        0        1        3        4 
   13860:        0        1        2        3        4 
   15417:        0        1 
   19819:        0        1        2        3        4 
   20596:        0        1 
   22120:        0        1        2        3 
   22159:        0        1 
   22202:        0        1        2        3        4 
   22750:        0        1        2        3        4        5        6 
   23123:        0        1 
   24362:        0        1 
   25351:        0        1        2 
   31736:        0        1        2        3        4        5        7        8        9 
   32524:        0        2        3 
   35075:        0        2        3        4        5 
   36860:        0        1 
   38934:        0        1 
   40138:        0        1        2        3        4        5        6 
   52097:        0        1        2        3        4        5        6 
   56702:        0        1        2        3        4 
   58142:        0        1        3        4        5 
   66892:        0        1        2 
   71352:        0        1 
   72607:        0        1        2        3        5        6        7 
   72632:        0        1 
   75101:        0        1        2 
   82976:        0        1        2        3        4        5        6 
   83033:        0        1        3        4 
   87057:        0        1 
   87886:        0        1 
   90947:        0        1        2        3 
   91101:        0        1 
   91549:        0        1        4        5        6        7        9 
   94994:        0        1 
   95362:        0        1        2        3        4        5        6        7 
   95533:        0        1        2        3        4        5        6        7 
   96156:        0        2        3        4        5        6        7 
   97656:        0        1        2        3        4        5        6 
   98828:        0        1 
  100277:        0        1        2        3        4        5        6        7 
  101350:        0        1 
  101746:        0        1        2 
  101783:        0        1        2        3        4        5        6 
  102745:        0        1 
  102746:        0        1        2        3        4 
  103734:        0        1        2 
  103932:        0        1        2        3        4        5        6 
  105186:        0        1        2 
  106074:        0        1        2        3        4        5        6 
  109363:        0        1        2        3        4 
  112574:        0        1 
  113577:        0        1 
  114462:        0        1        3        4        5 
  117185:        0        1        2 
  118057:        0        1        4        5 
  119919:        0        1        5        6 
  121554:        0        1        2        3 
  122152:        0        1 
  123983:        0        1 
  124798:        0        1        2        3        4 
  125899:        0        1        2 
  126108:        0        1 
  127372:        0        1        2        4 
  127738:        0        1        2        3        4 
  129318:        0        1        2        3        4        6        7 
  131775:        0        1        2        3        4        5        6 
  131946:        0        1 
  133566:        0        1        2        3 
  134346:        0        1        3        5 
  135633:        0        1        3        4 
  137240:        0        1 
  141258:        0        1        2 
  141574:        0        1 
  142344:        0        1 
  142467:        0        1        2        4        5        6 
  143087:        0        1 
  143635:        0        1        2        4 
  143836:        0        1        2 
  144280:        0        1        2        3 
  146791:        0        1 
  147494:        0        1        3        4        5        6        7 
  147772:        0        1        2        3 
  154442:        0        1        2 
  155155:        0        1        2        3        4        5        6 
  156264:        0        1        3        4        5 
  157937:        0        1 
  161377:        0        1        2        3        4        5 
  162706:        0        2 
  163674:        0        1        2 
  165852:        0        1        2        4        5 
  170634:        0        3        4 
  171262:        0        1        2        3 
  174325:        0        1 
  174817:        0        1 
  175291:        0        1        2        3 
  176395:        0        1        2        4 
  176714:        0        1 
  179991:        0        1 
  180152:        0        1        2        3 
  180273:        0        1        4 
  180322:        0        2        3        4        5        6        7 
  182377:        0        1        2        3        4 
  183574:        0        1        2        4        5 
  186946:        0        1        2        3        4        6        7        8        9 
  188936:        0        1 
  194168:        0        1        4        6        7 
  195271:        0        1        2        3        4        5 
  196165:        0        1 
  198048:        0        1        2 
  198864:        0        1        3 
  198912:        0        1 
  199358:        0        1        2        5 
  199817:        0        1        2        3        4        7        8 
  200860:        0        1        2        3        4        5 
  205054:        0        1        2 
  208437:        0        1 
  208656:        0        1        2        4        5        6 
  210371:        0        1        2        3 
  213425:        0        1        3 
  216225:        0        1        2 
  216681:        0        1 
  218491:        0        1        2        3 
  219734:        0        1        2        3        4        5 
  219944:        0        1        2        3        4 
  220162:        0        1        2        3        4 
  220465:        0        1 
  225056:        0        1        2        3        5        6        8        9 
  227671:        0        1        2        3        4        5 
  229306:        0        1        2        3        4 
  229606:        0        1        2        3        4        5        6 
  231663:        0        1 
  232373:        0        2        4        5 
  232747:        0        1        2        4        5 
  232781:        0        1 
  233100:        0        1 
  235457:        0        1        2        3        4 
  235630:        0        1        2        3        4 
  237123:        0        1        2        4 
  240506:        0        1 
  244488:        0        1        2 
  244502:        0        1 
  245008:        0        1        2        3        4        5 
  246065:        0        1        2        3 
  247540:        0        1        2        3        4 
  248953:        0        1 
  249758:        0        3 
  250977:        0        1        2        3        6        7        8 
  252615:        0        1        2        3 
  252643:        0        1        2        3 
  255462:        0        1        2        3        5        6 
  255871:        0        1        2        3 
  258451:        0        1 
  262338:        0        1        3        5 
  266639:        0        1 
  268319:        0        1        3        4 
  271524:        0        1        2        3 
  272243:        0        1        2        3 
  272807:        0        1        2        3        4        5 
  274340:        0        1        4 
  275759:        0        1 
  276197:        0        1 
  281482:        0        1        2        3 
  283659:        0        1        2        3 
  284222:        0        1 
  286402:        0        1        2        3        4 
  287279:        0        1        2        4        5        6 
  287574:        0        1        2        3        4        5 
  287672:        0        1        2        3        4 
  289858:        0        1 
  289896:        0        1 
  292333:        0        1        2        3        4        5        6        7        8 
  293227:        0        1        2        3        5        6 
  295519:        0        3 
  297956:        0        1 
  300108:        0        2        3 
  302350:        0        1 
  302594:        0        1        2        3 
  304863:        0        1        2 
  305641:        0        1        2        3        4        5        6 
  305989:        0        1        2        3 
  308085:        0        1        3 
  310601:        0        1        2        3 
  310859:        0        1        2        3 
  312694:        0        2        4        5        6        7        8        9 
  313130:        0        1        4 
  313672:        0        1        3        4 
  316297:        0        1        2        3 
  322043:        0        1 
  323379:        0        1 
  323704:        0        1 
  326217:        0        1 
  327938:        0        1 
  329571:        0        2 
  329751:        0        1        2        3 
  330666:        0        1        4        6        7        8 
  335275:        0        1 
  337348:        0        1        2 
  337577:        0        1        2        4        5 
  338532:        0        1 
  342726:        0        1        2 
  343117:        0        1 
  345031:        0        1        5        6 
  346094:        0        1        2 
  348510:        0        1 
  350089:        0        2        3        4        5        6        7        8        9 
  350444:        0        1 
  352382:        0        1        2 
  353379:        0        1 
  358510:        0        1 
  359481:        0        1        2        3        6 
  360264:        0        1        2 
  361274:        0        1        4        5        6        7        8 
  362107:        0        1        2        3        5        6 
  362183:        0        1 
  363019:        0        1        3        5 
  364780:        0        1 
  365584:        0        1        2        4        5 
  366169:        0        1        2        3        4        5 
  366314:        0        1        3        4        5        6 
  369244:        0        1 
  371480:        0        1        2        3 
  373125:        0        1        2 
  375392:        0        1        3        4 
  377542:        0        1        2        3        4        6        7 
  378137:        0        1 
  378193:        0        1 
  378769:        0        1        3        4 
  379952:        0        1        2        3 
  381246:        0        1        2        3        6        7 
  382289:        0        2 
  382861:        0        1 
  384891:        0        1 
  387149:        0        1        2        3 
  387360:        0        1        2        3        4        5 
  387783:        0        1        2 
  392028:        0        1        2        3 
  393376:        0        1        2        3        4 
  393657:        0        1        2 
  394785:        0        1        2        3 
  394942:        0        1        3        4        5        6        8 
  395356:        0        1        2 
  397229:        0        1 
  397246:        0        1        2        3        4 
  397995:        0        1        4 
  403584:        0        1        2 
  405334:        0        1        3        4        6 
  405833:        0        1        2 
  408356:        0        1        2        3        4 
  409621:        0        1        2 
  410836:        0        1 
  413242:        0        1        2        3        4        5        6        7        8 
  413480:        0        1        2        3        4 
  414543:        0        1 
  415621:        0        2        3        4        5 
  417686:        0        1 
  418675:        0        1        2        3 
  419013:        0        1        2        3        4 
  420431:        0        2 
  421578:        0        1        4        5 
  422946:        0        1        2        3 
  427120:        0        1        2        3        4 
  428305:        0        1 
  432665:        0        1        2        4 
  434339:        0        1 
  434399:        0        1        2 
  434494:        0        1        2        3        5        6        7 
  435372:        0        1 
  435649:        0        1 
  439624:        0        1 
  439954:        0        1        2        3        4        5 
  441307:        0        1        2 
  441942:        0        1        2        3        5 
  444988:        0        1        2 
  445163:        0        1 
  445794:        0        1 
  445960:        0        1        2        4        5 
  446307:        0        1        2 
  446906:        0        1        2        3        4        5        7        8 
  448167:        0        1        2 
  448488:        0        2        3 
  449191:        0        1        2        3        4        5 
  455609:        0        1        2        4 
  455922:        0        2        3        5        6 
  458209:        0        1        2 
  458677:        0        1        2        5        7 
  459329:        0        1        2        4        5        6 
  460428:        0        1 
  461450:        0        1        2        5        6        7 
  463633:        0        1        2        3        4        5 
  464057:        0        1 
  465269:        0        1        2        3        4        5        8        9 
  466512:        0        1        3        4        5        6 
  466540:        0        1        2        3        4        6        7 
  468168:        0        1        4        5 
  468224:        0        1 
  468592:        0        1        2        3        4        7        8 
  469758:        0        1 
  470566:        0        1 
  473052:        0        1        2        3 
  474417:        0        3        4 
  483540:        0        1        2        4        5 
  486890:        0        3        4 
  488847:        0        1        4        5        7        8        9 
  489821:        0        1 
  490885:        0        1 
  492843:        0        2        3        4        5 
  493983:        0        1 
  494191:        0        1        2        3        4        5 
  495864:        0        3 
  495939:        0        1        2 
  499231:        0        1        3        4        5 
  500348:        0        1        3        4        5 
  500647:        0        1        2        3 
  501182:        0        1        2        3        4        5        6        7 
  502230:        0        1        2        3 
  504023:        0        1        2        3        4        5 
  505179:        0        1        2 
  505379:        0        1        3        4        5        6        7        8        9 
  510111:        0        1        2        3        4 
  511544:        0        1        2        3        5        6 
  511652:        0        1        2 
  511733:        0        1        2 
  513219:        0        1        2 
  514885:        0        1        3        4        5        6 
  516270:        0        1        5        6        7 
  519280:        0        2 
  520632:        0        1        2        3 
  522413:        0        1        3        4        5 
  524126:        0        1        2 
  527142:        0        1        2        3        4 
  528275:        0        1        2        4        5        6 
  530894:        0        1        2 
  533347:        0        1        2        3 
  534573:        0        1        2        3        4 
  536052:        0        1        2        3        4        5        6 
  537498:        0        1 
  540147:        0        3 
  540300:        0        1        2        3        5 
  540866:        0        1        3        4 
  544910:        0        1 
  548602:        0        2        4        5        6 
  552908:        0        1        2        3        4        6        7        8 
  166151:        0        1        2        3        5        6 
