       0,    16820, 11103134
       0,    18513, 11100144
       0,    20270, 11103006
       0,    22050, 11100156
       0,    22759, 11100163
       0,    25528, 11100174
       0,    32597, 11100194
       0,    58243, 11100273
       0,    71286, 11100311
       0,    77109, 11100332
       0,    78006, 11100336
       0,    80981, 11100344
       0,    88943, 11100359
       0,    89207, 11103244
       0,   101701, 11100410
       0,   110219, 11100434
       0,   110456, 11100435
       0,   127306, 11100490
       0,   128961, 11100497
       0,   129222, 11100499
       0,   146804, 11103370
       0,   151058, 11100564
       0,   155544, 11103288
       0,   160476, 11103058
       0,   168146, 11100623
       0,   168706, 11100626
       0,   171566, 11100016
       0,   175843, 11100648
       0,   195884, 11100723
       0,   196890, 11100726
       0,   198241, 11100734
       0,   212339, 11100782
       0,   239164, 11100856
       0,   239780, 11100024
       0,   244594, 11100872
       0,   248277, 11100882
       0,   253108, 11100899
       0,   270921, 11103393
       0,   271285, 11103566
       0,   287748, 11100995
       0,   291816, 11101009
       0,   303394, 11101086
       0,   314920, 11101077
       0,   326948, 11102959
       0,   334893, 11101139
       0,   336905, 11101148
       0,   337235, 11103405
       0,   346701, 11102500
       0,   361388, 11101244
       0,   399136, 11101353
       0,   402302, 11100550
       0,   409806, 11101385
       0,   414636, 11103356
       0,   416645, 11101405
       0,   418048, 11101412
       0,   418112, 11101413
       0,   430274, 11101438
       0,   432681, 11101451
       0,   437250, 11103743
       0,   451467, 11102777
       0,   459558, 11101542
       0,   462770, 11101553
       0,   467634, 11101577
       0,   477623, 11101611
       0,   478908, 11101617
       0,   480710, 11101624
       0,   493446, 11101671
       0,   499329, 11101700
       0,   499677, 11100926
       0,   499753, 11100364
       0,   505792, 11100046
       0,   533173, 11103082
       0,   534352, 11101817
       0,   597006, 11102026
       0,   607954, 11103329
       0,   623838, 11102110
       0,   624714, 11102612
       0,   643734, 11102172
       0,   645224, 11102177
       0,   645577, 11102181
       0,   649098, 11102192
       0,   649491, 11102193
       0,   661562, 11102236
       0,   669016, 11102252
       0,   669526, 11102253
       0,   671672, 11102258
       0,   675011, 11102275
       0,   675106, 11103597
       0,   681851, 11102296
       0,   683786, 11102308
       0,   693681, 11103343
       0,   694722, 11102335
       0,   699763, 11102359
       0,   702519, 11102368
       0,   704560, 11103195
       0,   710384, 11103612
       0,   711879, 11102395
       0,   719104, 11102420
       0,   732722, 11102460
       0,   734649, 11102466
       0,   735925, 11102973
       0,   743029, 11102492
       0,   758866, 11102534
       0,   763170, 11102551
       0,   774666, 11101203
       0,   774974, 11102588
       0,   781266, 11102616
       0,   785037, 11102635
       0,   789383, 11102647
       0,   808993, 11102694
       0,   810097, 11102702
       0,   815238, 11102937
       0,   820789, 11102734
       0,   723232, 11103564
       0,    49404, 11103531
       0,   618290, 11102883
       0,   665317, 11102819
       0,   716699, 11103130
       0,   106835, 11102927
       0,    45976, 11101744
       0,   388770, 11103824
       0,   777831, 11100369
       0,    15596, 11103294
       0,    42795, 11103592
       0,    42795, 11102624
       0,      194, 11103617
       0,      487, 11100082
       0,      533, 11100083
       0,     1139, 11100443
       0,     2313, 11100084
       0,     2546, 11100085
       0,     2679, 11100086
       0,     2733, 11100087
       0,     3750, 11101190
       0,     3928, 11100090
       0,     4250, 11100091
       0,     4574, 11100092
       0,     4827, 11100094
       0,     5268, 11100096
       0,     5333, 11100097
       0,     5343, 11100099
       0,     6394, 11103027
       0,     6763, 11100102
       0,     6910, 11100103
       0,     7498, 11100105
       0,     7707, 11100107
       0,     7723, 11100108
       0,     8383, 11100110
       0,     8602, 11100111
       0,     8765, 11100112
       0,     9192, 11100113
       0,     9333, 11100115
       0,     9415, 11100153
       0,     9638, 11102858
       0,     9700, 11100117
       0,    10765, 11100118
       0,    11033, 11100119
       0,    12749, 11100121
       0,    13010, 11103560
       0,    13210, 11100122
       0,    13354, 11100123
       0,    14225, 11100124
       0,    14624, 11100125
       0,    14687, 11100126
       0,    14892, 11100127
       0,    15146, 11100128
       0,    15261, 11100129
       0,    15708, 11100130
       0,    16084, 11100131
       0,    16265, 11100132
       0,    16418, 11100133
       0,    16546, 11100000
       0,    16719, 11100843
       0,    17043, 11100134
       0,    17075, 11100135
       0,    17176, 11100136
       0,    17186, 11100137
       0,    17266, 11100139
       0,    17306, 11100140
       0,    17563, 11102821
       0,    17958, 11100142
       0,    18522, 11100145
       0,    19796, 11100146
       0,    20236, 11100147
       0,    20557, 11100150
       0,    20825, 11100151
       0,    20864, 11103502
       0,    21328, 11100152
       0,    21581, 11100154
       0,    21744, 11103465
       0,    21906, 11100155
       0,    22197, 11100157
       0,    22379, 11100158
       0,    22505, 11100143
       0,    22591, 11100159
       0,    22742, 11100161
       0,    22752, 11100162
       0,    23657, 11100165
       0,    24353, 11100166
       0,    24702, 11102899
       0,    24942, 11100169
       0,    24996, 11100170
       0,    24997, 11100171
       0,    25182, 11100173
       0,    25563, 11100176
       0,    26167, 11100179
       0,    26375, 11100181
       0,    26944, 11100180
       0,    27222, 11100302
       0,    27226, 11100183
       0,    27239, 11100185
       0,    28645, 11100186
       0,    30145, 11100187
       0,    30821, 11100188
       0,    32798, 11100195
       0,    34077, 11100196
       0,    34470, 11100201
       0,    34731, 11100198
       0,    34870, 11100202
       0,    35057, 11100203
       0,    35371, 11100204
       0,    35932, 11100205
       0,    37458, 11100208
       0,    38775, 11100210
       0,    38982, 11100213
       0,    40194, 11103032
       0,    41528, 11100215
       0,    41825, 11103365
       0,    41826, 11100217
       0,    42210, 11100219
       0,    42896, 11100220
       0,    42957, 11100223
       0,    42965, 11100222
       0,    43498, 11100224
       0,    43600, 11103168
       0,    43786, 11100225
       0,    44483, 11103139
       0,    44655, 11100229
       0,    44903, 11100230
       0,    45715, 11100231
       0,    45992, 11100232
       0,    46041, 11100234
       0,    46292, 11100235
       0,    46687, 11100237
       0,    46788, 11100238
       0,    46880, 11101150
       0,    47541, 11100239
       0,    48152, 11100242
       0,    48355, 11100243
       0,    48397, 11100244
       0,    50306, 11100249
       0,    51086, 11100253
       0,    52335, 11100257
       0,    52829, 11103571
       0,    53240, 11100218
       0,    54256, 11100261
       0,    54266, 11100262
       0,    55108, 11100264
       0,    55866, 11100265
       0,    55964, 11100267
       0,    56946, 11103186
       0,    57250, 11100269
       0,    57602, 11100271
       0,    57885, 11100270
       0,    57902, 11100272
       0,    58919, 11103043
       0,    59381, 11103322
       0,    59429, 11100274
       0,    59642, 11100275
       0,    59811, 11103158
       0,    60192, 11100276
       0,    60734, 11100279
       0,    60996, 11103517
       0,    61189, 11100280
       0,    61198, 11100281
       0,    61563, 11100283
       0,    63235, 11100284
       0,    64083, 11103680
       0,    64277, 11100286
       0,    66458, 11100289
       0,    66461, 11100290
       0,    66469, 11100291
       0,    67243, 11100292
       0,    67585, 11100294
       0,    68190, 11100296
       0,    68292, 11100297
       0,    68422, 11100299
       0,    68473, 11100300
       0,    68843, 11100301
       0,    69084, 11100303
       0,    69175, 11100304
       0,    69462, 11103212
       0,    69529, 11100306
       0,    69743, 11100307
       0,    69865, 11100308
       0,    69898, 11100310
       0,    71626, 11100313
       0,    71730, 11103798
       0,    71994, 11100315
       0,    72502, 11100005
       0,    73117, 11100316
       0,    73132, 11100006
       0,    73877, 11103206
       0,    73968, 11100319
       0,    73990, 11100320
       0,    74106, 11100322
       0,    74194, 11100323
       0,    75044, 11100324
       0,    75128, 11100325
       0,    75868, 11100327
       0,    76178, 11100007
       0,    76708, 11103333
       0,    76739, 11100331
       0,    77672, 11100330
       0,    77798, 11100334
       0,    77980, 11100335
       0,    78184, 11103642
       0,    78774, 11100337
       0,    79827, 11100338
       0,    79891, 11100342
       0,    80282, 11100343
       0,    81163, 11100345
       0,    81872, 11100008
       0,    82939, 11100346
       0,    83487, 11100347
       0,    83831, 11102788
       0,    84019, 11100349
       0,    85129, 11100353
       0,    88311, 11100357
       0,    88332, 11100358
       0,    88753, 11102784
       0,    88949, 11100361
       0,    89239, 11100363
       0,    89397, 11103488
       0,    89467, 11100365
       0,    90052, 11103664
       0,    90996, 11100370
       0,    91707, 11102802
       0,    92224, 11100375
       0,    92527, 11100377
       0,    92840, 11102992
       0,    93000, 11102436
       0,    93106, 11100379
       0,    93420, 11100380
       0,    93561, 11100383
       0,    94229, 11100384
       0,    94343, 11100386
       0,    94628, 11100387
       0,    95574, 11100390
       0,    96412, 11100391
       0,    96736, 11102362
       0,    97151, 11100393
       0,    97313, 11100396
       0,    97563, 11100398
       0,    98877, 11100399
       0,    99331, 11100404
       0,    99788, 11102446
       0,    99925, 11103516
       0,   100713, 11100407
       0,   101243, 11100408
       0,   102357, 11100412
       0,   102749, 11100414
       0,   102828, 11100098
       0,   102922, 11100411
       0,   103035, 11100415
       0,   105160, 11100418
       0,   105179, 11100420
       0,   105979, 11100421
       0,   106409, 11100424
       0,   106581, 11100422
       0,   106853, 11100425
       0,   107034, 11100427
       0,   107407, 11103441
       0,   107977, 11103410
       0,   108953, 11100431
       0,   109107, 11100010
       0,   110074, 11100432
       0,   110488, 11100436
       0,   110593, 11100437
       0,   110796, 11100438
       0,   111741, 11100439
       0,   112139, 11100441
       0,   112597, 11103272
       0,   112709, 11100442
       0,   113092, 11103226
       0,   113190, 11100444
       0,   115095, 11100447
       0,   115176, 11100449
       0,   115290, 11100450
       0,   115345, 11100451
       0,   115579, 11100452
       0,   115777, 11100453
       0,   116007, 11100454
       0,   116091, 11100455
       0,   116534, 11100457
       0,   116792, 11100458
       0,   117349, 11100460
       0,   117729, 11100461
       0,   118352, 11100462
       0,   118819, 11100464
       0,   119823, 11100465
       0,   119916, 11100466
       0,   120270, 11103252
       0,   121381, 11100011
       0,   121694, 11100470
       0,   122063, 11100473
       0,   122330, 11100475
       0,   122359, 11100476
       0,   122543, 11100477
       0,   123431, 11103691
       0,   123767, 11100478
       0,   123843, 11100482
       0,   126146, 11100483
       0,   126497, 11100485
       0,   126836, 11100486
       0,   126841, 11100487
       0,   126843, 11100488
       0,   127293, 11100489
       0,   127916, 11103619
       0,   128403, 11100494
       0,   128443, 11100496
       0,   129054, 11100498
       0,   129488, 11100500
       0,   129517, 11100501
       0,   129616, 11100502
       0,   130182, 11100504
       0,   130471, 11103457
       0,   131278, 11100508
       0,   131360, 11100510
       0,   131498, 11100511
       0,   131525, 11100512
       0,   131843, 11100513
       0,   132018, 11100514
       0,   132029, 11100515
       0,   134238, 11100518
       0,   135015, 11103110
       0,   135447, 11100519
       0,   136057, 11103008
       0,   136236, 11100523
       0,   136521, 11100526
       0,   136562, 11100527
       0,   136855, 11100528
       0,   137044, 11100529
       0,   137384, 11100530
       0,   137566, 11100531
       0,   138056, 11103205
       0,   138082, 11100532
       0,   140131, 11100533
       0,   140280, 11100535
       0,   141056, 11100539
       0,   141207, 11100540
       0,   141317, 11100541
       0,   141383, 11100542
       0,   141867, 11100544
       0,   141943, 11100543
       0,   142673, 11100014
       0,   143328, 11100546
       0,   144349, 11100549
       0,   144436, 11100070
       0,   144641, 11103088
       0,   144686, 11100552
       0,   144754, 11100553
       0,   146803, 11103707
       0,   147032, 11100557
       0,   148790, 11100559
       0,   149805, 11100561
       0,   150076, 11102765
       0,   150272, 11100562
       0,   150354, 11100563
       0,   150773, 11103239
       0,   153021, 11100571
       0,   153127, 11102465
       0,   153163, 11103433
       0,   153639, 11100572
       0,   154146, 11100576
       0,   154157, 11100577
       0,   155107, 11100578
       0,   155180, 11100581
       0,   156364, 11100583
       0,   156630, 11100584
       0,   156965, 11103609
       0,   157430, 11103169
       0,   157691, 11100586
       0,   157835, 11100015
       0,   158326, 11100588
       0,   158380, 11100589
       0,   158858, 11100591
       0,   158861, 11100592
       0,   159635, 11100594
       0,   159691, 11100595
       0,   160331, 11100596
       0,   160391, 11101927
       0,   160985, 11100599
       0,   161692, 11100601
       0,   162746, 11103180
       0,   162785, 11100602
       0,   162962, 11100603
       0,   163289, 11100605
       0,   163550, 11100607
       0,   164010, 11100608
       0,   164516, 11100609
       0,   164858, 11100610
       0,   165172, 11103258
       0,   165569, 11100611
       0,   165902, 11100613
       0,   166311, 11100614
       0,   166371, 11103251
       0,   166447, 11100616
       0,   166778, 11100617
       0,   167078, 11100618
       0,   167177, 11100619
       0,   167912, 11100620
       0,   168263, 11100624
       0,   168635, 11100625
       0,   169730, 11100627
       0,   170163, 11100629
       0,   170215, 11100631
       0,   170431, 11100632
       0,   170500, 11100633
       0,   170811, 11100634
       0,   171085, 11100635
       0,   171494, 11100636
       0,   171982, 11100637
       0,   172657, 11100638
       0,   172873, 11103352
       0,   173129, 11100639
       0,   173134, 11100640
       0,   173153, 11100641
       0,   173239, 11100642
       0,   173594, 11100643
       0,   174449, 11103253
       0,   174909, 11103274
       0,   174933, 11100645
       0,   175296, 11100647
       0,   175963, 11100652
       0,   175964, 11100651
       0,   176099, 11102854
       0,   176476, 11100655
       0,   176511, 11100656
       0,   176809, 11100657
       0,   177014, 11100658
       0,   177339, 11100662
       0,   177713, 11100663
       0,   177773, 11100664
       0,   178055, 11100665
       0,   178085, 11100666
       0,   178354, 11100667
       0,   178440, 11100669
       0,   178656, 11100670
       0,   179287, 11100079
       0,   179533, 11103357
       0,   180141, 11100677
       0,   180659, 11100678
       0,   181008, 11100680
       0,   181500, 11100681
       0,   181501, 11102897
       0,   182001, 11100684
       0,   182229, 11100682
       0,   182493, 11100685
       0,   182637, 11100686
       0,   182740, 11100687
       0,   182770, 11100688
       0,   183261, 11100689
       0,   183476, 11100690
       0,   185674, 11103100
       0,   186193, 11102896
       0,   187208, 11103520
       0,   187235, 11100697
       0,   187620, 11100698
       0,   188048, 11100699
       0,   188961, 11100700
       0,   188965, 11100704
       0,   189169, 11100705
       0,   189419, 11100706
       0,   189860, 11102796
       0,   190812, 11100708
       0,   191023, 11100710
       0,   191740, 11100711
       0,   191762, 11103257
       0,   192341, 11100712
       0,   193066, 11100718
       0,   194132, 11100719
       0,   195016, 11100720
       0,   195725, 11100722
       0,   196494, 11100724
       0,   196779, 11100725
       0,   197168, 11100727
       0,   197536, 11100728
       0,   198195, 11100733
       0,   198618, 11100737
       0,   198826, 11100735
       0,   198969, 11100738
       0,   199155, 11100739
       0,   199404, 11100329
       0,   199848, 11100743
       0,   199953, 11100744
       0,   199965, 11100745
       0,   200489, 11100746
       0,   200626, 11103061
       0,   200880, 11100749
       0,   200939, 11100750
       0,   202403, 11100751
       0,   202598, 11100752
       0,   203237, 11100754
       0,   203498, 11102728
       0,   204798, 11100756
       0,   205272, 11100761
       0,   205452, 11100762
       0,   205646, 11102766
       0,   205852, 11100766
       0,   205949, 11100767
       0,   206081, 11103767
       0,   207093, 11103491
       0,   207344, 11100621
       0,   207346, 11100771
       0,   208138, 11102268
       0,   208340, 11102789
       0,   208897, 11100774
       0,   210217, 11100775
       0,   210817, 11100778
       0,   210946, 11100780
       0,   213021, 11100781
       0,   213313, 11100783
       0,   213321, 11100786
       0,   214484, 11100785
       0,   214671, 11100787
       0,   214781, 11100788
       0,   215683, 11100791
       0,   216738, 11100794
       0,   216762, 11100795
       0,   217061, 11100796
       0,   217139, 11103054
       0,   217183, 11100797
       0,   217398, 11103697
       0,   217854, 11100019
       0,   218708, 11100798
       0,   218917, 11100801
       0,   219522, 11100802
       0,   220047, 11103668
       0,   220423, 11100805
       0,   220833, 11100807
       0,   222118, 11100810
       0,   222924, 11100812
       0,   223470, 11100813
       0,   223475, 11100814
       0,   224610, 11101319
       0,   224747, 11100815
       0,   225765, 11100819
       0,   226090, 11101439
       0,   226292, 11100820
       0,   227104, 11100822
       0,   227721, 11100825
       0,   227728, 11100023
       0,   227764, 11100826
       0,   228143, 11100827
       0,   228343, 11100829
       0,   228937, 11100830
       0,   229273, 11100832
       0,   231468, 11100834
       0,   231715, 11100835
       0,   232169, 11100836
       0,   232221, 11100837
       0,   232430, 11100838
       0,   233645, 11100842
       0,   233900, 11100844
       0,   234409, 11100845
       0,   237562, 11100846
       0,   237568, 11100849
       0,   237751, 11100850
       0,   237895, 11100852
       0,   238894, 11100853
       0,   239167, 11100857
       0,   240668, 11103778
       0,   240840, 11102627
       0,   240841, 11100862
       0,   241182, 11100863
       0,   242049, 11100864
       0,   242471, 11103159
       0,   242788, 11100865
       0,   243934, 11100867
       0,   244079, 11100868
       0,   244093, 11100870
       0,   244357, 11100871
       0,   244756, 11100873
       0,   245279, 11100874
       0,   245320, 11100876
       0,   245932, 11100877
       0,   246664, 11100878
       0,   247201, 11103404
       0,   247693, 11100879
       0,   248009, 11103681
       0,   248169, 11100881
       0,   248287, 11100883
       0,   248352, 11100885
       0,   248399, 11100886
       0,   248629, 11100887
       0,   248850, 11103210
       0,   249168, 11102792
       0,   249168, 11102780
       0,   249844, 11103616
       0,   251572, 11103277
       0,   251579, 11100895
       0,   252926, 11100897
       0,   252928, 11100898
       0,   253287, 11100900
       0,   253874, 11103573
       0,   254403, 11100901
       0,   254998, 11102951
       0,   255207, 11100903
       0,   256337, 11100909
       0,   256775, 11100026
       0,   257207, 11100911
       0,   257798, 11100913
       0,   258906, 11100918
       0,   259144, 11100921
       0,   259868, 11100922
       0,   260203, 11102823
       0,   260358, 11100923
       0,   260772, 11102840
       0,   261252, 11100925
       0,   261619, 11100927
       0,   262903, 11103011
       0,   263511, 11100929
       0,   263701, 11103216
       0,   264834, 11102528
       0,   264929, 11100931
       0,   265225, 11100933
       0,   265445, 11100934
       0,   266258, 11100935
       0,   266438, 11100937
       0,   267522, 11100940
       0,   267558, 11100941
       0,   267600, 11101099
       0,   269353, 11100029
       0,   270286, 11100946
       0,   270294, 11100949
       0,   270577, 11100950
       0,   271727, 11103038
       0,   271779, 11100954
       0,   271923, 11100955
       0,   272205, 11100956
       0,   273084, 11100957
       0,   273126, 11100959
       0,   273535, 11100960
       0,   273730, 11103015
       0,   273864, 11100030
       0,   274180, 11102825
       0,   274640, 11100964
       0,   274980, 11100963
       0,   275426, 11100965
       0,   276159, 11100966
       0,   277431, 11100967
       0,   278726, 11100970
       0,   278773, 11100971
       0,   279221, 11100972
       0,   280183, 11103588
       0,   280278, 11100975
       0,   281041, 11100976
       0,   281955, 11100978
       0,   282027, 11100979
       0,   283062, 11103240
       0,   283131, 11103800
       0,   283193, 11100980
       0,   283424, 11100981
       0,   283717, 11100983
       0,   283978, 11100984
       0,   285159, 11103033
       0,   285606, 11100987
       0,   286194, 11100986
       0,   286304, 11100989
       0,   286485, 11100990
       0,   287267, 11100992
       0,   287283, 11100994
       0,   287755, 11100997
       0,   288986, 11102900
       0,   289070, 11101001
       0,   289302, 11103020
       0,   289426, 11101002
       0,   290306, 11101003
       0,   290402, 11101005
       0,   291209, 11101007
       0,   291987, 11101010
       0,   292581, 11101011
       0,   292583, 11101012
       0,   293531, 11103123
       0,   293931, 11102762
       0,   293992, 11100077
       0,   294203, 11101014
       0,   294406, 11100032
       0,   294602, 11101015
       0,   294712, 11101016
       0,   294761, 11101018
       0,   295192, 11101019
       0,   295678, 11101020
       0,   296699, 11101021
       0,   296801, 11101022
       0,   299068, 11103709
       0,   299334, 11101026
       0,   301104, 11102136
       0,   301117, 11101033
       0,   301272, 11103644
       0,   302058, 11101034
       0,   302916, 11101038
       0,   303116, 11101039
       0,   303322, 11101041
       0,   303385, 11101042
       0,   303955, 11101046
       0,   303981, 11101047
       0,   305194, 11103413
       0,   305727, 11101050
       0,   305879, 11101051
       0,   308604, 11103710
       0,   308951, 11101053
       0,   310073, 11101055
       0,   310189, 11101057
       0,   310249, 11101059
       0,   310354, 11101060
       0,   311134, 11101063
       0,   311240, 11101064
       0,   311808, 11100033
       0,   312124, 11101067
       0,   312577, 11103248
       0,   313119, 11103109
       0,   313250, 11101071
       0,   313370, 11101068
       0,   313402, 11100317
       0,   314019, 11101072
       0,   314693, 11101075
       0,   314702, 11101076
       0,   315024, 11101078
       0,   315057, 11101079
       0,   315631, 11101080
       0,   315700, 11101081
       0,   315940, 11101082
       0,   316157, 11101084
       0,   316409, 11101087
       0,   317135, 11101089
       0,   317910, 11101088
       0,   317920, 11100400
       0,   317964, 11101091
       0,   318192, 11101093
       0,   318213, 11101094
       0,   318816, 11101095
       0,   319004, 11101096
       0,   319190, 11101097
       0,   319214, 11101098
       0,   319225, 11101422
       0,   319298, 11101101
       0,   319783, 11101102
       0,   320276, 11101103
       0,   320492, 11101105
       0,   320906, 11103643
       0,   321747, 11101109
       0,   321960, 11101110
       0,   322717, 11103090
       0,   322745, 11101113
       0,   323040, 11101114
       0,   323171, 11101115
       0,   323392, 11101116
       0,   323634, 11101117
       0,   324927, 11101119
       0,   327232, 11101123
       0,   327247, 11101124
       0,   327895, 11101125
       0,   328068, 11101126
       0,   328985, 11101127
       0,   330004, 11101131
       0,   330648, 11101132
       0,   331253, 11101133
       0,   332466, 11101135
       0,   332731, 11101137
       0,   334719, 11103247
       0,   334895, 11100034
       0,   335248, 11100716
       0,   335746, 11101146
       0,   336044, 11100341
       0,   336867, 11101143
       0,   337209, 11100035
       0,   337210, 11101151
       0,   338207, 11101156
       0,   338904, 11100036
       0,   338958, 11101158
       0,   339782, 11102879
       0,   339892, 11101243
       0,   340140, 11101159
       0,   340177, 11101160
       0,   340717, 11101161
       0,   340762, 11101162
       0,   340952, 11101163
       0,   341688, 11100598
       0,   341801, 11101165
       0,   342057, 11101170
       0,   342314, 11101171
       0,   342710, 11101172
       0,   342945, 11101174
       0,   343215, 11101175
       0,   343466, 11101176
       0,   343632, 11101178
       0,   343640, 11101179
       0,   343714, 11101180
       0,   344034, 11101181
       0,   344327, 11101184
       0,   344908, 11101185
       0,   344927, 11101186
       0,   346085, 11101187
       0,   346234, 11101188
       0,   346680, 11103233
       0,   347630, 11101189
       0,   348033, 11101193
       0,   348676, 11101196
       0,   349021, 11101197
       0,   349103, 11101198
       0,   349114, 11101200
       0,   349285, 11101201
       0,   350090, 11101202
       0,   350902, 11101206
       0,   351041, 11101208
       0,   351288, 11101207
       0,   351335, 11101209
       0,   352000, 11101210
       0,   352329, 11101211
       0,   353561, 11101212
       0,   353816, 11103194
       0,   353929, 11101216
       0,   354069, 11101217
       0,   354514, 11101218
       0,   354521, 11103426
       0,   355016, 11101220
       0,   355165, 11101221
       0,   355437, 11101222
       0,   355736, 11101224
       0,   356137, 11101223
       0,   356284, 11101227
       0,   356412, 11101228
       0,   357759, 11101230
       0,   357911, 11101231
       0,   357936, 11101232
       0,   358259, 11103241
       0,   358526, 11101233
       0,   358677, 11101235
       0,   358678, 11101236
       0,   358875, 11101237
       0,   359473, 11101239
       0,   359867, 11101240
       0,   360064, 11101448
       0,   360183, 11100792
       0,   360187, 11101242
       0,   361103, 11100037
       0,   361920, 11101245
       0,   362106, 11101246
       0,   363163, 11101249
       0,   363473, 11101253
       0,   364054, 11101254
       0,   364204, 11101255
       0,   365372, 11101258
       0,   367049, 11103067
       0,   367535, 11101260
       0,   367875, 11101264
       0,   367942, 11103633
       0,   368779, 11101262
       0,   369401, 11101265
       0,   369986, 11101267
       0,   370218, 11101270
       0,   370384, 11101271
       0,   370516, 11101273
       0,   371017, 11101274
       0,   371105, 11101276
       0,   371153, 11103550
       0,   371161, 11103679
       0,   371189, 11101277
       0,   371340, 11103116
       0,   371511, 11101280
       0,   372183, 11101281
       0,   372578, 11103269
       0,   373657, 11103360
       0,   374018, 11101283
       0,   374622, 11101285
       0,   375364, 11101289
       0,   375799, 11101290
       0,   376105, 11101291
       0,   376665, 11101293
       0,   377735, 11101296
       0,   378072, 11101299
       0,   378596, 11103297
       0,   378671, 11102878
       0,   379143, 11101300
       0,   380022, 11100038
       0,   380873, 11101315
       0,   381830, 11101301
       0,   382206, 11101302
       0,   383206, 11101303
       0,   383242, 11101304
       0,   383718, 11101305
       0,   384196, 11100612
       0,   384692, 11101307
       0,   384949, 11101308
       0,   385182, 11101309
       0,   385382, 11101310
       0,   385424, 11103102
       0,   385632, 11103174
       0,   386329, 11101312
       0,   387472, 11101316
       0,   387525, 11101317
       0,   387589, 11100039
       0,   387612, 11101318
       0,   388634, 11103185
       0,   389072, 11101320
       0,   389967, 11102856
       0,   390068, 11102768
       0,   390641, 11103300
       0,   391298, 11103150
       0,   391301, 11101323
       0,   391469, 11101325
       0,   391707, 11101326
       0,   392332, 11101327
       0,   392944, 11103729
       0,   393134, 11101331
       0,   393512, 11101333
       0,   393732, 11101334
       0,   394236, 11101335
       0,   394317, 11101336
       0,   394319, 11101338
       0,   395748, 11101341
       0,   396894, 11101342
       0,   396949, 11101344
       0,   397096, 11103736
       0,   397242, 11101345
       0,   397319, 11101346
       0,   397831, 11102911
       0,   397834, 11103356
       0,   397836, 11101347
       0,   397951, 11101348
       0,   398603, 11103293
       0,   398604, 11101351
       0,   398701, 11103278
       0,   398900, 11101352
       0,   400657, 11101354
       0,   401116, 11101358
       0,   402089, 11101360
       0,   402244, 11101361
       0,   402450, 11103576
       0,   402886, 11101362
       0,   403917, 11101366
       0,   404218, 11101367
       0,   404386, 11101368
       0,   404526, 11101369
       0,   405268, 11101370
       0,   405551, 11101371
       0,   405761, 11101373
       0,   405912, 11103144
       0,   406068, 11101374
       0,   406251, 11101375
       0,   406565, 11101376
       0,   406774, 11101377
       0,   407696, 11103646
       0,   407769, 11101378
       0,   407803, 11101380
       0,   408114, 11101381
       0,   408240, 11101382
       0,   409277, 11103156
       0,   409636, 11101384
       0,   410160, 11101386
       0,   410277, 11101387
       0,   410414, 11101388
       0,   410441, 11101389
       0,   410921, 11101390
       0,   411551, 11101391
       0,   411589, 11101393
       0,   411688, 11103581
       0,   412496, 11101394
       0,   412935, 11101395
       0,   413684, 11101396
       0,   414028, 11101397
       0,   414064, 11103176
       0,   414923, 11101399
       0,   415740, 11101400
       0,   416163, 11101402
       0,   416576, 11101404
       0,   417052, 11101410
       0,   417771, 11101408
       0,   417848, 11101409
       0,   417893, 11101411
       0,   418261, 11101414
       0,   418735, 11101416
       0,   419257, 11101417
       0,   419898, 11101418
       0,   420210, 11101424
       0,   420895, 11101425
       0,   420980, 11101426
       0,   421145, 11101427
       0,   421537, 11101428
       0,   421672, 11103817
       0,   421675, 11101429
       0,   422089, 11101430
       0,   422231, 11101431
       0,   422611, 11102793
       0,   424074, 11101432
       0,   425324, 11101434
       0,   425575, 11102882
       0,   428951, 11101436
       0,   429653, 11101443
       0,   429943, 11101269
       0,   430271, 11103669
       0,   430398, 11101441
       0,   431380, 11101445
       0,   432185, 11101446
       0,   432197, 11101447
       0,   432922, 11101452
       0,   433197, 11101453
       0,   434240, 11101457
       0,   434254, 11101458
       0,   434280, 11101459
       0,   434300, 11101460
       0,   434543, 11103467
       0,   434557, 11100672
       0,   435407, 11103306
       0,   435512, 11101462
       0,   435538, 11101463
       0,   436232, 11103149
       0,   437230, 11101468
       0,   437600, 11101469
       0,   437872, 11103042
       0,   437949, 11101471
       0,   438878, 11103784
       0,   439130, 11101474
       0,   439137, 11101476
       0,   439650, 11101477
       0,   439830, 11100042
       0,   441554, 11101479
       0,   441948, 11101480
       0,   442598, 11101482
       0,   442978, 11102103
       0,   443778, 11101483
       0,   444742, 11101484
       0,   445306, 11101485
       0,   446145, 11101491
       0,   446542, 11100043
       0,   446844, 11101495
       0,   447050, 11101496
       0,   447282, 11101497
       0,   447450, 11101500
       0,   447754, 11101498
       0,   447883, 11102865
       0,   448725, 11102985
       0,   448859, 11101503
       0,   448939, 11101505
       0,   449681, 11101507
       0,   450559, 11101508
       0,   450639, 11101509
       0,   450873, 11101510
       0,   451076, 11101511
       0,   451702, 11103076
       0,   452163, 11101513
       0,   452371, 11101514
       0,   452452, 11101516
       0,   453093, 11101518
       0,   453410, 11101153
       0,   454435, 11101519
       0,   454520, 11101520
       0,   454574, 11101522
       0,   454641, 11101523
       0,   455203, 11101524
       0,   455538, 11101525
       0,   456090, 11101527
       0,   456246, 11101529
       0,   456544, 11103260
       0,   456694, 11101530
       0,   457247, 11101531
       0,   457388, 11101532
       0,   457859, 11101533
       0,   458412, 11101534
       0,   458798, 11101535
       0,   458909, 11101537
       0,   459138, 11101541
       0,   459205, 11101539
       0,   459388, 11101540
       0,   460837, 11101543
       0,   461117, 11101544
       0,   461406, 11101546
       0,   461429, 11101547
       0,   461438, 11101549
       0,   462311, 11101551
       0,   462890, 11101554
       0,   463151, 11101555
       0,   463273, 11101556
       0,   463596, 11101559
       0,   464854, 11101563
       0,   464862, 11101564
       0,   465128, 11101566
       0,   465474, 11101568
       0,   465686, 11101569
       0,   465700, 11101570
       0,   465784, 11101571
       0,   465933, 11103163
       0,   466431, 11101572
       0,   466706, 11101573
       0,   466945, 11101574
       0,   467003, 11101575
       0,   467934, 11101578
       0,   468394, 11101580
       0,   468640, 11101582
       0,   468663, 11101583
       0,   468970, 11101584
       0,   469103, 11101585
       0,   469927, 11101587
       0,   470437, 11101588
       0,   471370, 11101590
       0,   471593, 11101591
       0,   471987, 11101592
       0,   472330, 11101593
       0,   472368, 11101595
       0,   472863, 11101596
       0,   473304, 11103415
       0,   473644, 11101598
       0,   474484, 11101601
       0,   474723, 11101605
       0,   475161, 11101606
       0,   476239, 11101608
       0,   476332, 11103148
       0,   476875, 11101609
       0,   477149, 11101610
       0,   478149, 11103002
       0,   478736, 11101615
       0,   478801, 11101616
       0,   479400, 11101618
       0,   479747, 11101619
       0,   480312, 11101620
       0,   480498, 11101622
       0,   480565, 11101623
       0,   480901, 11101628
       0,   481036, 11101625
       0,   481151, 11101626
       0,   481251, 11101629
       0,   481672, 11101630
       0,   481924, 11101631
       0,   482079, 11101632
       0,   482220, 11102798
       0,   482637, 11101633
       0,   483118, 11101634
       0,   483157, 11101636
       0,   483270, 11101637
       0,   483888, 11100884
       0,   484293, 11101640
       0,   484359, 11101642
       0,   484706, 11101643
       0,   485127, 11103302
       0,   485317, 11101646
       0,   485776, 11101647
       0,   486413, 11101645
       0,   486958, 11101648
       0,   486979, 11101649
       0,   487090, 11103618
       0,   487445, 11101650
       0,   488124, 11102976
       0,   488166, 11101652
       0,   488229, 11101653
       0,   488584, 11101654
       0,   489309, 11101657
       0,   489836, 11101659
       0,   490062, 11103598
       0,   490441, 11102961
       0,   490668, 11101660
       0,   491026, 11101661
       0,   491641, 11101663
       0,   492512, 11101665
       0,   492639, 11101666
       0,   493027, 11101668
       0,   493028, 11101669
       0,   494072, 11101672
       0,   494080, 11101673
       0,   494321, 11101675
       0,   495205, 11101678
       0,   495435, 11101679
       0,   495876, 11101681
       0,   495937, 11101682
       0,   496197, 11101684
       0,   496335, 11101685
       0,   496626, 11101686
       0,   496737, 11101687
       0,   497222, 11101688
       0,   497335, 11101691
       0,   498113, 11100044
       0,   498431, 11101693
       0,   498516, 11101695
       0,   498970, 11101696
       0,   499177, 11101697
       0,   499647, 11101701
       0,   500049, 11101702
       0,   500251, 11101703
       0,   500943, 11101706
       0,   501912, 11101708
       0,   502547, 11101709
       0,   502578, 11101710
       0,   504143, 11101712
       0,   505006, 11100045
       0,   506230, 11101716
       0,   506416, 11102922
       0,   507042, 11101718
       0,   508035, 11101720
       0,   508675, 11101721
       0,   508787, 11101722
       0,   508927, 11101725
       0,   511112, 11101726
       0,   511494, 11101727
       0,   512547, 11101731
       0,   512617, 11101732
       0,   512702, 11101734
       0,   513470, 11101735
       0,   513856, 11101736
       0,   515094, 11101738
       0,   515228, 11101740
       0,   516137, 11102872
       0,   516583, 11101748
       0,   516943, 11101749
       0,   517528, 11102947
       0,   517584, 11101750
       0,   517618, 11101751
       0,   517675, 11103638
       0,   517879, 11101752
       0,   517884, 11101753
       0,   518431, 11101755
       0,   518654, 11103650
       0,   519293, 11101756
       0,   519737, 11101758
       0,   519808, 11103007
       0,   520058, 11103803
       0,   521498, 11101761
       0,   521681, 11101763
       0,   522049, 11101765
       0,   522057, 11101768
       0,   522734, 11101766
       0,   523379, 11101767
       0,   523709, 11101769
       0,   524026, 11101770
       0,   524056, 11101773
       0,   524135, 11101771
       0,   524166, 11102769
       0,   524180, 11102885
       0,   524553, 11101776
       0,   525271, 11101777
       0,   525341, 11101779
       0,   525345, 11101780
       0,   526025, 11101783
       0,   526310, 11101781
       0,   526423, 11101787
       0,   526713, 11101782
       0,   527146, 11101785
       0,   527578, 11101788
       0,   528212, 11101792
       0,   528577, 11101793
       0,   528801, 11103372
       0,   528957, 11101791
       0,   529070, 11101794
       0,   529679, 11101796
       0,   529680, 11101797
       0,   531066, 11101799
       0,   531073, 11101803
       0,   531074, 11101804
       0,   531085, 11103587
       0,   531115, 11101805
       0,   533015, 11101807
       0,   533132, 11101808
       0,   533219, 11103479
       0,   533261, 11103359
       0,   533468, 11101812
       0,   533885, 11101813
       0,   534127, 11101815
       0,   534572, 11101819
       0,   535110, 11101821
       0,   535534, 11101822
       0,   535924, 11101824
       0,   537123, 11103686
       0,   537216, 11102909
       0,   537475, 11101828
       0,   537653, 11102986
       0,   538399, 11101830
       0,   538643, 11101831
       0,   539351, 11101832
       0,   539670, 11101833
       0,   539879, 11101834
       0,   540500, 11101835
       0,   540839, 11100309
       0,   540882, 11101836
       0,   541018, 11101840
       0,   541764, 11101843
       0,   542129, 11101845
       0,   542540, 11101846
       0,   542700, 11101848
       0,   543557, 11101168
       0,   543652, 11101849
       0,   544030, 11101850
       0,   545007, 11103677
       0,   545722, 11101852
       0,   545803, 11102975
       0,   546629, 11103496
       0,   546665, 11101854
       0,   547128, 11102650
       0,   547432, 11101856
       0,   547837, 11101857
       0,   547850, 11101861
       0,   548620, 11101862
       0,   548789, 11101865
       0,   548853, 11101866
       0,   549092, 11101867
       0,   549228, 11101868
       0,   549278, 11101869
       0,   549517, 11101870
       0,   549803, 11101872
       0,   550101, 11101873
       0,   551741, 11101878
       0,   552010, 11103665
       0,   552496, 11103636
       0,   553244, 11101880
       0,   553696, 11101884
       0,   554663, 11103806
       0,   555053, 11101885
       0,   555387, 11101058
       0,   555783, 11101886
       0,   555881, 11101891
       0,   556435, 11101888
       0,   556555, 11100049
       0,   556905, 11101893
       0,   557847, 11103519
       0,   558414, 11101895
       0,   558873, 11101896
       0,   559749, 11100020
       0,   560612, 11101898
       0,   560644, 11101899
       0,   560808, 11101900
       0,   560945, 11101901
       0,   561730, 11101907
       0,   562217, 11101908
       0,   562585, 11101911
       0,   562844, 11103183
       0,   562872, 11101912
       0,   563420, 11101913
       0,   563593, 11101914
       0,   564670, 11101916
       0,   565090, 11101917
       0,   565771, 11101920
       0,   565805, 11101921
       0,   565928, 11101922
       0,   566666, 11101923
       0,   567729, 11101925
       0,   568066, 11101926
       0,   568736, 11101928
       0,   569223, 11101929
       0,   569861, 11101931
       0,   570762, 11101932
       0,   570780, 11101934
       0,   570807, 11101936
       0,   571543, 11101940
       0,   571642, 11101937
       0,   572006, 11101938
       0,   572049, 11101941
       0,   572288, 11101942
       0,   572597, 11101943
       0,   573489, 11101945
       0,   573686, 11101946
       0,   573688, 11101950
       0,   573904, 11103259
       0,   574279, 11101141
       0,   574430, 11101951
       0,   574503, 11101952
       0,   574709, 11101955
       0,   574715, 11103073
       0,   574802, 11101956
       0,   575075, 11101957
       0,   575449, 11101958
       0,   576201, 11101959
       0,   576206, 11102970
       0,   576749, 11101960
       0,   577003, 11100051
       0,   577453, 11101964
       0,   577519, 11101968
       0,   577567, 11101969
       0,   577709, 11101970
       0,   578242, 11101972
       0,   578362, 11101973
       0,   579149, 11101974
       0,   579319, 11101975
       0,   579562, 11101976
       0,   579824, 11101977
       0,   579972, 11101979
       0,   580078, 11103330
       0,   580140, 11101981
       0,   580222, 11101983
       0,   580257, 11103739
       0,   580596, 11101984
       0,   580807, 11102771
       0,   581896, 11103380
       0,   581966, 11101472
       0,   582103, 11101986
       0,   582529, 11101044
       0,   583196, 11101988
       0,   583741, 11101989
       0,   584344, 11102767
       0,   584524, 11103312
       0,   584603, 11101991
       0,   584605, 11101992
       0,   584657, 11101995
       0,   584913, 11101993
       0,   585048, 11101994
       0,   585316, 11101997
       0,   585381, 11101998
       0,   585839, 11102000
       0,   587022, 11102001
       0,   587248, 11102002
       0,   587882, 11102003
       0,   588273, 11102004
       0,   588509, 11101043
       0,   588948, 11102010
       0,   590481, 11102772
       0,   590519, 11103227
       0,   590674, 11100053
       0,   591128, 11102844
       0,   591756, 11102011
       0,   592174, 11102012
       0,   592301, 11102015
       0,   592399, 11102017
       0,   592455, 11102018
       0,   593643, 11102019
       0,   594292, 11103424
       0,   594292, 11101662
       0,   594373, 11102020
       0,   595520, 11102023
       0,   596212, 11102024
       0,   597408, 11102028
       0,   597477, 11102032
       0,   597974, 11102034
       0,   598306, 11102036
       0,   598576, 11102037
       0,   599008, 11103562
       0,   599111, 11102038
       0,   599875, 11103093
       0,   601299, 11101013
       0,   602761, 11102041
       0,   602982, 11102043
       0,   603556, 11102850
       0,   603594, 11102044
       0,   603625, 11102045
       0,   604762, 11102046
       0,   605085, 11102048
       0,   605327, 11102049
       0,   606510, 11102051
       0,   607624, 11101475
       0,   607787, 11102056
       0,   607911, 11102052
       0,   607920, 11102058
       0,   608231, 11102054
       0,   608243, 11102057
       0,   608320, 11102060
       0,   608351, 11102061
       0,   608567, 11102062
       0,   609453, 11102956
       0,   609771, 11102064
       0,   610029, 11102065
       0,   610045, 11102067
       0,   610126, 11102068
       0,   610343, 11102069
       0,   611687, 11100054
       0,   611693, 11102070
       0,   612876, 11102072
       0,   612886, 11102073
       0,   613033, 11102076
       0,   613619, 11103824
       0,   613760, 11102074
       0,   613848, 11103147
       0,   614060, 11102828
       0,   615508, 11102078
       0,   616452, 11102083
       0,   616478, 11102085
       0,   616915, 11102087
       0,   617076, 11102088
       0,   617222, 11102089
       0,   617317, 11102092
       0,   617868, 11102095
       0,   618923, 11102099
       0,   619522, 11102094
       0,   619547, 11102098
       0,   620715, 11100055
       0,   623059, 11102101
       0,   623066, 11102102
       0,   623203, 11102106
       0,   623871, 11103155
       0,   624001, 11102107
       0,   624083, 11102111
       0,   624112, 11102113
       0,   624172, 11103495
       0,   624745, 11102114
       0,   625169, 11102115
       0,   625391, 11102117
       0,   625476, 11102119
       0,   625648, 11102120
       0,   626712, 11102121
       0,   626754, 11100057
       0,   627278, 11102122
       0,   627617, 11100463
       0,   627930, 11102123
       0,   627996, 11102124
       0,   628845, 11102128
       0,   628866, 11102130
       0,   629852, 11100058
       0,   630008, 11102131
       0,   630525, 11102132
       0,   631014, 11102133
       0,   631930, 11102134
       0,   632412, 11102135
       0,   632709, 11100902
       0,   633211, 11102137
       0,   634509, 11102138
       0,   634752, 11103382
       0,   635287, 11102143
       0,   635362, 11102144
       0,   635385, 11102790
       0,   635522, 11102149
       0,   635595, 11102146
       0,   635905, 11102150
       0,   637115, 11102152
       0,   637703, 11102153
       0,   638638, 11102156
       0,   639422, 11102889
       0,   639860, 11101538
       0,   640004, 11102161
       0,   640013, 11102162
       0,   640783, 11102164
       0,   641053, 11102167
       0,   641339, 11100517
       0,   641373, 11102168
       0,   642194, 11102169
       0,   642528, 11103070
       0,   642567, 11103266
       0,   642752, 11102170
       0,   643741, 11102173
       0,   644130, 11102175
       0,   644468, 11102176
       0,   644636, 11100060
       0,   645349, 11102179
       0,   645438, 11102180
       0,   646073, 11103368
       0,   646217, 11102182
       0,   647371, 11102184
       0,   648143, 11103282
       0,   648322, 11102187
       0,   648325, 11102189
       0,   648479, 11102191
       0,   649538, 11102195
       0,   649936, 11102196
       0,   649961, 11102197
       0,   650116, 11102198
       0,   650285, 11102199
       0,   650354, 11102200
       0,   650387, 11102201
       0,   650445, 11102202
       0,   650447, 11102203
       0,   650540, 11102204
       0,   651288, 11102205
       0,   651421, 11102206
       0,   651655, 11102208
       0,   651690, 11102209
       0,   652524, 11102211
       0,   652584, 11103228
       0,   652818, 11100061
       0,   652821, 11102212
       0,   653341, 11102213
       0,   654563, 11102215
       0,   655289, 11102217
       0,   655385, 11102219
       0,   656209, 11102221
       0,   656367, 11102222
       0,   656401, 11102223
       0,   657107, 11102773
       0,   657382, 11102225
       0,   657877, 11102226
       0,   658144, 11102227
       0,   658605, 11102228
       0,   659085, 11102229
       0,   659111, 11103756
       0,   659602, 11102230
       0,   659687, 11102231
       0,   659744, 11102232
       0,   660060, 11102815
       0,   660158, 11102234
       0,   660941, 11102235
       0,   661665, 11102237
       0,   662792, 11100062
       0,   662837, 11102238
       0,   662871, 11102240
       0,   662885, 11102241
       0,   663358, 11102243
       0,   663987, 11103237
       0,   664127, 11102244
       0,   664128, 11102981
       0,   665586, 11102247
       0,   667063, 11102250
       0,   668412, 11102251
       0,   670363, 11102254
       0,   670616, 11102255
       0,   671028, 11100064
       0,   671250, 11102256
       0,   671530, 11102257
       0,   671639, 11103561
       0,   672022, 11103760
       0,   672160, 11103202
       0,   672242, 11102262
       0,   672964, 11102263
       0,   673053, 11102264
       0,   673145, 11102265
       0,   673503, 11102266
       0,   673643, 11102267
       0,   674234, 11103537
       0,   674689, 11102269
       0,   674821, 11102272
       0,   674919, 11102273
       0,   674934, 11102274
       0,   675866, 11102277
       0,   676173, 11102276
       0,   676440, 11103164
       0,   676871, 11102279
       0,   677666, 11102281
       0,   678208, 11102283
       0,   678261, 11102284
       0,   678485, 11102286
       0,   678689, 11102287
       0,   678882, 11102289
       0,   679288, 11102290
       0,   679350, 11102291
       0,   679649, 11100991
       0,   679678, 11102292
       0,   679946, 11102293
       0,   680172, 11103347
       0,   680312, 11102294
       0,   682053, 11102077
       0,   682463, 11102297
       0,   682582, 11102300
       0,   682738, 11102301
       0,   682815, 11103345
       0,   683299, 11102304
       0,   683633, 11102305
       0,   683766, 11102307
       0,   684064, 11102309
       0,   684579, 11102311
       0,   684878, 11103219
       0,   685211, 11103586
       0,   685468, 11102313
       0,   685740, 11102393
       0,   685931, 11100067
       0,   686261, 11103612
       0,   686531, 11102317
       0,   686696, 11102931
       0,   688869, 11102319
       0,   689130, 11102321
       0,   689760, 11102325
       0,   690174, 11102326
       0,   690845, 11102328
       0,   690965, 11102330
       0,   691081, 11102331
       0,   691810, 11100078
       0,   692151, 11102333
       0,   694907, 11102336
       0,   695085, 11102337
       0,   695444, 11102339
       0,   695804, 11102341
       0,   696076, 11102344
       0,   696581, 11103499
       0,   697414, 11103273
       0,   697735, 11102352
       0,   698053, 11102353
       0,   698128, 11102354
       0,   699334, 11102355
       0,   699660, 11102356
       0,   699914, 11100068
       0,   700196, 11102361
       0,   700370, 11102364
       0,   700435, 11102363
       0,   700446, 11103615
       0,   700709, 11102365
       0,   700799, 11102366
       0,   700937, 11103166
       0,   701050, 11102980
       0,   702891, 11102871
       0,   702989, 11102371
       0,   703455, 11102372
       0,   703784, 11102375
       0,   703824, 11102376
       0,   704163, 11102378
       0,   704220, 11101774
       0,   704654, 11102380
       0,   704852, 11102451
       0,   705510, 11103167
       0,   706105, 11102385
       0,   706904, 11102387
       0,   706937, 11103287
       0,   707185, 11102388
       0,   708197, 11102991
       0,   709007, 11102391
       0,   709085, 11102963
       0,   709173, 11102392
       0,   709585, 11103242
       0,   709874, 11100066
       0,   710317, 11102394
       0,   710581, 11103097
       0,   712100, 11102396
       0,   712325, 11102397
       0,   712874, 11102402
       0,   713807, 11102403
       0,   714757, 11102406
       0,   715721, 11102404
       0,   716754, 11102408
       0,   717058, 11102410
       0,   717214, 11102411
       0,   717330, 11102412
       0,   717808, 11102414
       0,   718368, 11102416
       0,   718847, 11102418
       0,   719086, 11102419
       0,   719241, 11102422
       0,   720289, 11103078
       0,   720313, 11102853
       0,   720450, 11101121
       0,   720637, 11103645
       0,   720885, 11102428
       0,   721053, 11102426
       0,   721556, 11102427
       0,   721768, 11102429
       0,   721851, 11102431
       0,   722205, 11102432
       0,   722217, 11103338
       0,   722580, 11102800
       0,   722890, 11102433
       0,   724276, 11103184
       0,   724617, 11103327
       0,   724867, 11102441
       0,   724972, 11102438
       0,   725705, 11102439
       0,   726164, 11102442
       0,   727517, 11102444
       0,   728193, 11100069
       0,   728896, 11102445
       0,   729389, 11102450
       0,   729502, 11102448
       0,   729687, 11101329
       0,   730058, 11102449
       0,   730676, 11102452
       0,   730690, 11102454
       0,   731045, 11102455
       0,   731435, 11102456
       0,   732338, 11102459
       0,   734845, 11103000
       0,   735142, 11103523
       0,   735145, 11102917
       0,   735527, 11102467
       0,   735622, 11102468
       0,   737419, 11102473
       0,   737668, 11102474
       0,   737725, 11102475
       0,   738973, 11103759
       0,   739254, 11102480
       0,   739416, 11102481
       0,   739723, 11102482
       0,   741233, 11102485
       0,   741870, 11103358
       0,   741880, 11102487
       0,   742198, 11102488
       0,   742298, 11102489
       0,   742454, 11103437
       0,   742624, 11102491
       0,   742915, 11103055
       0,   743139, 11102493
       0,   743321, 11102494
       0,   743638, 11102495
       0,   743929, 11102496
       0,   744321, 11102497
       0,   745241, 11102118
       0,   745971, 11102499
       0,   746367, 11102490
       0,   746390, 11102501
       0,   746534, 11102502
       0,   746605, 11102907
       0,   746968, 11103124
       0,   747539, 11102503
       0,   747622, 11102504
       0,   748658, 11102506
       0,   748776, 11102509
       0,   749203, 11102510
       0,   749753, 11102511
       0,   749911, 11102512
       0,   750924, 11103508
       0,   750930, 11102514
       0,   750961, 11102782
       0,   751037, 11102515
       0,   751946, 11102516
       0,   754388, 11102517
       0,   755208, 11102521
       0,   755336, 11103249
       0,   755451, 11102522
       0,   755526, 11102526
       0,   755787, 11102523
       0,   757210, 11102524
       0,   758018, 11101173
       0,   758493, 11102529
       0,   758683, 11102530
       0,   759136, 11103827
       0,   759484, 11102535
       0,   759977, 11102536
       0,   760079, 11102539
       0,   760380, 11100843
       0,   761016, 11102540
       0,   761241, 11103026
       0,   761999, 11102928
       0,   762106, 11102541
       0,   762594, 11102542
       0,   762595, 11102544
       0,   763981, 11102548
       0,   764030, 11102550
       0,   764594, 11102554
       0,   764957, 11102833
       0,   765228, 11102013
       0,   765386, 11102552
       0,   765505, 11102555
       0,   765578, 11102556
       0,   765652, 11102557
       0,   765776, 11102558
       0,   765805, 11102559
       0,   765811, 11102560
       0,   766495, 11100211
       0,   766525, 11102561
       0,   766787, 11102565
       0,   767384, 11102566
       0,   768247, 11102567
       0,   769867, 11102570
       0,   769967, 11102572
       0,   770271, 11102573
       0,   770299, 11102574
       0,   770460, 11102575
       0,   770794, 11102576
       0,   770915, 11102577
       0,   771530, 11102579
       0,   771720, 11102580
       0,   772653, 11102581
       0,   772783, 11102582
       0,   774353, 11102585
       0,   775171, 11102592
       0,   775281, 11102593
       0,   775819, 11102594
       0,   775871, 11102595
       0,   776249, 11103640
       0,   776448, 11102597
       0,   776529, 11103450
       0,   777320, 11102600
       0,   777705, 11102601
       0,   778563, 11102603
       0,   778590, 11102604
       0,   779558, 11100071
       0,   780103, 11102607
       0,   780155, 11102608
       0,   780192, 11102609
       0,   780825, 11102610
       0,   780834, 11102611
       0,   781094, 11102615
       0,   781267, 11102617
       0,   781346, 11102618
       0,   781676, 11102619
       0,   782916, 11102621
       0,   783027, 11102623
       0,   783087, 11102625
       0,   783185, 11102626
       0,   783360, 11102628
       0,   783418, 11102629
       0,   783633, 11102630
       0,   783719, 11101521
       0,   783903, 11102631
       0,   784050, 11101963
       0,   784446, 11102830
       0,   784525, 11102632
       0,   784991, 11102633
       0,   785728, 11102636
       0,   786028, 11102637
       0,   786295, 11102638
       0,   786805, 11102640
       0,   787713, 11102642
       0,   787767, 11102644
       0,   787979, 11103549
       0,   788632, 11102645
       0,   788823, 11102646
       0,   789327, 11101035
       0,   790011, 11102652
       0,   790059, 11103801
       0,   790138, 11102653
       0,   791242, 11102655
       0,   791963, 11102657
       0,   792401, 11102658
       0,   792722, 11102659
       0,   794022, 11102660
       0,   794761, 11102661
       0,   795430, 11100072
       0,   795892, 11102663
       0,   796040, 11102664
       0,   797045, 11102665
       0,   798000, 11102668
       0,   799550, 11102670
       0,   799640, 11102673
       0,   799712, 11102674
       0,   799809, 11102675
       0,   800122, 11101130
       0,   800184, 11103314
       0,   800365, 11102447
       0,   800980, 11102679
       0,   801165, 11103600
       0,   802217, 11102681
       0,   802310, 11102682
       0,   802488, 11102685
       0,   803766, 11102686
       0,   805138, 11102688
       0,   805338, 11103561
       0,   805514, 11100914
       0,   805573, 11102692
       0,   807838, 11102693
       0,   808323, 11100073
       0,   809251, 11102696
       0,   809265, 11102423
       0,   809497, 11102698
       0,   809578, 11102701
       0,   810339, 11102703
       0,   810370, 11102704
       0,   811008, 11102705
       0,   811067, 11102706
       0,   812111, 11102709
       0,   812443, 11102710
       0,   812693, 11102711
       0,   812754, 11103104
       0,   813682, 11102712
       0,   814050, 11100074
       0,   814301, 11102714
       0,   815121, 11102716
       0,   815352, 11102720
       0,   815549, 11102721
       0,   815970, 11102723
       0,   816496, 11102834
       0,   816510, 11102725
       0,   817370, 11102727
       0,   818812, 11103676
       0,   818883, 11102729
       0,   818983, 11102730
       0,   820060, 11102731
       0,   820192, 11102732
       0,   820295, 11102733
       0,   820923, 11102737
       0,   821270, 11102738
       0,   821523, 11102739
       0,   821834, 11102740
       0,   821927, 11102741
       0,   822235, 11102743
       0,   822428, 11102744
       0,   822558, 11102745
       0,   822775, 11102982
       0,   822782, 11102748
       0,   823149, 11102746
       0,   823250, 11103118
       0,   823408, 11102747
       0,   823626, 11102749
       0,   823727, 11102750
       0,   824273, 11100075
       0,   825309, 11102751
       0,   826691, 11102755
       0,   826777, 11102756
       0,   826827, 11102758
       0,   827499, 11102759
       0,   827722, 11103773
       0,   827946, 11102760
       0,   491463, 11101662
       0,   491463, 11103424
       0,   623655, 11101467
       0,    67166, 11103713
       0,   154403, 11102159
       0,   820972, 11103154
       0,     6887, 11102990
       0,    39183, 11103310
       0,    47164, 11103705
       0,    95679, 11103745
       0,    98245, 11100104
       0,   213207, 11100241
       0,   261189, 11100392
       0,   322053, 11101112
       0,   440428, 11103378
       0,   599108, 11100534
       0,   605909, 11103071
       0,   759220, 11103595
       0,    38274, 11103525
       0,   126074, 11103309
       0,   199043, 11100212
       0,   220931, 11103534
       0,   342365, 11100740
       0,   397424, 11103009
       0,   400962, 11100763
       0,   589136, 11100525
       0,    66813, 11101965
       0,   127526, 11102081
       0,   358029, 11103355
       0,   171923, 11102997
       0,   265748, 11103413
       0,   410050, 11100426
       0,   543367, 11100784
       0,   575831, 11103579
       0,   690192, 11101398
       0,   139526, 11103399
       0,   135282, 11103458
       0,   248342, 11103235
       0,   298984, 11100372
       0,   319477, 11101961
       0,   422608, 11103023
       0,   548056, 11103012
       0,   556467, 11102927
       0,   746881, 11101298
       0,   809028, 11102695
       0,   217613, 11101892
       0,   427343, 11103024
       0,   561249, 11103003
       0,   571070, 11103796
       0,   710837, 11100507
       0,   157156, 11102921
       0,   158377, 11103232
       0,   371302, 11100817
       0,   465220, 11103319
       0,   580756, 11101985
       0,   783072, 11103787
       0,   823120, 11103666
       0,   113141, 11103064
       0,   428398, 11101423
       0,   428398, 11103673
       0,   676714, 11103446
       0,   701224, 11103660
       0,   733033, 11100936
       0,     2380, 11103572
       0,   162979, 11103366
       0,   177836, 11102863
       0,   237375, 11103536
       0,   349996, 11102881
       0,   509613, 11102955
       0,   515826, 11103811
       0,   559163, 11103509
       0,   170214, 11100630
       0,   733024, 11103436
       0,    27682, 11101257
       0,   131824, 11103101
       0,   144495, 11101889
       0,   145160, 11102463
       0,   196093, 11103648
       0,   198700, 11103208
       0,   241821, 11103518
       0,   269859, 11100002
       0,   406945, 11101909
       0,   446343, 11103341
       0,   512600, 11103641
       0,   561747, 11103708
       0,   819546, 11103444
       0,   605897, 11101494
       0,   611148, 11103128
       0,   647665, 11102174
       0,   658862, 11103254
       0,   661667, 11100233
       0,   714506, 11102875
       0,   795994, 11102851
       0,    37953, 11102188
       0,   105454, 11102925
       0,   188572, 11102886
       0,   200610, 11103442
       0,   337563, 11102590
       0,   389582, 11100861
       0,   425440, 11100703
       0,   489504, 11101656
       0,   570792, 11103448
       0,   653628, 11103552
       0,   631249, 11100892
       0,   700005, 11101266
       0,   704071, 11103177
       0,   343419, 11101717
       0,   382491, 11102920
       0,   387265, 11102860
       0,   509489, 11102859
       0,   554502, 11102764
       0,   579479, 11100776
       0,   601787, 11102847
       0,   631803, 11101177
       0,   669254, 11101286
       0,   738175, 11103160
       0,   303003, 11101487
       0,   392803, 11103428
       0,   476592, 11103151
       0,   488852, 11101655
       0,   557133, 11102478
       0,   719121, 11102421
       0,   730574, 11103649
       0,    25681, 11102884
       0,    46671, 11103017
       0,    15877, 11102684
       0,    73361, 11102417
       0,    73375, 11103238
       0,    89303, 11102425
       0,   181593, 11103478
       0,   334386, 11102218
       0,   363152, 11100184
       0,   533443, 11100996
       0,   461400, 11100402
       0,   472555, 11101826
       0,   555739, 11101827
       0,   614628, 11103339
       0,   585142, 11101275
       0,   519118, 11100912
       0,   489658, 11103187
       0,   756542, 11100277
       0,   188428, 11100702
       0,   771196, 11101838
       0,   815743, 11103059
       0,   823007, 11103590
       0,    27112, 11103389
       0,    40630, 11102819
       0,   207494, 11103746
       0,   208344, 11103624
       0,   214903, 11100018
       0,   243969, 11101048
       0,   343815, 11101065
       0,   354516, 11101219
       0,   357892, 11103328
       0,   447579, 11100736
       0,   556853, 11103727
       0,   576905, 11103103
       0,   613909, 11101252
       0,   765706, 11103564
       0,   752502, 11101548
       0,   759556, 11103696
       0,    12469, 11102831
       0,    34640, 11101641
       0,   207090, 11100368
       0,   210311, 11100214
       0,   280276, 11100649
       0,   336881, 11100495
       0,   394289, 11100573
       0,   487895, 11101651
       0,   533471, 11100093
       0,   550346, 11100182
       0,   559275, 11101083
       0,   560949, 11101903
       0,   595724, 11101379
       0,   660601, 11101205
       0,   768391, 11100615
       0,   778884, 11103108
       0,    79031, 11103533
       0,   328872, 11102832
       0,   130370, 11102868
       0,   186446, 11100696
       0,   249904, 11100192
       0,   573293, 11103545
       0,    79438, 11101816
       0,   774160, 11101933
       0,   808105, 11100333
       0,    25787, 11102887
       0,    46522, 11100236
       0,    97992, 11103031
       0,   129571, 11100824
       0,   223966, 11100816
       0,   266670, 11102877
       0,   269874, 11102518
       0,   374800, 11101287
       0,   472313, 11103577
       0,   505327, 11101715
       0,   541081, 11100480
       0,   577495, 11102533
       0,   663820, 11100413
       0,   671188, 11101501
       0,   757343, 11102527
       0,   762497, 11101090
       0,   435251, 11101461
       0,   814734, 11102715
       0,     4513, 11100790
       0,    47775, 11103099
       0,    55517, 11101825
       0,    90095, 11100770
       0,   155084, 11101947
       0,   334530, 11102841
       0,   492490, 11102806
       0,   482328, 11102080
       0,   483439, 11100298
       0,   517270, 11103521
       0,   648826, 11103361
       0,   652540, 11102210
       0,   662032, 11103430
       0,   761669, 11102472
       0,   472402, 11103280
       0,    91359, 11102379
       0,    93537, 11100382
       0,    97784, 11102148
       0,   134332, 11100178
       0,   144341, 11101337
       0,   145929, 11101639
       0,   203997, 11100467
       0,   232596, 11100839
       0,   236180, 11103713
       0,   239251, 11103605
       0,   248686, 11101741
       0,   250258, 11103655
       0,   541144, 11103133
       0,   574117, 11102818
       0,   303023, 11100575
       0,   316063, 11103421
       0,   338202, 11101154
       0,   366811, 11103035
       0,   409015, 11103541
       0,   419525, 11101795
       0,   419633, 11101890
       0,   431672, 11100471
       0,   445641, 11103451
       0,   459911, 11103207
       0,   465227, 11102849
       0,   524139, 11101772
       0,   551510, 11102242
       0,   593988, 11102934
       0,   640915, 11102165
       0,   647469, 11102186
       0,   662408, 11103672
       0,   609585, 11103214
       0,   677866, 11103204
       0,   696238, 11102347
       0,   717021, 11102409
       0,   719639, 11102910
       0,   741228, 11102484
       0,   531590, 11102896
       0,   774397, 11103107
       0,   824856, 11103707
       0,   824856, 11102030
       0,   809016, 11101440
       0,     7735, 11100109
       0,    37722, 11100209
       0,    75778, 11103069
       0,    85944, 11100847
       0,    91927, 11103799
       0,   113145, 11101818
       0,   124243, 11103019
       0,   159187, 11103307
       0,   237470, 11102787
       0,   245801, 11103375
       0,   262960, 11102260
       0,   320764, 11101106
       0,   323137, 11100312
       0,   352402, 11102966
       0,   343623, 11103543
       0,   346793, 11103094
       0,   352738, 11102302
       0,   369957, 11102722
       0,   382996, 11103627
       0,   499791, 11103490
       0,   467426, 11103036
       0,   624804, 11102888
       0,   504614, 11100772
       0,   506184, 11100568
       0,   315869, 11102370
       0,   519215, 11100930
       0,   613815, 11102827
       0,   629296, 11103404
       0,   704969, 11103582
       0,   730261, 11103738
       0,   738335, 11102476
       0,   759151, 11102855
       0,   787569, 11103029
       0,   407256, 11101138
       0,   792733, 11100948
       0,   796817, 11101528
       0,    54505, 11103050
       0,    41132, 11101746
       0,    56236, 11103603
       0,    70264, 11103039
       0,   104349, 11100416
       0,   110999, 11102803
       0,   179016, 11103704
       0,   204915, 11101054
       0,   734244, 11103060
       0,   330785, 11103275
       0,   340836, 11103305
       0,   764181, 11100524
       0,   485129, 11100803
       0,   500182, 11102071
       0,   369573, 11101742
       0,   576999, 11103632
       0,   588192, 11101166
       0,   642784, 11102171
       0,   674712, 11102270
       0,   714422, 11103051
       0,   717724, 11103121
       0,   722377, 11101759
       0,   742712, 11103683
       0,   751799, 11103492
       0,   804671, 11102811
       0,   198444, 11102125
       0,   274241, 11100962
       0,   357316, 11103823
       0,   377879, 11102678
       0,   746821, 11100910
       0,   746821, 11101875
       0,   579978, 11102957
       0,   594722, 11101839
       0,   602161, 11101627
       0,   621253, 11102194
       0,   636335, 11103279
       0,   645130, 11102778
       0,   648854, 11103419
       0,   673139, 11103692
       0,   706458, 11102386
       0,   736344, 11102941
       0,   775084, 11102589
       0,   782276, 11102620
       0,     3577, 11100088
       0,     8868, 11101122
       0,   231540, 11103749
       0,    33326, 11103263
       0,    60845, 11100027
       0,    73122, 11103040
       0,   102605, 11103098
       0,   106300, 11103464
       0,   124135, 11103831
       0,   124135, 11103694
       0,   437602, 11101470
       0,   510837, 11103675
       0,   508893, 11101724
       0,   142496, 11103358
       0,   147310, 11102940
       0,   151184, 11103416
       0,   175433, 11101108
       0,   184772, 11100691
       0,   741966, 11101876
       0,   258189, 11103623
       0,   573743, 11100809
       0,    66024, 11100288
       0,   187602, 11103199
       0,   277661, 11100969
       0,   284140, 11103626
       0,   432975, 11103511
       0,   308879, 11101949
       0,   329319, 11102249
       0,   359566, 11103336
       0,   368938, 11103807
       0,   376021, 11103422
       0,   432915, 11101195
       0,   442210, 11100893
       0,   455880, 11102994
       0,   481219, 11103316
       0,   519284, 11103809
       0,   550850, 11102929
       0,   613053, 11103611
       0,   622779, 11103281
       0,   665538, 11101690
       0,   696938, 11102348
       0,   757527, 11100167
       0,   767716, 11103022
       0,   596572, 11103698
       0,   817105, 11103435
       0,   480674, 11102691
       0,   180683, 11103379
       0,   204470, 11103455
       0,   248285, 11100089
       0,   259811, 11102780
       0,   259811, 11102792
       0,   304020, 11101147
       0,   575825, 11103466
       0,   698846, 11101199
       0,   782138, 11103231
       0,   801875, 11103425
       0,    77641, 11103688
       0,   177022, 11103048
       0,   107968, 11100429
       0,   132757, 11102105
       0,   656997, 11101437
       0,   251804, 11103371
       0,   303041, 11102672
       0,   312173, 11101297
       0,   326407, 11101627
       0,   335592, 11103602
       0,   444866, 11103652
       0,   463146, 11103684
       0,   623629, 11103391
       0,   623629, 11101656
       0,    88844, 11103380
       0,   515424, 11103659
       0,   605701, 11103558
       0,   634277, 11102519
       0,   636506, 11101029
       0,   642884, 11103802
       0,   676050, 11103114
       0,   702181, 11102622
       0,   772708, 11102862
       0,   768754, 11103555
       0,    68510, 11100191
       0,   185753, 11103701
       0,   209463, 11100806
       0,   474494, 11101603
       0,    56760, 11102801
       0,   227177, 11101490
       0,   293567, 11102027
       0,   319199, 11103299
       0,   344033, 11102009
       0,   430719, 11100590
       0,   498210, 11103432
       0,   540166, 11103080
       0,   362728, 11102520
       0,   410579, 11102835
       0,   584875, 11102564
       0,   587722, 11103271
       0,   663995, 11103074
       0,   398152, 11101349
       0,   528955, 11100676
       0,   326476, 11100769
       0,   776098, 11101128
       0,    50202, 11103324
       0,    32661, 11103804
       0,   770917, 11103797
       0,   121520, 11103515
       0,   205574, 11101069
       0,   239704, 11102870
       0,   609923, 11102945
       0,   609923, 11103567
       0,   540017, 11103540
       0,    84776, 11100352
       0,   332477, 11102845
       0,   392322, 11101694
       0,   405950, 11103514
       0,   783168, 11103229
       0,   654399, 11100063
       0,   560655, 11103735
       0,   519351, 11103057
       0,   299346, 11101027
       0,   816475, 11103546
       0,    20259, 11102822
       0,   218433, 11101241
       0,    85813, 11100860
       0,   140126, 11100503
       0,     7168, 11102726
       0,   296057, 11103374
       0,   517163, 11102998
       0,   594609, 11102021
       0,   383468, 11103783
       0,    19659, 11103414
       0,   448148, 11101841
       0,   780318, 11102598
       0,   142793, 11103695
       0,   261243, 11103610
       0,    10705, 11103715
       0,   724242, 11103014
       0,   762571, 11103676
       0,   572872, 11103334
       0,   374488, 11103362
       0,    89376, 11101306
       0,   365321, 11102029
       0,   804198, 11102687
       0,     9334, 11101565
       0,    49181, 11100245
       0,   114200, 11102437
       0,   268003, 11103725
       0,   270918, 11103170
       0,   344160, 11101183
       0,   355799, 11103721
       0,   368209, 11103656
       0,   150254, 11103785
       0,   107800, 11103589
       0,   608656, 11103620
       0,   229864, 11100446
       0,   692086, 11100012
       0,   692086, 11102453
       0,   717693, 11101728
       0,   724178, 11102349
       0,   780675, 11103575
       0,   798982, 11103113
       0,   514337, 11103456
       0,   106033, 11102546
       0,   139248, 11103410
       0,   145326, 11100554
       0,   233558, 11102995
       0,   238548, 11100366
       0,   298710, 11103786
       0,   461162, 11102155
       0,   464414, 11100580
       0,   467642, 11101279
       0,   569949, 11100854
       0,   582576, 11100869
       0,   608061, 11102988
       0,   186801, 11100661
       0,   228038, 11103218
       0,   299497, 11101990
       0,   463336, 11103376
       0,   140509, 11101837
       0,   377338, 11103726
       0,   385860, 11103003
       0,   456000, 11103318
       0,   495623, 11102799
       0,   704860, 11103355
       0,   646443, 11100537
       0,   218545, 11103317
       0,   794652, 11101313
       0,    25381, 11100833
       0,   102374, 11103192
       0,   215454, 11102185
       0,   239546, 11100800
       0,   180228, 11103551
       0,   443783, 11100175
       0,   119861, 11102826
       0,   527245, 11103793
       0,   774499, 11103081
       0,   783343, 11102795
       0,    26444, 11100858
       0,    97682, 11103124
       0,   118309, 11101040
       0,   143369, 11103656
       0,   750087, 11103398
       0,     5583, 11100100
       0,   151862, 11102876
       0,   349577, 11103569
       0,   399876, 11100047
       0,    99070, 11103483
       0,   524570, 11103387
       0,   188343, 11102954
       0,   628572, 11103503
       0,   759173, 11102362
       0,   790147, 11101356
       0,   800086, 11103337
       0,    49316, 11102434
       0,    50583, 11101456
       0,    75901, 11100701
       0,   388430, 11100221
       0,   219292, 11102323
       0,   257176, 11102538
       0,   285088, 11103181
       0,   362981, 11102656
       0,   431796, 11103171
       0,   447715, 11103728
       0,   109688, 11102837
       0,   526909, 11101545
       0,   428938, 11100985
       0,   654900, 11101902
       0,   573294, 11103477
       0,   616399, 11100356
       0,   337202, 11100293
       0,   551197, 11103191
       0,   305725, 11103470
       0,   698683, 11103323
       0,   729686, 11103634
       0,   462989, 11102794
       0,   815344, 11101918
       0,   826919, 11103119
       0,   623351, 11102086
       0,   316032, 11103112
       0,   115634, 11103481
       0,   515092, 11101879
       0,   167214, 11103825
       0,   175494, 11100065
       0,   347861, 11102357
       0,   206606, 11102059
       0,   208990, 11103175
       0,   575938, 11103262
       0,   260789, 11101612
       0,   260789, 11103462
       0,   287374, 11102761
       0,   310157, 11102108
       0,   322827, 11100240
       0,   353261, 11103131
       0,   370988, 11100650
       0,   373698, 11101213
       0,   483230, 11100760
       0,   576311, 11103353
       0,   584998, 11102904
       0,   592029, 11101284
       0,   617067, 11103377
       0,   662863, 11101978
       0,   738339, 11101814
       0,   762740, 11101954
       0,   789107, 11101982
       0,   274779, 11101999
       0,     8790, 11101192
       0,    31029, 11102867
       0,    52336, 11100556
       0,   189975, 11100707
       0,    97719, 11102479
       0,   124158, 11100894
       0,   134337, 11102634
       0,   175478, 11103671
       0,   194681, 11103220
       0,   245602, 11100114
       0,   258120, 11100259
       0,   266732, 11103601
       0,   178343, 11103591
       0,   804271, 11100367
       0,   537768, 11102898
       0,   330803, 11101092
       0,   618780, 11102093
       0,   378439, 11102005
       0,   414892, 11103810
       0,   418866, 11100520
       0,   467684, 11100668
       0,    20894, 11102690
       0,   249299, 11102553
       0,   523022, 11103480
       0,   408174, 11102896
       0,   553033, 11102933
       0,   569445, 11101401
       0,   591664, 11101419
       0,   220190, 11102983
       0,   596723, 11103702
       0,   701681, 11103730
       0,   393426, 11101332
       0,   751605, 11101860
       0,   800182, 11102014
       0,   824560, 11102299
       0,    42684, 11100022
       0,    95181, 11103828
       0,   135522, 11102369
       0,   159975, 11103783
       0,   163796, 11103535
       0,   235951, 11102116
       0,   290221, 11103427
       0,   292804, 11103608
       0,   310064, 11102587
       0,   812444, 11103628
       0,   298982, 11101023
       0,   399302, 11103041
       0,   438407, 11103815
       0,   447825, 11100389
       0,   535836, 11103063
       0,   614699, 11101056
       0,    24182, 11102457
       0,    75726, 11102042
       0,    88872, 11102082
       0,    89279, 11102066
       0,    97301, 11103653
       0,   163178, 11102839
       0,   208198, 11102950
       0,   302592, 11101037
       0,   317783, 11102925
       0,   387532, 11102861
       0,   418092, 11100168
       0,   254094, 11102919
       0,   292080, 11100917
       0,   482231, 11101250
       0,   485849, 11102075
       0,   485849, 11102081
       0,   507695, 11103792
       0,   534040, 11100866
       0,   405357, 11100606
       0,   121118, 11101764
       0,   676659, 11101263
       0,   575714, 11103408
       0,   771036, 11103400
       0,   353682, 11103190
       0,   206951, 11103066
       0,   128399, 11103046
       0,    68215, 11103106
       0,    69093, 11103466
       0,   273573, 11100961
       0,   106600, 11103714
       0,   145180, 11100469
       0,    95266, 11100388
       0,   215478, 11100789
       0,    43129, 11102282
       0,   226311, 11102913
       0,   715516, 11103512
       0,   237574, 11100333
       0,   250637, 11103787
       0,   256123, 11102965
       0,   286351, 11103654
       0,   298243, 11101215
       0,   432183, 11101473
       0,   430854, 11103494
       0,   263873, 11103733
       0,   512346, 11100305
       0,   361805, 11103321
       0,   541117, 11103826
       0,   541824, 11100017
       0,   550430, 11100003
       0,   559150, 11101897
       0,   590983, 11100851
       0,   596591, 11103776
       0,   659587, 11101322
       0,   673276, 11103083
       0,   755363, 11101149
       0,   667337, 11103025
       0,   613031, 11103779
       0,    32797, 11103510
       0,     5273, 11102649
       0,     9658, 11103188
       0,   303956, 11101225
       0,   685288, 11103398
       0,    61365, 11100004
       0,   601460, 11102040
       0,    73116, 11103541
       0,   538325, 11103544
       0,    79197, 11101747
       0,   146868, 11103092
       0,   221125, 11100808
       0,   206377, 11101025
       0,   215672, 11102532
       0,   217598, 11103182
       0,   218381, 11103782
       0,   233452, 11103813
       0,   259026, 11100919
       0,   283500, 11100982
       0,   621519, 11102902
       0,   329124, 11102962
       0,   337435, 11101809
       0,   408522, 11102948
       0,   477112, 11103775
       0,   492251, 11103256
       0,   250586, 11103529
       0,   139722, 11103005
       0,   622183, 11100742
       0,   638339, 11101877
       0,    56698, 11100268
       0,    60725, 11100278
       0,   300170, 11101031
       0,   688682, 11101786
       0,   773044, 11102505
       0,    17265, 11100138
       0,    17497, 11100141
       0,    26168, 11103087
       0,    51313, 11100254
       0,    75800, 11102053
       0,   299810, 11101028
       0,   152666, 11100565
       0,   198050, 11100730
       0,   238391, 11103245
       0,   276921, 11102271
       0,   789006, 11103132
       0,   331733, 11103217
       0,   202783, 11100753
       0,   736463, 11103397
       0,   377147, 11101294
       0,   703935, 11100252
       0,   522829, 11103673
       0,   456084, 11103539
       0,   462306, 11101550
       0,   474013, 11101600
       0,   507381, 11101288
       0,   511253, 11103016
       0,   534763, 11101820
       0,   600759, 11102039
       0,   597869, 11102888
       0,   376951, 11101295
       0,   456018, 11101526
       0,   730563, 11103816
       0,   671738, 11102259
       0,   387271, 11101314
       0,    34460, 11100200
       0,    98255, 11102848
       0,    99537, 11100009
       0,   237508, 11100758
       0,    94468, 11101760
       0,    44089, 11100227
       0,   231835, 11100968
       0,   231835, 11101277
       0,   154769, 11101486
       0,    84775, 11100350
       0,   255528, 11100904
       0,   258125, 11100916
       0,   100674, 11100405
       0,   665651, 11102671
       0,   444514, 11101488
       0,   477111, 11103264
       0,    31383, 11103604
       0,   498352, 11101692
       0,   536403, 11103390
       0,   131284, 11100509
       0,    83567, 11100348
       0,   695987, 11102342
       0,   733008, 11102461
       0,   572862, 11100828
       0,    71297, 11102857
       0,   373700, 11102453
       0,   373700, 11100012
       0,   310600, 11101062
       0,   815289, 11102719
       0,   729133, 11103722
       0,   748762, 11102508
       0,   717955, 11103499
       0,   786986, 11102641
       0,   614589, 11101996
       0,     3160, 11102908
       0,    25838, 11100001
       0,    54127, 11102805
       0,    92545, 11100779
       0,   100482, 11103075
       0,   108519, 11103234
       0,   122194, 11100474
       0,   122622, 11102763
       0,   160449, 11100597
       0,   167694, 11101894
       0,   225274, 11100818
       0,   227253, 11100823
       0,   240191, 11101557
       0,   243807, 11102486
       0,   328955, 11103453
       0,   538367, 11101829
       0,   209018, 11103574
       0,   117168, 11101762
       0,   362310, 11101247
       0,   409342, 11100974
       0,   263855, 11103812
       0,   492750, 11101667
       0,   495611, 11101680
       0,   577890, 11101971
       0,   202964, 11102829
       0,   569308, 11101930
       0,   630002, 11103765
       0,   528120, 11103661
       0,   635863, 11102147
       0,   687644, 11102318
       0,   707653, 11102389
       0,   827282, 11102016
       0,      304, 11100081
       0,   549636, 11101871
       0,   480019, 11103747
       0,    50110, 11101100
       0,    52822, 11100258
       0,    61202, 11100282
       0,    97306, 11100394
       0,   124665, 11103068
       0,   130664, 11100506
       0,   589990, 11102007
       0,   153964, 11102666
       0,   157437, 11100587
       0,   179372, 11102935
       0,   703576, 11102373
       0,   205799, 11100765
       0,   389400, 11101321
       0,   243933, 11101935
       0,   250076, 11102942
       0,    87179, 11100355
       0,   260509, 11100924
       0,   266706, 11100939
       0,   268526, 11101433
       0,   272898, 11103105
       0,   157658, 11102680
       0,   353856, 11101214
       0,   778276, 11102786
       0,   376338, 11101292
       0,   391433, 11101324
       0,   532184, 11101134
       0,   417983, 11103224
       0,   425186, 11102989
       0,   460708, 11103315
       0,   460708, 11101311
       0,   477656, 11101613
       0,   478898, 11103570
       0,   485981, 11101644
       0,   403054, 11101365
       0,   553829, 11103332
       0,   507418, 11101248
       0,   532714, 11103740
       0,   794723, 11103105
       0,    93496, 11100381
       0,   659759, 11102233
       0,   686610, 11103308
       0,   728229, 11102915
       0,   726888, 11102443
       0,   562145, 11103526
       0,   799337, 11102669
       0,   821530, 11103091
       0,    58011, 11103001
       0,    12371, 11102869
       0,    50791, 11100250
       0,   199469, 11100741
       0,    74066, 11100321
       0,    87995, 11102140
       0,    90914, 11103388
       0,   102103, 11100409
       0,   146807, 11103276
       0,   640249, 11102163
       0,   126817, 11102571
       0,   144168, 11100547
       0,   760992, 11103261
       0,   159291, 11100593
       0,   163136, 11100604
       0,   173953, 11100644
       0,   175184, 11100646
       0,   192868, 11102967
       0,   193012, 11100717
       0,   424274, 11103585
       0,   304019, 11101049
       0,   436984, 11101465
       0,   582502, 11101987
       0,   357771, 11101229
       0,   371916, 11103021
       0,   730009, 11101355
       0,   809530, 11102699
       0,   392347, 11102892
       0,   800441, 11103651
       0,   433885, 11103326
       0,   435851, 11103542
       0,   359381, 11103295
       0,   492362, 11100360
       0,   493806, 11103528
       0,   494538, 11101676
       0,   550076, 11103471
       0,   561434, 11101905
       0,   590342, 11102008
       0,   617523, 11102090
       0,   619677, 11102100
       0,   653887, 11102214
       0,   688200, 11102322
       0,   697487, 11100945
       0,   300413, 11101032
       0,   736977, 11102471
       0,   749935, 11102513
       0,   279737, 11100493
       0,   814000, 11100052
       0,   180117, 11100674
       0,   460823, 11102978
       0,    41598, 11100216
       0,    61197, 11102838
       0,   233339, 11100841
       0,    75252, 11100326
       0,   335087, 11101142
       0,   462696, 11101552
       0,     8342, 11101191
       0,   704149, 11102377
       0,   192888, 11100713
       0,   585785, 11102549
       0,   604930, 11102047
       0,   259111, 11100920
       0,   511937, 11101730
       0,   275824, 11102893
       0,   427502, 11103507
       0,   287964, 11100998
       0,   293195, 11103439
       0,   323719, 11101118
       0,   335455, 11101745
       0,   627803, 11102126
       0,   364405, 11101256
       0,   223808, 11103056
       0,   376130, 11102864
       0,   133416, 11100516
       0,   684396, 11102310
       0,   740741, 11102483
       0,   400947, 11101357
       0,   457917, 11101536
       0,   637581, 11102157
       0,   465298, 11101567
       0,   471289, 11101589
       0,   166328, 11103475
       0,   424574, 11102946
       0,   516694, 11103599
       0,   530576, 11101798
       0,   535667, 11101823
       0,   321080, 11101107
       0,   539031, 11103373
       0,   547403, 11102810
       0,   548782, 11101863
       0,   573764, 11100777
       0,   580121, 11101980
       0,   581825, 11103325
       0,   597816, 11102031
       0,   617737, 11102091
       0,    75231, 11103412
       0,   257910, 11100915
       0,   647361, 11102183
       0,   497502, 11101689
       0,   717365, 11102413
       0,    43385, 11100890
       0,   683122, 11100028
       0,   745967, 11102498
       0,   747131, 11103700
       0,   203601, 11100755
       0,   771191, 11102578
       0,   773470, 11102584
       0,   797750, 11102667
       0,   816313, 11102724
       0,   615955, 11101599
       0,    30938, 11102874
       0,    37189, 11100207
       0,    40165, 11103581
       0,    43619, 11102808
       0,    23374, 11100164
       0,   111813, 11102987
       0,   558508, 11102770
       0,   154097, 11100574
       0,   598272, 11102035
       0,    67689, 11100295
       0,   290588, 11101006
       0,   377105, 11103103
       0,   682522, 11102298
       0,   388541, 11103127
       0,   401537, 11101359
       0,   409379, 11101372
       0,   413964, 11101561
       0,   465834, 11103748
       0,   507468, 11101719
       0,   281946, 11100977
       0,   533312, 11101811
       0,   543692, 11101853
       0,   563643, 11101915
       0,   565149, 11101919
       0,   557138, 11100050
       0,   611500, 11103429
       0,   694471, 11102334
       0,   700424, 11102774
       0,   738741, 11102477
       0,   789389, 11102648
       0,   789663, 11102651
       0,   815264, 11103246
       0,    87702, 11100430
       0,   127571, 11100491
       0,   141054, 11100538
       0,   149585, 11100560
       0,   249986, 11102977
       0,   695817, 11103682
       0,   648357, 11100116
       0,   764129, 11100401
       0,   306969, 11100403
       0,   339720, 11103716
       0,   515834, 11103493
       0,   370400, 11101272
       0,   797771, 11101789
       0,   463886, 11101562
       0,   500845, 11101704
       0,   247807, 11100880
       0,   556891, 11101579
       0,   680443, 11102295
       0,   617251, 11100828
       0,   686473, 11102316
       0,   402946, 11101364
       0,   536943, 11103662
       0,   682765, 11102303
       0,   222799, 11100811
       0,   238980, 11100855
       0,   302473, 11101036
       0,   714502, 11103764
       0,   735453, 11102469
       0,   743078, 11103079
       0,   495054, 11101677
       0,   778095, 11102602
       0,   783884, 11102816
       0,   820898, 11102735
       0,    51884, 11100256
       0,   140188, 11100889
       0,   242493, 11100199
       0,    51401, 11100255
       0,   731703, 11102458
       0,   359070, 11101238
       0,   371748, 11101847
       0,   736390, 11102470
       0,   400150, 11102923
       0,   453392, 11100266
       0,   451170, 11101512
       0,   463774, 11101560
       0,   469534, 11100328
       0,   643344, 11100932
       0,   483752, 11101638
       0,   666623, 11102248
       0,    27018, 11103742
       0,   102312, 11102776
       0,   249215, 11103223
       0,   489437, 11103666
       0,   730640, 11102906
       0,   768662, 11102569
       0,   337631, 11101152
       0,    54835, 11100263
       0,   158479, 11102343
       0,   155482, 11100582
       0,   176014, 11100654
       0,   283099, 11101558
       0,   535058, 11100048
       0,   419901, 11101420
       0,   432637, 11101450
       0,   531556, 11100440
       0,   577461, 11101966
       0,   362171, 11103718
       0,   288985, 11102938
       0,   214675, 11102129
       0,   143206, 11100545
       0,   310639, 11101061
       0,   329710, 11101129
       0,   713164, 11102400
       0,   774298, 11101435
       0,    66351, 11103409
       0,   130294, 11101470
       0,   133553, 11103596
       0,   179161, 11100671
       0,   222798, 11102713
       0,   288744, 11101000
       0,   330118, 11102689
       0,   355266, 11103423
       0,   372890, 11101282
       0,   499182, 11101698
       0,   548224, 11103797
       0,   561429, 11101904
       0,   599622, 11103459
       0,   732030, 11103501
       0,   800571, 11102676
       0,   713695, 11103639
       0,   766334, 11103368
       0,    69382, 11101435
       0,   104329, 11103462
       0,   104329, 11101612
       0,   629484, 11100314
       0,   572988, 11103111
       0,   347919, 11102464
       0,   311168, 11100059
       0,   489322, 11100848
       0,   731040, 11103320
       0,   432945, 11100522
       0,   614579, 11100908
       0,    63014, 11101733
       0,   392755, 11100585
       0,    44161, 11100860
       0,   219539, 11100021
       0,   224542, 11101167
       0,   421254, 11100041
       0,   465163, 11103018
       0,   811105, 11102708
       0,   532686, 11101864
       0,   256168, 11100905
       0,    25178, 11100172
       0,   200611, 11100748
       0,   708509, 11102390
       0,   122188, 11100551
       0,   349745, 11101504
       0,   252506, 11102166
       0,   764190, 11100661
       0,   767798, 11103819
       0,   613180, 11100148
       0,   192738, 11103013
       0,   448455, 11103250
       0,   410284, 11100757
       0,   499465, 11100555
       0,    85522, 11103474
       0,   682543, 11101502
       0,   392280, 11103420
       0,    47666, 11102807
       0,   222868, 11100484
       0,   687271, 11102960
       0,   633725, 11102890
       0,   712904, 11102398
       0,   757073, 11103797
       0,   595719, 11100395
       0,   168121, 11100622
       0,   367759, 11102055
       0,   257722, 11103085
       0,   621437, 11102778
       0,   647958, 11103485
       0,   705823, 11102382
       0,    25680, 11103303
       0,   267451, 11103733
       0,   631904, 11103774
       0,   443815, 11103290
       0,   730920, 11103044
       0,   801764, 11103381
       0,   206922, 11103476
       0,   392327, 11103689
       0,   403605, 11103311
       0,   429317, 11100721
       0,   469563, 11101586
       0,   656363, 11103513
       0,   692113, 11102332
