       0,    17811, 11100126
       0,    24918, 11100150
       0,    31275, 11100176
       0,    39722, 11102386
       0,    55379, 11100234
       0,    64936, 11100261
       0,    68238, 11100267
       0,    75464, 11103797
       0,    80911, 11100292
       0,    90971, 11100325
       0,    97099, 11100344
       0,   100771, 11102788
       0,   109239, 11103664
       0,   128164, 11100424
       0,   129160, 11100427
       0,   130894, 11103410
       0,   140036, 11100455
       0,   142214, 11100461
       0,   146105, 11100011
       0,   147199, 11102453
       0,   178404, 11100557
       0,   205308, 11100634
       0,   212319, 11100656
       0,   215307, 11101558
       0,   215761, 11100079
       0,   219594, 11100686
       0,   243303, 11100751
       0,   253203, 11100778
       0,   256096, 11100783
       0,   260436, 11100795
       0,   280391, 11100838
       0,   298001, 11102348
       0,   308275, 11100903
       0,   326213, 11100950
       0,   375801, 11103248
       0,   382902, 11101095
       0,   413496, 11101179
       0,   414541, 11101184
       0,   419844, 11101198
       0,   430063, 11101230
       0,   445096, 11101270
       0,   454213, 11101293
       0,   470403, 11103150
       0,   472242, 11101326
       0,   479495, 11101353
       0,   483415, 11100550
       0,   490693, 11101380
       0,   491081, 11103544
       0,   492382, 11101382
       0,   494714, 11101389
       0,   498539, 11103356
       0,   502611, 11100389
       0,   509962, 11101431
       0,   517445, 11101443
       0,   527787, 11103042
       0,   530851, 11101477
       0,   538374, 11102362
       0,   551373, 11101532
       0,   556009, 11101547
       0,   556729, 11101549
       0,   557027, 11101551
       0,   559067, 11101556
       0,   559367, 11101563
       0,   565190, 11101584
       0,   572685, 11101606
       0,   576788, 11101616
       0,   578410, 11101623
       0,   580305, 11101632
       0,   614132, 11103263
       0,   617317, 11101732
       0,   631787, 11101776
       0,   635026, 11101785
       0,   635931, 11101793
       0,   636085, 11103372
       0,   646753, 11102909
       0,   692531, 11101037
       0,   696811, 11101973
       0,   716642, 11101504
       0,   718827, 11102023
       0,   719423, 11102024
       0,   729411, 11102046
       0,   737989, 11102072
       0,   740310, 11102074
       0,   759743, 11102860
       0,   764610, 11102790
       0,   793439, 11102229
       0,   821914, 11102300
       0,   828508, 11103612
       0,   840596, 11103435
       0,   904696, 11102171
       0,   909108, 11102521
       0,   930355, 11102579
       0,   943064, 11102619
       0,   952550, 11102652
       0,   954331, 11102655
       0,   974075, 11103023
       0,   975272, 11102702
       0,   979599, 11102710
       0,   982963, 11103567
       0,   988402, 11102734
       0,   204333, 11103536
       0,   944119, 11102630
       0,   958292, 11103128
       0,   467189, 11103824
       0,   425925, 11103746
       0,   273767, 11103410
       0,     9210, 11100945
       0,   218212, 11102484
       0,   261156, 11103017
       0,   579795, 11103510
       0,   750401, 11102457
       0,   529592, 11102106
       0,   562429, 11100104
       0,   720708, 11101577
       0,   189440, 11100241
       0,   598934, 11100586
       0,   694058, 11100191
       0,   283396, 11103320
       0,      617, 11100178
       0,      674, 11103617
       0,     1389, 11100082
       0,     2783, 11100083
       0,     3111, 11100443
       0,     3249, 11100084
       0,     3325, 11100085
       0,     4342, 11100086
       0,     4548, 11102778
       0,     4764, 11100087
       0,     5220, 11101190
       0,     5581, 11100090
       0,     5859, 11100091
       0,     6347, 11100092
       0,     6417, 11100094
       0,     6425, 11100096
       0,     8064, 11100097
       0,     8203, 11103027
       0,     9168, 11101467
       0,     9187, 11100105
       0,     9925, 11100107
       0,    10352, 11100108
       0,    10819, 11103131
       0,    11163, 11100112
       0,    11427, 11100115
       0,    11483, 11100153
       0,    12713, 11102858
       0,    12776, 11100503
       0,    15215, 11100117
       0,    15769, 11100119
       0,    15947, 11103560
       0,    16980, 11100122
       0,    17523, 11100123
       0,    18093, 11100125
       0,    18263, 11100127
       0,    18737, 11100128
       0,    19194, 11100129
       0,    19447, 11100130
       0,    19635, 11100131
       0,    19775, 11100132
       0,    20001, 11100133
       0,    20110, 11100000
       0,    20415, 11103134
       0,    20456, 11100843
       0,    20588, 11100134
       0,    20598, 11100135
       0,    20726, 11100136
       0,    21075, 11100139
       0,    22194, 11100140
       0,    22203, 11100144
       0,    23562, 11100142
       0,    23729, 11101027
       0,    24281, 11100145
       0,    24617, 11103006
       0,    24965, 11100147
       0,    25536, 11100151
       0,    25804, 11103502
       0,    25993, 11100152
       0,    26165, 11100154
       0,    26531, 11103465
       0,    26748, 11100155
       0,    27137, 11100157
       0,    27161, 11100159
       0,    27169, 11100161
       0,    28297, 11100163
       0,    29114, 11100162
       0,    29536, 11100165
       0,    29849, 11100166
       0,    30092, 11102899
       0,    30514, 11100314
       0,    30578, 11100174
       0,    31501, 11100173
       0,    32514, 11100179
       0,    32528, 11100302
       0,    36027, 11100183
       0,    36809, 11100186
       0,    38897, 11100187
       0,    39122, 11100194
       0,    40601, 11100188
       0,    41427, 11100195
       0,    41588, 11100201
       0,    42924, 11100198
       0,    44841, 11100204
       0,    45833, 11100205
       0,    46410, 11103378
       0,    46665, 11100208
       0,    46898, 11100210
       0,    48077, 11103713
       0,    48554, 11100213
       0,    49597, 11100702
       0,    49937, 11103032
       0,    50438, 11100215
       0,    51274, 11100217
       0,    51336, 11100219
       0,    51968, 11100220
       0,    52116, 11100222
       0,    52344, 11100224
       0,    53384, 11103168
       0,    54727, 11103139
       0,    55051, 11100230
       0,    55102, 11100231
       0,    55832, 11100232
       0,    55969, 11100235
       0,    56475, 11100237
       0,    56906, 11102159
       0,    57617, 11101150
       0,    57842, 11100239
       0,    58809, 11100242
       0,    60134, 11103695
       0,    61025, 11100244
       0,    63101, 11100249
       0,    63607, 11100257
       0,    65232, 11103571
       0,    66044, 11102476
       0,    66986, 11100262
       0,    67929, 11100264
       0,    67992, 11103782
       0,    68560, 11101029
       0,    68987, 11103186
       0,    69353, 11100269
       0,    69373, 11100271
       0,    69780, 11100270
       0,    70606, 11100273
       0,    71172, 11100272
       0,    71458, 11103322
       0,    72171, 11100274
       0,    72796, 11103158
       0,    73097, 11100276
       0,    73305, 11100279
       0,    73313, 11103517
       0,    73788, 11100280
       0,    75720, 11100281
       0,    76963, 11100283
       0,    79032, 11103680
       0,    79581, 11103358
       0,    79584, 11100286
       0,    80507, 11100289
       0,    81666, 11100291
       0,    81780, 11100294
       0,    81918, 11100296
       0,    81989, 11100297
       0,    82031, 11100299
       0,    82424, 11103380
       0,    82755, 11100300
       0,    83209, 11100301
       0,    83288, 11100304
       0,    83538, 11103212
       0,    83730, 11100306
       0,    84192, 11100307
       0,    85395, 11101138
       0,    85817, 11100311
       0,    87604, 11100310
       0,    87608, 11100005
       0,    87619, 11102589
       0,    88549, 11100316
       0,    88687, 11100006
       0,    88847, 11100319
       0,    88985, 11100320
       0,    89960, 11100322
       0,    90060, 11100323
       0,    90856, 11100324
       0,    91002, 11103107
       0,    91325, 11102876
       0,    91999, 11100327
       0,    92441, 11100007
       0,    93095, 11100332
       0,    93473, 11100331
       0,    93686, 11100336
       0,    94483, 11100335
       0,    95803, 11103642
       0,    96278, 11100338
       0,    97326, 11100342
       0,    98206, 11100343
       0,    99435, 11100345
       0,   100125, 11100008
       0,   100565, 11100346
       0,   101673, 11100347
       0,   102119, 11100769
       0,   102985, 11100349
       0,   106040, 11102845
       0,   106547, 11100353
       0,   106760, 11100358
       0,   106765, 11100359
       0,   107102, 11102784
       0,   107135, 11103244
       0,   107300, 11100361
       0,   107330, 11103783
       0,   107420, 11100363
       0,   110118, 11103488
       0,   110669, 11100370
       0,   111046, 11102802
       0,   111386, 11100375
       0,   111597, 11100377
       0,   111720, 11102992
       0,   112344, 11102436
       0,   112374, 11102210
       0,   113174, 11100380
       0,   113342, 11100383
       0,   113698, 11100384
       0,   114327, 11100386
       0,   114754, 11103480
       0,   114965, 11100387
       0,   116751, 11103154
       0,   116913, 11102362
       0,   116926, 11103608
       0,   117225, 11100393
       0,   118072, 11100396
       0,   118834, 11102990
       0,   119376, 11100398
       0,   121006, 11100399
       0,   121607, 11103516
       0,   122193, 11100407
       0,   123009, 11100410
       0,   123443, 11100408
       0,   123657, 11100412
       0,   123824, 11100098
       0,   126345, 11100411
       0,   126365, 11100415
       0,   126686, 11100418
       0,   127317, 11103254
       0,   127947, 11100420
       0,   128506, 11100421
       0,   128689, 11100422
       0,   129634, 11100425
       0,   129841, 11102029
       0,   129850, 11102780
       0,   131063, 11103441
       0,   132162, 11100431
       0,   132361, 11100010
       0,   132659, 11100434
       0,   132690, 11100435
       0,   134215, 11100432
       0,   134677, 11100438
       0,   135794, 11100439
       0,   135882, 11100442
       0,   137161, 11101440
       0,   138396, 11103610
       0,   138503, 11100447
       0,   138842, 11100449
       0,   139097, 11100451
       0,   139381, 11100452
       0,   140330, 11100453
       0,   140718, 11100457
       0,   142795, 11100001
       0,   143949, 11100462
       0,   144049, 11100464
       0,   144451, 11100465
       0,   145714, 11100466
       0,   145916, 11103252
       0,   146552, 11102564
       0,   146877, 11100470
       0,   146917, 11100473
       0,   148411, 11100475
       0,   148524, 11103691
       0,   148872, 11100478
       0,   148900, 11101122
       0,   151173, 11102904
       0,   151258, 11100534
       0,   152045, 11100482
       0,   152065, 11102233
       0,   152072, 11100485
       0,   152572, 11100487
       0,   152584, 11100488
       0,   152858, 11100490
       0,   153391, 11103009
       0,   154077, 11100489
       0,   154755, 11100494
       0,   154851, 11100497
       0,   155025, 11100496
       0,   155324, 11100499
       0,   155350, 11100498
       0,   155406, 11100500
       0,   155456, 11101933
       0,   156114, 11100501
       0,   156240, 11100502
       0,   156468, 11100582
       0,   157433, 11100504
       0,   157528, 11103457
       0,   157686, 11100508
       0,   157717, 11100510
       0,   158143, 11100511
       0,   158344, 11100512
       0,   158356, 11100513
       0,   159235, 11100514
       0,   160140, 11102792
       0,   160934, 11100654
       0,   161921, 11100515
       0,   162211, 11100518
       0,   162377, 11100784
       0,   163199, 11103110
       0,   163782, 11100519
       0,   163822, 11100523
       0,   164169, 11100526
       0,   164818, 11100527
       0,   165570, 11100529
       0,   165595, 11100531
       0,   166950, 11103205
       0,   167266, 11103785
       0,   168014, 11100426
       0,   168027, 11101694
       0,   168193, 11100532
       0,   168472, 11100533
       0,   169132, 11100366
       0,   169314, 11100535
       0,   169452, 11100539
       0,   169522, 11100540
       0,   170142, 11100541
       0,   170999, 11100544
       0,   171698, 11100543
       0,   173012, 11100014
       0,   173104, 11100546
       0,   173373, 11100549
       0,   173419, 11100070
       0,   173500, 11103088
       0,   174142, 11100552
       0,   175936, 11103589
       0,   175937, 11100553
       0,   176212, 11103370
       0,   179664, 11103707
       0,   180002, 11100559
       0,   180278, 11100561
       0,   180378, 11102765
       0,   183577, 11100562
       0,   183748, 11103239
       0,   183785, 11100571
       0,   184952, 11102465
       0,   184963, 11100572
       0,   186040, 11100576
       0,   187611, 11100577
       0,   187930, 11100581
       0,   188338, 11100583
       0,   188580, 11100584
       0,   188893, 11103024
       0,   190091, 11103609
       0,   190148, 11100015
       0,   190151, 11103003
       0,   190742, 11100588
       0,   190745, 11100589
       0,   192416, 11100591
       0,   192485, 11100595
       0,   192571, 11100596
       0,   193196, 11103058
       0,   194129, 11101927
       0,   195429, 11100599
       0,   195629, 11103180
       0,   195952, 11100602
       0,   196290, 11100603
       0,   196566, 11100605
       0,   196833, 11101401
       0,   197492, 11100607
       0,   197888, 11100608
       0,   199161, 11100609
       0,   199600, 11100611
       0,   199664, 11100613
       0,   200536, 11100614
       0,   201565, 11100617
       0,   201859, 11100619
       0,   201991, 11100623
       0,   202394, 11100620
       0,   202477, 11100624
       0,   203765, 11100626
       0,   204272, 11100625
       0,   204334, 11100627
       0,   204585, 11100629
       0,   204678, 11100631
       0,   205005, 11100632
       0,   205791, 11100633
       0,   205864, 11100635
       0,   206346, 11100016
       0,   207206, 11100636
       0,   207853, 11100637
       0,   207857, 11103352
       0,   207876, 11100639
       0,   207964, 11100640
       0,   208440, 11100641
       0,   209448, 11100642
       0,   210005, 11100643
       0,   210029, 11103253
       0,   210433, 11103274
       0,   211290, 11100645
       0,   211291, 11100647
       0,   211428, 11100652
       0,   211866, 11100651
       0,   211904, 11102854
       0,   212552, 11100655
       0,   212563, 11100657
       0,   213440, 11100089
       0,   213505, 11100662
       0,   213849, 11100663
       0,   213889, 11100664
       0,   214322, 11100665
       0,   214672, 11100667
       0,   217093, 11100669
       0,   217520, 11100677
       0,   218088, 11100678
       0,   218715, 11100681
       0,   218982, 11102897
       0,   219296, 11100684
       0,   219449, 11100682
       0,   219621, 11100685
       0,   220198, 11100687
       0,   220447, 11100688
       0,   223683, 11100689
       0,   223972, 11103100
       0,   225290, 11100615
       0,   225791, 11100697
       0,   227516, 11100698
       0,   228039, 11100705
       0,   229245, 11100706
       0,   230392, 11102796
       0,   231209, 11100711
       0,   231836, 11103257
       0,   232049, 11102322
       0,   233295, 11100712
       0,   234307, 11100718
       0,   235102, 11100719
       0,   236077, 11100720
       0,   236419, 11100722
       0,   236879, 11100724
       0,   237334, 11100725
       0,   237976, 11100727
       0,   238167, 11100742
       0,   238217, 11100728
       0,   238877, 11100734
       0,   239065, 11100737
       0,   239148, 11100735
       0,   240072, 11103071
       0,   240187, 11100329
       0,   240196, 11100743
       0,   241232, 11100744
       0,   241297, 11103061
       0,   244392, 11100749
       0,   245587, 11100754
       0,   246521, 11101690
       0,   246730, 11100756
       0,   246880, 11100761
       0,   247116, 11103271
       0,   247170, 11102389
       0,   247268, 11102766
       0,   247421, 11100766
       0,   248572, 11100767
       0,   250082, 11103767
       0,   250704, 11102268
       0,   251391, 11102789
       0,   252341, 11103558
       0,   254914, 11100774
       0,   256088, 11100782
       0,   257672, 11100781
       0,   258830, 11100785
       0,   260054, 11100788
       0,   260519, 11100791
       0,   260903, 11100081
       0,   261481, 11100797
       0,   262104, 11103697
       0,   262493, 11102649
       0,   263593, 11100019
       0,   264623, 11100801
       0,   265116, 11103668
       0,   265216, 11100805
       0,   266706, 11103595
       0,   267453, 11100807
       0,   267589, 11100048
       0,   268239, 11100810
       0,   269703, 11100813
       0,   269857, 11100814
       0,   271060, 11101319
       0,   271744, 11100815
       0,   272695, 11101439
       0,   272776, 11100820
       0,   273389, 11103802
       0,   273396, 11100822
       0,   273449, 11100825
       0,   273865, 11100023
       0,   274133, 11100826
       0,   274841, 11100827
       0,   275928, 11100829
       0,   277866, 11101565
       0,   278121, 11100832
       0,   278641, 11100834
       0,   278696, 11100835
       0,   280674, 11100836
       0,   281369, 11100842
       0,   284878, 11100844
       0,   285118, 11103660
       0,   285125, 11100845
       0,   285400, 11100846
       0,   286739, 11100849
       0,   287020, 11100852
       0,   287023, 11100856
       0,   287133, 11100853
       0,   287701, 11101337
       0,   287779, 11103074
       0,   288824, 11100024
       0,   289031, 11100857
       0,   290546, 11102627
       0,   291432, 11100863
       0,   292806, 11103159
       0,   292961, 11100865
       0,   292977, 11100867
       0,   293280, 11100868
       0,   294425, 11100870
       0,   295043, 11100873
       0,   295211, 11100847
       0,   296156, 11100876
       0,   296765, 11100877
       0,   297323, 11100878
       0,   297698, 11103404
       0,   297992, 11100879
       0,   298003, 11100882
       0,   298137, 11100881
       0,   298222, 11100883
       0,   298512, 11100885
       0,   300048, 11100886
       0,   300114, 11102792
       0,   302067, 11103108
       0,   302073, 11102780
       0,   303697, 11103616
       0,   303909, 11103277
       0,   304156, 11100899
       0,   304842, 11100897
       0,   306116, 11100898
       0,   306343, 11103573
       0,   307784, 11100901
       0,   308779, 11102951
       0,   309402, 11100909
       0,   310804, 11103819
       0,   311097, 11100911
       0,   311950, 11100913
       0,   312289, 11100918
       0,   312508, 11100921
       0,   312646, 11100922
       0,   312932, 11101100
       0,   316303, 11102823
       0,   316513, 11100927
       0,   316712, 11103011
       0,   317875, 11101347
       0,   318312, 11100929
       0,   318610, 11102528
       0,   318976, 11100931
       0,   319590, 11101965
       0,   319798, 11100933
       0,   321208, 11100934
       0,   321245, 11100935
       0,   321300, 11100937
       0,   321783, 11100940
       0,   321988, 11103715
       0,   323340, 11100088
       0,   324457, 11100941
       0,   324463, 11101152
       0,   325221, 11100029
       0,   325637, 11103393
       0,   326155, 11103566
       0,   327761, 11100949
       0,   327807, 11100955
       0,   328272, 11100956
       0,   328314, 11100957
       0,   328521, 11102075
       0,   328679, 11100959
       0,   329078, 11100960
       0,   329622, 11103015
       0,   330055, 11100030
       0,   330556, 11102825
       0,   331434, 11100964
       0,   332941, 11100963
       0,   333202, 11100965
       0,   334562, 11103416
       0,   335124, 11100967
       0,   336428, 11100970
       0,   336552, 11100971
       0,   337458, 11100972
       0,   338483, 11103588
       0,   338565, 11100975
       0,   339803, 11100976
       0,   339877, 11100978
       0,   340506, 11100979
       0,   340824, 11100980
       0,   342182, 11100981
       0,   343700, 11100983
       0,   343757, 11100987
       0,   343909, 11101364
       0,   344836, 11100986
       0,   344850, 11100989
       0,   345403, 11100990
       0,   346946, 11100995
       0,   347200, 11100997
       0,   347339, 11102900
       0,   348319, 11101001
       0,   348416, 11103020
       0,   350134, 11101002
       0,   351059, 11101009
       0,   351061, 11101007
       0,   352209, 11101010
       0,   352708, 11101011
       0,   352768, 11101012
       0,   353021, 11103123
       0,   353479, 11102762
       0,   353597, 11101014
       0,   354202, 11100032
       0,   354741, 11101016
       0,   355918, 11101018
       0,   356064, 11101019
       0,   358747, 11101398
       0,   361191, 11101021
       0,   361205, 11103709
       0,   361367, 11101026
       0,   363368, 11102136
       0,   363530, 11103644
       0,   363839, 11101199
       0,   363949, 11101038
       0,   363958, 11101039
       0,   364642, 11101086
       0,   364669, 11101041
       0,   366158, 11101042
       0,   366872, 11101046
       0,   370521, 11101047
       0,   370595, 11101876
       0,   372031, 11101051
       0,   372207, 11101053
       0,   373176, 11101057
       0,   373213, 11101059
       0,   373328, 11101000
       0,   373945, 11101060
       0,   374400, 11101063
       0,   374447, 11101064
       0,   374915, 11103231
       0,   375647, 11100033
       0,   375957, 11101067
       0,   376010, 11103109
       0,   376828, 11101071
       0,   377640, 11101068
       0,   377648, 11100317
       0,   378020, 11101072
       0,   378054, 11101075
       0,   378718, 11101076
       0,   379077, 11101078
       0,   379170, 11101080
       0,   379320, 11101902
       0,   379624, 11101081
       0,   380484, 11101082
       0,   381387, 11101084
       0,   381396, 11101087
       0,   381436, 11101089
       0,   381700, 11101088
       0,   381732, 11100400
       0,   382691, 11101091
       0,   382945, 11101094
       0,   382970, 11101096
       0,   383062, 11101097
       0,   383291, 11101098
       0,   383699, 11103399
       0,   384315, 11101422
       0,   384609, 11101101
       0,   385073, 11101102
       0,   386086, 11102126
       0,   386336, 11101105
       0,   387241, 11103643
       0,   387270, 11101109
       0,   387605, 11101110
       0,   387791, 11103090
       0,   391653, 11101113
       0,   392267, 11103425
       0,   392691, 11102959
       0,   393434, 11101117
       0,   393630, 11101123
       0,   394821, 11101124
       0,   396150, 11101125
       0,   396865, 11101126
       0,   397593, 11101127
       0,   399024, 11101131
       0,   399337, 11101128
       0,   401780, 11101133
       0,   402002, 11101135
       0,   402005, 11101139
       0,   402451, 11101137
       0,   402866, 11103247
       0,   403078, 11103688
       0,   403435, 11100034
       0,   404439, 11100716
       0,   404478, 11101146
       0,   404818, 11101148
       0,   404819, 11100341
       0,   404850, 11101143
       0,   405306, 11103405
       0,   406047, 11101238
       0,   406052, 11103655
       0,   406948, 11100035
       0,   407024, 11101151
       0,   408132, 11101156
       0,   408278, 11100036
       0,   408585, 11101158
       0,   408625, 11102879
       0,   409239, 11101243
       0,   409305, 11101159
       0,   409508, 11101160
       0,   410464, 11101161
       0,   410629, 11101162
       0,   410969, 11101163
       0,   411288, 11100598
       0,   411341, 11101165
       0,   411788, 11103525
       0,   412824, 11101170
       0,   412988, 11101174
       0,   412997, 11101175
       0,   413089, 11101176
       0,   413632, 11101178
       0,   413807, 11103676
       0,   414520, 11101180
       0,   415918, 11101181
       0,   416101, 11101185
       0,   416658, 11101186
       0,   416679, 11101187
       0,   417831, 11102500
       0,   419116, 11101188
       0,   419529, 11101189
       0,   419623, 11101193
       0,   420798, 11101196
       0,   421664, 11101200
       0,   421812, 11101201
       0,   422099, 11101202
       0,   422149, 11101206
       0,   422943, 11101208
       0,   423331, 11101207
       0,   425077, 11101209
       0,   425219, 11101211
       0,   425370, 11101212
       0,   425923, 11103194
       0,   426499, 11101216
       0,   426673, 11101218
       0,   426799, 11103426
       0,   427439, 11100440
       0,   427520, 11101221
       0,   427881, 11103334
       0,   428039, 11101222
       0,   429876, 11101224
       0,   430837, 11101227
       0,   431029, 11101232
       0,   431030, 11103241
       0,   431266, 11101233
       0,   431940, 11101235
       0,   432457, 11101236
       0,   432800, 11101237
       0,   433976, 11101240
       0,   434295, 11100792
       0,   434901, 11101244
       0,   435150, 11101242
       0,   435932, 11100037
       0,   436469, 11100806
       0,   436820, 11101245
       0,   441042, 11101246
       0,   441622, 11101255
       0,   442037, 11101258
       0,   443089, 11103067
       0,   443269, 11101264
       0,   444764, 11100288
       0,   444956, 11101265
       0,   445688, 11101267
       0,   445807, 11101271
       0,   445887, 11101273
       0,   445915, 11101276
       0,   446090, 11103550
       0,   446303, 11103679
       0,   447104, 11101277
       0,   447587, 11103116
       0,   447939, 11101280
       0,   448885, 11101966
       0,   449313, 11101281
       0,   450984, 11103269
       0,   451493, 11101283
       0,   452503, 11101285
       0,   452885, 11101290
       0,   453790, 11103217
       0,   454907, 11101291
       0,   456662, 11101296
       0,   457650, 11102878
       0,   459245, 11101300
       0,   460432, 11101315
       0,   460463, 11101301
       0,   460731, 11101302
       0,   461019, 11103057
       0,   462299, 11101303
       0,   462674, 11101305
       0,   463196, 11100612
       0,   463237, 11101308
       0,   463486, 11101309
       0,   464296, 11101310
       0,   465418, 11103102
       0,   465633, 11100892
       0,   465699, 11103174
       0,   465777, 11101312
       0,   465798, 11101316
       0,   467019, 11101317
       0,   467563, 11100039
       0,   468625, 11101318
       0,   468780, 11103185
       0,   469432, 11101320
       0,   470188, 11102856
       0,   470190, 11102768
       0,   470698, 11103300
       0,   471467, 11101323
       0,   471472, 11102960
       0,   472018, 11101325
       0,   472460, 11101904
       0,   473137, 11101327
       0,   473764, 11101331
       0,   473844, 11101333
       0,   473846, 11101334
       0,   475551, 11101335
       0,   476919, 11101336
       0,   476977, 11101338
       0,   477300, 11101341
       0,   477394, 11101344
       0,   477509, 11103736
       0,   477992, 11103309
       0,   477996, 11101345
       0,   477998, 11101346
       0,   478137, 11102911
       0,   478363, 11103356
       0,   478981, 11103299
       0,   479202, 11103293
       0,   481344, 11101351
       0,   481724, 11103278
       0,   481917, 11100212
       0,   483135, 11101352
       0,   483314, 11101354
       0,   484113, 11101358
       0,   485322, 11101361
       0,   485655, 11103576
       0,   485874, 11101362
       0,   486047, 11101366
       0,   486950, 11101367
       0,   487285, 11101368
       0,   487564, 11101369
       0,   487718, 11101370
       0,   487759, 11101371
       0,   488197, 11103804
       0,   488579, 11103144
       0,   488819, 11101374
       0,   490011, 11101375
       0,   490085, 11101376
       0,   490131, 11101377
       0,   490539, 11103646
       0,   491690, 11101378
       0,   491957, 11102818
       0,   492560, 11101381
       0,   493081, 11101385
       0,   493225, 11101384
       0,   493957, 11101386
       0,   494876, 11101388
       0,   496413, 11101391
       0,   497831, 11103581
       0,   497872, 11101395
       0,   500263, 11101396
       0,   500770, 11101399
       0,   500859, 11101400
       0,   501330, 11101405
       0,   502344, 11101402
       0,   502559, 11101410
       0,   502630, 11101412
       0,   502842, 11101413
       0,   503388, 11101409
       0,   503564, 11101411
       0,   504048, 11102634
       0,   504826, 11101414
       0,   505164, 11101416
       0,   505946, 11101417
       0,   506036, 11101418
       0,   506699, 11101424
       0,   506846, 11101426
       0,   507398, 11101428
       0,   507563, 11103817
       0,   508053, 11101429
       0,   508056, 11103458
       0,   511509, 11101430
       0,   511827, 11102793
       0,   515263, 11101432
       0,   515940, 11101985
       0,   516751, 11101434
       0,   517068, 11102882
       0,   517449, 11101436
       0,   517587, 11101438
       0,   518776, 11101269
       0,   519261, 11103669
       0,   519682, 11103503
       0,   519693, 11101441
       0,   520493, 11101445
       0,   520521, 11101446
       0,   520856, 11101282
       0,   522126, 11101447
       0,   522137, 11101452
       0,   522187, 11101453
       0,   522493, 11101458
       0,   523496, 11101459
       0,   523632, 11103467
       0,   524445, 11100672
       0,   525831, 11101462
       0,   525854, 11101463
       0,   526260, 11103743
       0,   526682, 11103749
       0,   528081, 11101469
       0,   528090, 11101471
       0,   528665, 11103784
       0,   528869, 11101474
       0,   532107, 11101476
       0,   532543, 11101479
       0,   533545, 11101480
       0,   534624, 11101482
       0,   534752, 11102103
       0,   535335, 11103048
       0,   536379, 11101483
       0,   536908, 11101484
       0,   537558, 11101485
       0,   538023, 11100043
       0,   538413, 11101496
       0,   538563, 11101497
       0,   539533, 11101500
       0,   539722, 11101498
       0,   539817, 11102865
       0,   541773, 11102985
       0,   541865, 11101505
       0,   542151, 11101507
       0,   542959, 11101508
       0,   543266, 11102777
       0,   544026, 11101510
       0,   544125, 11103076
       0,   544914, 11101513
       0,   546581, 11101514
       0,   546706, 11101518
       0,   546773, 11101153
       0,   546844, 11101519
       0,   547504, 11101520
       0,   547939, 11101522
       0,   549242, 11101523
       0,   550103, 11101529
       0,   551874, 11101530
       0,   552244, 11101533
       0,   552330, 11101535
       0,   552555, 11101537
       0,   554267, 11101541
       0,   554563, 11101539
       0,   554887, 11101540
       0,   554907, 11101543
       0,   554917, 11101544
       0,   556004, 11101546
       0,   556600, 11102053
       0,   557022, 11101553
       0,   557191, 11100429
       0,   557553, 11101554
       0,   557787, 11101555
       0,   559074, 11102469
       0,   559999, 11101559
       0,   560014, 11101566
       0,   560110, 11101568
       0,   560268, 11101569
       0,   561603, 11101570
       0,   561671, 11101572
       0,   562773, 11101573
       0,   563406, 11101574
       0,   563701, 11101575
       0,   563723, 11101578
       0,   564056, 11101580
       0,   564203, 11101582
       0,   565801, 11101583
       0,   566931, 11101585
       0,   567202, 11101587
       0,   567654, 11101588
       0,   568020, 11101590
       0,   568059, 11101591
       0,   568593, 11101592
       0,   569501, 11101593
       0,   570451, 11101596
       0,   570463, 11103415
       0,   571295, 11102519
       0,   572583, 11101601
       0,   573290, 11101605
       0,   574235, 11101608
       0,   575634, 11101611
       0,   575819, 11101610
       0,   577487, 11101617
       0,   578000, 11101618
       0,   578236, 11101624
       0,   579174, 11101622
       0,   579451, 11101626
       0,   579635, 11101629
       0,   580866, 11101630
       0,   580912, 11102798
       0,   581055, 11101633
       0,   581690, 11101634
       0,   582319, 11102602
       0,   582391, 11101637
       0,   582875, 11100884
       0,   583359, 11101640
       0,   583581, 11101642
       0,   584201, 11101643
       0,   584932, 11103302
       0,   585524, 11101646
       0,   585675, 11101647
       0,   586931, 11101648
       0,   586972, 11103618
       0,   587452, 11101650
       0,   587759, 11101652
       0,   588427, 11101286
       0,   588705, 11100199
       0,   588960, 11101826
       0,   589212, 11101654
       0,   589654, 11101657
       0,   589958, 11101659
       0,   590382, 11103598
       0,   591126, 11102961
       0,   592131, 11101660
       0,   592308, 11101661
       0,   592721, 11101663
       0,   592722, 11101665
       0,   593965, 11101666
       0,   594310, 11101668
       0,   595366, 11101672
       0,   596173, 11101673
       0,   596256, 11101678
       0,   596539, 11101679
       0,   596691, 11101681
       0,   597005, 11101682
       0,   597856, 11101684
       0,   598811, 11101687
       0,   599199, 11101688
       0,   599296, 11101691
       0,   599804, 11100044
       0,   600055, 11101693
       0,   600058, 11101695
       0,   600223, 11103718
       0,   600605, 11101700
       0,   601252, 11101696
       0,   601340, 11101054
       0,   602198, 11101701
       0,   603405, 11101702
       0,   604189, 11101703
       0,   604227, 11101706
       0,   606162, 11101708
       0,   607128, 11101709
       0,   608069, 11101710
       0,   608587, 11100046
       0,   608803, 11101712
       0,   609553, 11100045
       0,   611541, 11101716
       0,   611696, 11101718
       0,   611866, 11101720
       0,   611902, 11100027
       0,   614910, 11101721
       0,   616265, 11101725
       0,   616382, 11101727
       0,   617825, 11101731
       0,   619274, 11101734
       0,   619455, 11101735
       0,   620583, 11101736
       0,   621104, 11101738
       0,   621574, 11101740
       0,   622298, 11102872
       0,   622335, 11101749
       0,   622399, 11102947
       0,   622668, 11101750
       0,   622675, 11101751
       0,   623319, 11103638
       0,   623599, 11101752
       0,   624282, 11101753
       0,   624385, 11103490
       0,   624471, 11102249
       0,   624917, 11102870
       0,   625022, 11103650
       0,   625293, 11101756
       0,   626996, 11101758
       0,   627213, 11103007
       0,   627657, 11103803
       0,   627663, 11101761
       0,   628518, 11101763
       0,   629326, 11101765
       0,   629731, 11101768
       0,   630072, 11101766
       0,   630134, 11101767
       0,   630221, 11101769
       0,   630265, 11101770
       0,   630771, 11101771
       0,   631709, 11102769
       0,   631791, 11102885
       0,   632852, 11101777
       0,   632996, 11101780
       0,   633321, 11101783
       0,   633806, 11101781
       0,   634316, 11101787
       0,   635478, 11101782
       0,   635759, 11101788
       0,   635929, 11101792
       0,   636884, 11102009
       0,   638519, 11101791
       0,   638527, 11101796
       0,   638528, 11101797
       0,   638539, 11101799
       0,   640903, 11101803
       0,   641059, 11103587
       0,   641108, 11101805
       0,   641202, 11103082
       0,   641256, 11101808
       0,   641435, 11102808
       0,   641437, 11103479
       0,   642138, 11100214
       0,   642278, 11102066
       0,   642542, 11101812
       0,   643549, 11101817
       0,   644003, 11101815
       0,   644470, 11101819
       0,   646041, 11101821
       0,   646522, 11101822
       0,   647552, 11103686
       0,   647831, 11101828
       0,   648654, 11102986
       0,   649057, 11101830
       0,   649306, 11101831
       0,   649486, 11101832
       0,   650113, 11100676
       0,   650516, 11101833
       0,   650573, 11101834
       0,   650776, 11101835
       0,   650895, 11100309
       0,   651663, 11100789
       0,   652090, 11101836
       0,   652644, 11101840
       0,   652861, 11101843
       0,   653687, 11101845
       0,   653914, 11103355
       0,   655616, 11101846
       0,   656454, 11101849
       0,   657583, 11101850
       0,   657618, 11101852
       0,   658538, 11102975
       0,   659029, 11101854
       0,   659041, 11102650
       0,   659275, 11101856
       0,   659975, 11103235
       0,   660161, 11101857
       0,   660233, 11101861
       0,   660515, 11101862
       0,   660692, 11101865
       0,   660744, 11101866
       0,   661008, 11101867
       0,   661350, 11101868
       0,   661692, 11101869
       0,   662572, 11101870
       0,   663944, 11103336
       0,   665202, 11101873
       0,   665446, 11103591
       0,   667600, 11103665
       0,   668456, 11101884
       0,   668564, 11101885
       0,   669276, 11101058
       0,   669419, 11100372
       0,   671011, 11101891
       0,   671630, 11100049
       0,   672166, 11101893
       0,   673238, 11103519
       0,   674323, 11101895
       0,   674337, 11100020
       0,   674511, 11101069
       0,   674658, 11101898
       0,   674662, 11101899
       0,   675217, 11100573
       0,   676220, 11102129
       0,   676653, 11101901
       0,   677011, 11101907
       0,   677039, 11101908
       0,   677654, 11101911
       0,   677887, 11103183
       0,   679251, 11101912
       0,   679757, 11101913
       0,   680596, 11101914
       0,   680637, 11101916
       0,   680818, 11101917
       0,   681728, 11101920
       0,   682925, 11101921
       0,   683288, 11101922
       0,   684167, 11101923
       0,   684762, 11101925
       0,   685478, 11101926
       0,   686556, 11101928
       0,   686577, 11101929
       0,   686637, 11101931
       0,   687558, 11101932
       0,   687680, 11101934
       0,   688093, 11101936
       0,   688137, 11101940
       0,   688444, 11101937
       0,   688796, 11101938
       0,   689098, 11101941
       0,   690338, 11102998
       0,   690712, 11101946
       0,   690875, 11101950
       0,   690960, 11103259
       0,   691206, 11101141
       0,   691324, 11101951
       0,   691698, 11101955
       0,   693097, 11103073
       0,   693230, 11101957
       0,   693756, 11102357
       0,   693932, 11101959
       0,   694070, 11101065
       0,   694609, 11102970
       0,   694615, 11101960
       0,   694669, 11102248
       0,   694718, 11100051
       0,   694890, 11101964
       0,   695479, 11101968
       0,   695633, 11101969
       0,   696587, 11101970
       0,   697112, 11101972
       0,   697790, 11101974
       0,   697900, 11101979
       0,   697964, 11103330
       0,   698356, 11101981
       0,   698573, 11101983
       0,   700013, 11103739
       0,   700238, 11101984
       0,   700710, 11103380
       0,   701529, 11101472
       0,   702190, 11101986
       0,   702972, 11101044
       0,   703271, 11101988
       0,   703359, 11101989
       0,   703360, 11102767
       0,   703419, 11103312
       0,   703660, 11101991
       0,   703872, 11102801
       0,   704001, 11101995
       0,   704243, 11100996
       0,   704313, 11101993
       0,   704837, 11101994
       0,   706266, 11101997
       0,   706514, 11101998
       0,   707021, 11102000
       0,   707245, 11101490
       0,   707701, 11102001
       0,   707967, 11102002
       0,   708482, 11102003
       0,   710278, 11102004
       0,   710328, 11101043
       0,   710507, 11102010
       0,   711076, 11102772
       0,   711673, 11103227
       0,   712277, 11102898
       0,   712431, 11102844
       0,   712535, 11102011
       0,   712620, 11102012
       0,   714961, 11102015
       0,   715211, 11102019
       0,   717257, 11103735
       0,   718253, 11101662
       0,   719803, 11102026
       0,   720109, 11102028
       0,   720608, 11102032
       0,   720711, 11102034
       0,   725268, 11102036
       0,   725977, 11103093
       0,   726022, 11101013
       0,   726062, 11102041
       0,   727334, 11102043
       0,   727723, 11102850
       0,   727975, 11102044
       0,   730950, 11102045
       0,   731104, 11102049
       0,   731113, 11102051
       0,   731574, 11101475
       0,   731607, 11102058
       0,   731871, 11102054
       0,   733348, 11102057
       0,   733542, 11102061
       0,   733844, 11101349
       0,   734107, 11102064
       0,   735501, 11102065
       0,   735745, 11102035
       0,   735752, 11102067
       0,   737140, 11102068
       0,   737149, 11102069
       0,   737332, 11100054
       0,   738154, 11102070
       0,   738284, 11102073
       0,   738538, 11102076
       0,   741401, 11103824
       0,   741441, 11103147
       0,   741971, 11102828
       0,   742173, 11102078
       0,   742329, 11102083
       0,   742439, 11102085
       0,   742672, 11102087
       0,   743607, 11101465
       0,   744325, 11102883
       0,   744975, 11102089
       0,   745003, 11102092
       0,   748821, 11102095
       0,   749177, 11103422
       0,   749182, 11102094
       0,   749384, 11102098
       0,   750113, 11100055
       0,   750147, 11102110
       0,   750436, 11102101
       0,   750560, 11103155
       0,   751204, 11102107
       0,   751710, 11102111
       0,   752002, 11102113
       0,   752091, 11103495
       0,   752341, 11102114
       0,   753577, 11102115
       0,   753622, 11102117
       0,   754339, 11102119
       0,   754781, 11102120
       0,   755113, 11102121
       0,   755200, 11100057
       0,   756182, 11102122
       0,   756207, 11100463
       0,   756883, 11102123
       0,   757348, 11103596
       0,   757506, 11102124
       0,   758154, 11102128
       0,   758794, 11102130
       0,   759904, 11100058
       0,   760418, 11102131
       0,   760797, 11102132
       0,   761954, 11102133
       0,   762645, 11100854
       0,   762932, 11101297
       0,   763899, 11102135
       0,   764001, 11102137
       0,   764152, 11103382
       0,   764263, 11102143
       0,   764566, 11102144
       0,   765106, 11101557
       0,   766126, 11102678
       0,   766873, 11102149
       0,   768886, 11102146
       0,   769431, 11102152
       0,   769581, 11102153
       0,   769589, 11102156
       0,   770436, 11102889
       0,   770768, 11101538
       0,   771145, 11102161
       0,   772093, 11102164
       0,   772492, 11102167
       0,   772533, 11100517
       0,   772748, 11102168
       0,   773993, 11102169
       0,   774001, 11102172
       0,   774462, 11103070
       0,   774959, 11103266
       0,   775151, 11102170
       0,   775847, 11102173
       0,   776009, 11102177
       0,   776262, 11102175
       0,   776816, 11102181
       0,   777019, 11100060
       0,   777336, 11102179
       0,   778504, 11100869
       0,   779433, 11101589
       0,   779630, 11103368
       0,   779633, 11102182
       0,   779836, 11102184
       0,   781173, 11103282
       0,   781227, 11102193
       0,   781738, 11102187
       0,   781938, 11102191
       0,   782122, 11102195
       0,   782193, 11102196
       0,   782230, 11102197
       0,   782296, 11102198
       0,   782299, 11102199
       0,   783289, 11102200
       0,   783727, 11102202
       0,   783766, 11102204
       0,   784921, 11102205
       0,   785826, 11102208
       0,   786172, 11103228
       0,   787131, 11102590
       0,   787321, 11103515
       0,   788174, 11100061
       0,   788266, 11102212
       0,   789231, 11102213
       0,   789408, 11102215
       0,   789442, 11102217
       0,   790707, 11102219
       0,   791297, 11102222
       0,   791610, 11102223
       0,   792141, 11102773
       0,   792716, 11102225
       0,   793359, 11102226
       0,   793505, 11102228
       0,   794969, 11103756
       0,   795725, 11102232
       0,   795846, 11102236
       0,   796270, 11102815
       0,   797229, 11102080
       0,   797280, 11102234
       0,   797316, 11102235
       0,   797331, 11102237
       0,   798651, 11100062
       0,   798863, 11102027
       0,   798864, 11102241
       0,   800502, 11102243
       0,   802244, 11103237
       0,   804685, 11102244
       0,   804954, 11102252
       0,   805285, 11102859
       0,   806505, 11102253
       0,   807269, 11102250
       0,   807590, 11102254
       0,   808337, 11102255
       0,   808447, 11102257
       0,   809415, 11103561
       0,   809513, 11103760
       0,   809636, 11103202
       0,   810250, 11102262
       0,   810971, 11102264
       0,   811556, 11102265
       0,   811580, 11102266
       0,   811705, 11100803
       0,   811849, 11102267
       0,   811861, 11103537
       0,   811941, 11102269
       0,   813030, 11102275
       0,   813243, 11102272
       0,   813394, 11103652
       0,   813687, 11102273
       0,   813966, 11102274
       0,   814232, 11102950
       0,   815151, 11102277
       0,   815815, 11102276
       0,   815861, 11103164
       0,   816580, 11102279
       0,   817044, 11102284
       0,   817106, 11102286
       0,   817495, 11102287
       0,   817528, 11102289
       0,   817868, 11102290
       0,   818369, 11102291
       0,   820229, 11102292
       0,   820479, 11102296
       0,   820970, 11102293
       0,   821088, 11103347
       0,   821284, 11102294
       0,   821364, 11102077
       0,   822308, 11102297
       0,   822488, 11102301
       0,   822526, 11103345
       0,   822838, 11102308
       0,   823411, 11102304
       0,   824213, 11102305
       0,   824543, 11102309
       0,   824832, 11102311
       0,   825402, 11103219
       0,   825741, 11102313
       0,   829687, 11102393
       0,   830135, 11102931
       0,   830152, 11102319
       0,   830960, 11103413
       0,   831242, 11102321
       0,   832452, 11102326
       0,   832507, 11100622
       0,   834290, 11102330
       0,   835577, 11103343
       0,   836008, 11102335
       0,   836912, 11100078
       0,   837229, 11102336
       0,   837853, 11102337
       0,   838286, 11102339
       0,   838829, 11100893
       0,   839245, 11102341
       0,   839651, 11102344
       0,   839738, 11103499
       0,   841215, 11103273
       0,   841577, 11102352
       0,   841692, 11102353
       0,   841841, 11102359
       0,   842353, 11102354
       0,   842457, 11102356
       0,   842741, 11102361
       0,   842856, 11102364
       0,   843008, 11102363
       0,   844517, 11103615
       0,   845417, 11103684
       0,   845515, 11102366
       0,   846104, 11103166
       0,   846543, 11102980
       0,   847019, 11102871
       0,   847564, 11102372
       0,   847780, 11102376
       0,   848555, 11100748
       0,   850278, 11101774
       0,   850307, 11102451
       0,   850599, 11103167
       0,   851200, 11102385
       0,   851852, 11103453
       0,   852213, 11102387
       0,   852836, 11102464
       0,   852935, 11103287
       0,   853545, 11102388
       0,   853871, 11102391
       0,   854433, 11102963
       0,   854507, 11102392
       0,   856250, 11103612
       0,   856508, 11102395
       0,   856760, 11100066
       0,   857466, 11102394
       0,   857494, 11103097
       0,   858589, 11102390
       0,   859795, 11102396
       0,   860946, 11102397
       0,   862149, 11102402
       0,   862543, 11102403
       0,   862699, 11102406
       0,   862827, 11102404
       0,   863392, 11102408
       0,   864093, 11102410
       0,   864733, 11102411
       0,   865049, 11102412
       0,   865075, 11102414
       0,   865098, 11102420
       0,   865235, 11101487
       0,   866619, 11102416
       0,   866657, 11102418
       0,   866851, 11102419
       0,   867059, 11102422
       0,   868385, 11103078
       0,   868485, 11102428
       0,   868899, 11102427
       0,   869061, 11102429
       0,   869374, 11103632
       0,   869751, 11102431
       0,   871346, 11102432
       0,   871881, 11103725
       0,   872278, 11102800
       0,   873053, 11103184
       0,   873612, 11103327
       0,   875283, 11102441
       0,   876151, 11102438
       0,   876948, 11102439
       0,   877465, 11102442
       0,   877601, 11102444
       0,   878261, 11100069
       0,   878541, 11102450
       0,   879058, 11100568
       0,   879071, 11102448
       0,   879500, 11101329
       0,   879932, 11102449
       0,   880975, 11102452
       0,   883770, 11102454
       0,   884015, 11102466
       0,   884357, 11102455
       0,   884359, 11102456
       0,   884741, 11102459
       0,   884852, 11103493
       0,   884968, 11103000
       0,   885299, 11103523
       0,   887027, 11102973
       0,   887368, 11102917
       0,   889351, 11102468
       0,   889688, 11102475
       0,   891591, 11103759
       0,   892327, 11102480
       0,   892339, 11102481
       0,   892837, 11102482
       0,   893222, 11103358
       0,   893707, 11102488
       0,   893839, 11102492
       0,   894063, 11103437
       0,   895297, 11102491
       0,   897308, 11102494
       0,   897802, 11102496
       0,   898092, 11102118
       0,   898507, 11102490
       0,   898608, 11101961
       0,   899380, 11102501
       0,   899502, 11102502
       0,   900895, 11102907
       0,   901424, 11102503
       0,   902118, 11102504
       0,   902310, 11102506
       0,   903666, 11102509
       0,   903701, 11102511
       0,   903778, 11102512
       0,   904924, 11103508
       0,   907796, 11102514
       0,   908893, 11102782
       0,   909020, 11102516
       0,   909462, 11102517
       0,   910338, 11103249
       0,   911202, 11101827
       0,   911592, 11102522
       0,   912711, 11102994
       0,   912962, 11102523
       0,   913534, 11102524
       0,   913554, 11101173
       0,   913984, 11100930
       0,   914550, 11102529
       0,   914662, 11102530
       0,   915034, 11103827
       0,   916015, 11102535
       0,   916926, 11102539
       0,   917062, 11100843
       0,   917608, 11102540
       0,   917634, 11103374
       0,   917635, 11103026
       0,   918340, 11102928
       0,   919352, 11102551
       0,   919400, 11102541
       0,   920549, 11102542
       0,   921064, 11102548
       0,   921295, 11102554
       0,   921536, 11102013
       0,   921542, 11102556
       0,   922420, 11102557
       0,   923510, 11102559
       0,   924102, 11100211
       0,   924574, 11100908
       0,   926731, 11102561
       0,   926851, 11102565
       0,   927281, 11102566
       0,   927306, 11102567
       0,   927469, 11102570
       0,   928033, 11102572
       0,   929088, 11102574
       0,   930195, 11102576
       0,   932226, 11102577
       0,   932604, 11102580
       0,   932980, 11101203
       0,   933373, 11102588
       0,   934040, 11102582
       0,   934096, 11102585
       0,   934583, 11102592
       0,   934929, 11102593
       0,   937522, 11102595
       0,   937549, 11103450
       0,   938743, 11102600
       0,   939379, 11102601
       0,   939428, 11102603
       0,   940322, 11102604
       0,   940330, 11102607
       0,   940644, 11102608
       0,   940886, 11102609
       0,   940887, 11102616
       0,   940977, 11102610
       0,   942848, 11102611
       0,   942976, 11102617
       0,   943047, 11102618
       0,   943171, 11103232
       0,   943405, 11102621
       0,   943633, 11102625
       0,   943968, 11102626
       0,   945362, 11102629
       0,   946159, 11102635
       0,   946545, 11102830
       0,   946844, 11102632
       0,   947462, 11102633
       0,   948367, 11102636
       0,   948560, 11102827
       0,   948607, 11102637
       0,   948824, 11102638
       0,   949549, 11102640
       0,   949759, 11102642
       0,   950378, 11102644
       0,   950442, 11103549
       0,   951118, 11102647
       0,   951178, 11102645
       0,   951294, 11102646
       0,   953431, 11101035
       0,   953945, 11103801
       0,   955888, 11102653
       0,   956720, 11102657
       0,   956839, 11100661
       0,   957609, 11102658
       0,   958185, 11102659
       0,   958334, 11102660
       0,   959563, 11102661
       0,   960775, 11100072
       0,   961942, 11102663
       0,   962633, 11101183
       0,   962818, 11102664
       0,   963320, 11102668
       0,   963392, 11102673
       0,   963616, 11102674
       0,   964341, 11102675
       0,   964561, 11101130
       0,   965418, 11103314
       0,   965958, 11103379
       0,   966162, 11102679
       0,   967805, 11103600
       0,   969436, 11102681
       0,   969885, 11102682
       0,   969961, 11102686
       0,   972676, 11102688
       0,   973244, 11103561
       0,   974037, 11100914
       0,   974333, 11102694
       0,   974579, 11102693
       0,   975524, 11100073
       0,   975565, 11102423
       0,   976316, 11102698
       0,   977648, 11102701
       0,   978066, 11102704
       0,   978373, 11102705
       0,   980045, 11102706
       0,   980367, 11102711
       0,   981561, 11103104
       0,   981797, 11100074
       0,   982312, 11102714
       0,   982744, 11102716
       0,   982986, 11101980
       0,   982999, 11102720
       0,   984081, 11102721
       0,   985896, 11102723
       0,   986010, 11102834
       0,   987371, 11102727
       0,   987571, 11103676
       0,   987718, 11102729
       0,   988548, 11102730
       0,   988572, 11100880
       0,   988649, 11102731
       0,   989014, 11103424
       0,   989711, 11102732
       0,   989810, 11102737
       0,   990172, 11102738
       0,   990379, 11102739
       0,   990539, 11102740
       0,   990798, 11102741
       0,   990805, 11102743
       0,   991245, 11102744
       0,   991531, 11102745
       0,   991848, 11102748
       0,   992604, 11102746
       0,   993832, 11102747
       0,   995566, 11102749
       0,   995618, 11100075
       0,   996375, 11102751
       0,   996676, 11102755
       0,   996927, 11102756
       0,   261170, 11102758
       0,   814022, 11103012
       0,   881794, 11103787
       0,    33082, 11102881
       0,   238736, 11102955
       0,   290261, 11101257
       0,   323944, 11103101
       0,   600381, 11101889
       0,   616228, 11101167
       0,   986805, 11103208
       0,   728662, 11100002
       0,   735077, 11101909
       0,   909742, 11103341
       0,   723923, 11103419
       0,    10170, 11102920
       0,   363485, 11100110
       0,   651736, 11100776
       0,   107202, 11102282
       0,   436459, 11102884
       0,   641406, 11102417
       0,   568261, 11103238
       0,   739194, 11103478
       0,   624107, 11100184
       0,   896338, 11100402
       0,   226297, 11102495
       0,   954345, 11103339
       0,    32398, 11103582
       0,   250086, 11100277
       0,   257929, 11103059
       0,   292840, 11103590
       0,   413198, 11103389
       0,   483591, 11102819
       0,   538193, 11101360
       0,   669758, 11100018
       0,   862087, 11101048
       0,   870168, 11103130
       0,   914075, 11103328
       0,    41314, 11103727
       0,    52137, 11101252
       0,   206283, 11100915
       0,   252452, 11100525
       0,   404450, 11101548
       0,   473815, 11102831
       0,   586690, 11101641
       0,   661951, 11100368
       0,   672696, 11100649
       0,   716647, 11100495
       0,   847772, 11101651
       0,   924775, 11102378
       0,   836493, 11100182
       0,   156347, 11102333
       0,   394677, 11101205
       0,   459584, 11101379
       0,   562437, 11103552
       0,    95251, 11102349
       0,   827035, 11102832
       0,   881392, 11102486
       0,   931994, 11102460
       0,   972980, 11102868
       0,    30843, 11100696
       0,    55653, 11100192
       0,   117782, 11103545
       0,   268875, 11101816
       0,   450294, 11100333
       0,   199616, 11103031
       0,   607503, 11103507
       0,   640525, 11100816
       0,   650849, 11103105
       0,   694649, 11102877
       0,   714481, 11102518
       0,   917490, 11103451
       0,   523331, 11100480
       0,     5510, 11102533
       0,    66584, 11101501
       0,   391732, 11101090
       0,   401554, 11100590
       0,   538849, 11100790
       0,   581305, 11103546
       0,   780283, 11100770
       0,   784865, 11102841
       0,   930260, 11102806
       0,   173003, 11103391
       0,   174853, 11103326
       0,   244992, 11103280
       0,   279128, 11102379
       0,   300523, 11100382
       0,   323811, 11102148
       0,   504512, 11100467
       0,   519135, 11103713
       0,   535749, 11103421
       0,   553151, 11101154
       0,   559472, 11103035
       0,   630225, 11103541
       0,   663350, 11101795
       0,   778626, 11101890
       0,   796787, 11100471
       0,   798454, 11102849
       0,   862506, 11101772
       0,   639224, 11101287
       0,   932269, 11102186
       0,    45149, 11103204
       0,   191119, 11102347
       0,   384906, 11102896
       0,   387719, 11100209
       0,   416769, 11101818
       0,   468165, 11103019
       0,   634915, 11103375
       0,   767971, 11102188
       0,   847890, 11100823
       0,   647471, 11102150
       0,    49101, 11100772
       0,   125436, 11103776
       0,   133337, 11102855
       0,   583361, 11100948
       0,   694066, 11101528
       0,   968861, 11103704
       0,    55815, 11103275
       0,   200681, 11102270
       0,   238445, 11101655
       0,   650919, 11100293
       0,   329179, 11103051
       0,   568004, 11100839
       0,   643447, 11103121
       0,   689594, 11100824
       0,   715348, 11101560
       0,   749910, 11100701
       0,   775733, 11102125
       0,   780323, 11103773
       0,   809628, 11100910
       0,   849727, 11101875
       0,   885819, 11102957
       0,   942111, 11101839
       0,   979999, 11101627
       0,     2867, 11103279
       0,    14770, 11103542
       0,   111063, 11101423
       0,   160003, 11101613
       0,   184736, 11102342
       0,   240952, 11101191
       0,   257789, 11103765
       0,   258573, 11100746
       0,   268689, 11100787
       0,   271482, 11103376
       0,   395032, 11101142
       0,   514183, 11100819
       0,   540678, 11102040
       0,   675595, 11100052
       0,   362970, 11101503
       0,   557950, 11101900
       0,   728396, 11101023
       0,   933133, 11102477
       0,   934380, 11102672
       0,   969668, 11102194
       0,    37413, 11103432
       0,   130429, 11102685
       0,   171125, 11102848
       0,   260583, 11100828
       0,   387370, 11101241
       0,   107177, 11103054
       0,   697007, 11103112
       0,   610041, 11103427
       0,   661664, 11101717
       0,   307560, 11100207
       0,   686994, 11100717
       0,   749852, 11101612
       0,   843361, 11102695
       0,   888556, 11102105
       0,   989350, 11103666
       0,    57216, 11103103
       0,   182199, 11103315
       0,   278255, 11102527
       0,   300937, 11103551
       0,   452096, 11101820
       0,   465707, 11103190
       0,   467948, 11102666
       0,   510589, 11103815
       0,   511636, 11102016
       0,   519680, 11100998
       0,   295183, 11102925
       0,   685044, 11103466
       0,   770590, 11100259
       0,   773467, 11100367
       0,   835772, 11103207
       0,   911383, 11101677
       0,   922753, 11102331
       0,    24247, 11101715
       0,   210672, 11102560
       0,   214221, 11100146
       0,   305092, 11103191
       0,   502489, 11101999
       0,   579785, 11103063
       0,   739292, 11102373
       0,   879338, 11101631
       0,    36743, 11102369
       0,    57107, 11103420
       0,    59063, 11103826
       0,    59912, 11101864
       0,   134291, 11103531
       0,   138934, 11100974
       0,   158944, 11101689
       0,   186553, 11103477
       0,   248864, 11101600
       0,   264216, 11103288
       0,   267454, 11100621
       0,   359216, 11100802
       0,   367063, 11100116
       0,   398194, 11100554
       0,   430010, 11103413
       0,   430215, 11101031
       0,   435270, 11103624
       0,   442119, 11100763
       0,   445664, 11103742
       0,   451874, 11101260
       0,   453317, 11101879
       0,   481709, 11101552
       0,   511333, 11103786
       0,   654074, 11102549
       0,   666934, 11100765
       0,    63123, 11100164
       0,   887929, 11103177
       0,   925125, 11103098
       0,   936942, 11102764
       0,    13124, 11102458
       0,    30897, 11101562
       0,    36936, 11100118
       0,    51488, 11100509
       0,    82759, 11102031
       0,    94951, 11101247
       0,   173186, 11101250
       0,   184905, 11101322
       0,   950447, 11103509
       0,   863556, 11100890
       0,   298567, 11102298
       0,   444474, 11103264
       0,   432668, 11101639
       0,   446768, 11101106
       0,   450082, 11101239
       0,   497728, 11100409
       0,   545302, 11103360
       0,   570764, 11101599
       0,   643047, 11101036
       0,   690167, 11101598
       0,   747282, 11103245
       0,   893338, 11100516
       0,   573548, 11100004
       0,   951301, 11101166
       0,    18613, 11100200
       0,    56114, 11101040
       0,   128489, 11103294
       0,   135933, 11100238
       0,   162469, 11102927
       0,   226875, 11103226
       0,   240784, 11102896
       0,   260078, 11100700
       0,   271762, 11100745
       0,   272879, 11100794
       0,   315553, 11101263
       0,   358299, 11103722
       0,   370209, 11103799
       0,   420251, 11100012
       0,   431472, 11101050
       0,   453063, 11100175
       0,   480405, 11103662
       0,   559558, 11100755
       0,   600633, 11102826
       0,   621230, 11101730
       0,   645129, 11100926
       0,   624393, 11103439
       0,   644369, 11100758
       0,   670087, 11101755
       0,   689821, 11103828
       0,   719271, 11103160
       0,   728674, 11101942
       0,   732906, 11103132
       0,   346826, 11100392
       0,   827658, 11102060
       0,   662569, 11102776
       0,   916516, 11103021
       0,   931210, 11103492
       0,   943325, 11100298
       0,   974061, 11101863
       0,    39121, 11100537
       0,    87885, 11102910
       0,   494755, 11103733
       0,   564748, 11103649
       0,   128185, 11101390
       0,   161041, 11103797
       0,   172773, 11102081
       0,   255957, 11102472
       0,   772778, 11103308
       0,   562193, 11103310
       0,   606669, 11100524
       0,   621944, 11103543
       0,   662082, 11102302
       0,   672536, 11101947
       0,   738230, 11102913
       0,   798641, 11103512
       0,   811938, 11103036
       0,   900880, 11102240
       0,   325216, 11102242
       0,   933229, 11101488
       0,   991053, 11103014
       0,    10329, 11102581
       0,    94788, 11103187
       0,   158125, 11100111
       0,   180948, 11101903
       0,   336551, 11103811
       0,   453109, 11100563
       0,   534379, 11103696
       0,   648285, 11100138
       0,   690053, 11101314
       0,   738355, 11101256
       0,   766519, 11101945
       0,   772882, 11101219
       0,    32254, 11100172
       0,   823786, 11103602
       0,   838919, 11102735
       0,   878193, 11102307
       0,   809787, 11101355
       0,   944677, 11103276
       0,   980831, 11103654
       0,    32176, 11102631
       0,    38967, 11100413
       0,   176585, 11100181
       0,   412767, 11102520
       0,   215543, 11103098
       0,   247757, 11103448
       0,   267531, 11102147
       0,   285130, 11103025
       0,   289453, 11100905
       0,   812047, 11103400
       0,   418319, 11100862
       0,   429304, 11103597
       0,   568096, 11103181
       0,   588309, 11103233
       0,   597110, 11101759
       0,   700089, 11102803
       0,   722693, 11102689
       0,   484944, 11101685
       0,   792436, 11102771
       0,   292667, 11102271
       0,   949985, 11102890
       0,   965812, 11103708
       0,   991947, 11103499
       0,    31276, 11100278
       0,   225268, 11103118
       0,   123027, 11102948
       0,   867346, 11100352
       0,   127420, 11102940
       0,   192022, 11101990
       0,   223085, 11101990
       0,   223172, 11103656
       0,   231660, 11102933
       0,   262777, 11100690
       0,   280265, 11103659
       0,   287488, 11100585
       0,     6665, 11100798
       0,   327544, 11103620
       0,   517988, 11101837
       0,   622238, 11100800
       0,   761970, 11100394
       0,   216544, 11101748
       0,   513992, 11102713
       0,   515923, 11103060
       0,   521687, 11103726
       0,   533550, 11102927
       0,   554094, 11102434
       0,   860700, 11103261
       0,   557259, 11103003
       0,   871434, 11101321
       0,   143992, 11102453
       0,   608531, 11102995
       0,   630788, 11102726
       0,   639886, 11103318
       0,   669250, 11102722
       0,   685605, 11103081
       0,   756663, 11102935
       0,   765335, 11103603
       0,   830306, 11100775
       0,   836929, 11103575
       0,   842444, 11102888
       0,   731263, 11101627
       0,   879497, 11102941
       0,   859449, 11101811
       0,   947711, 11100068
       0,   548469, 11103456
       0,    30313, 11103423
       0,    31576, 11103716
       0,    45458, 11100395
       0,   185213, 11101704
       0,   913589, 11100580
       0,   362338, 11103218
       0,   493088, 11103317
       0,   119058, 11102174
       0,   298126, 11101662
       0,   558561, 11103124
       0,   226169, 11101033
       0,   672559, 11100021
       0,   493439, 11103793
       0,   755871, 11103579
       0,   905590, 11101728
       0,   991343, 11102863
       0,    55034, 11101603
       0,    87603, 11100858
       0,   116246, 11100736
       0,   173948, 11103492
       0,   466799, 11102982
       0,   263261, 11101744
       0,   863241, 11100851
       0,   308754, 11100391
       0,   342105, 11100630
       0,   436212, 11103569
       0,   878487, 11100047
       0,   548558, 11102437
       0,   131716, 11103483
       0,   633529, 11103387
       0,   787711, 11102954
       0,   644183, 11103511
       0,   404811, 11102357
       0,   662969, 11101356
       0,   821049, 11103337
       0,   840376, 11101456
       0,   881804, 11101745
       0,   976439, 11102323
       0,   981553, 11102538
       0,   995708, 11103018
       0,   749537, 11102656
       0,   824304, 11103064
       0,    64926, 11101435
       0,   117527, 11102837
       0,   619273, 11101545
       0,   418106, 11100985
       0,   248007, 11100017
       0,   344966, 11100218
       0,   371999, 11103430
       0,   420688, 11100356
       0,   424428, 11103470
       0,   448928, 11103323
       0,   689592, 11103119
       0,   580993, 11102086
       0,   588527, 11100936
       0,   612638, 11103481
       0,   712122, 11103825
       0,   797307, 11103533
       0,   888099, 11100065
       0,   904695, 11102886
       0,   917851, 11103572
       0,   329799, 11103175
       0,    37040, 11101612
       0,    62543, 11103462
       0,   228179, 11103229
       0,   117452, 11102761
       0,   161044, 11100240
       0,   210655, 11100650
       0,   233922, 11101213
       0,   221933, 11100760
       0,   240934, 11103353
       0,   309846, 11101284
       0,   968396, 11103377
       0,   348217, 11101978
       0,   646886, 11103694
       0,   397086, 11102875
       0,   744157, 11101954
       0,   498830, 11101192
       0,   531648, 11102983
       0,    24998, 11102867
       0,   658137, 11100556
       0,   699868, 11100707
       0,   264377, 11100894
       0,   472760, 11103626
       0,   751161, 11103220
       0,   963390, 11102483
       0,    51018, 11101092
       0,   283094, 11103810
       0,   351320, 11102612
       0,   371901, 11100520
       0,   358656, 11100668
       0,   479690, 11102553
       0,   506346, 11101419
       0,   527202, 11103702
       0,   538507, 11103730
       0,   554879, 11101860
       0,   878921, 11102014
       0,   730771, 11103639
       0,    28922, 11102299
       0,   106681, 11100022
       0,   291105, 11102425
       0,   195844, 11103428
       0,   381257, 11102048
       0,   145431, 11103783
       0,   731152, 11102116
       0,   731610, 11100828
       0,   424928, 11102587
       0,   248409, 11103041
       0,   717750, 11102839
       0,    81695, 11103329
       0,   154024, 11100041
       0,   173971, 11102861
       0,   201286, 11100168
       0,   114411, 11103787
       0,   258598, 11100917
       0,    51506, 11102919
       0,   554611, 11103792
       0,   307477, 11101062
       0,   357802, 11100866
       0,   472091, 11100606
       0,   572993, 11101764
       0,   619692, 11103408
       0,   615937, 11103066
       0,   912154, 11103106
       0,   434788, 11102847
       0,   710922, 11101177
       0,   793337, 11102942
       0,   846229, 11100469
       0,   908929, 11102526
       0,   737330, 11100388
       0,     6352, 11100333
       0,    11448, 11102965
       0,    88788, 11102318
       0,   176024, 11101215
       0,   181453, 11103494
       0,   265495, 11100305
       0,   258820, 11103321
       0,   310955, 11101365
       0,   340269, 11103083
       0,   930703, 11103464
       0,   405072, 11101149
       0,   167518, 11103779
       0,    72786, 11101225
       0,   360082, 11103398
       0,   249845, 11102902
       0,    20680, 11103541
       0,    20978, 11101025
       0,    61282, 11103813
       0,   286169, 11100919
       0,   286830, 11100771
       0,   331029, 11102962
       0,   332363, 11101809
       0,   243508, 11103775
       0,   628687, 11101877
       0,   569928, 11100401
       0,   313900, 11100493
       0,   548486, 11100268
       0,   526603, 11101786
       0,   807861, 11103087
       0,   465424, 11101028
       0,    14891, 11102840
       0,    41078, 11100753
       0,   119594, 11101468
       0,   135878, 11101294
       0,    52665, 11100252
       0,   298759, 11103103
       0,   101672, 11103673
       0,   303699, 11101550
       0,   306743, 11103319
       0,   309851, 11103016
       0,   502269, 11100887
       0,   645774, 11102888
       0,   599105, 11100895
       0,   157441, 11101295
       0,   837138, 11101526
       0,   881773, 11101404
       0,    85408, 11102977
       0,   981490, 11100009
       0,   877207, 11101760
       0,    64722, 11100968
       0,   125415, 11101277
       0,   146694, 11100350
       0,   192548, 11100405
       0,   171742, 11102671
       0,   215108, 11100348
       0,   270447, 11101470
       0,   394772, 11102857
       0,   647512, 11100012
       0,   250856, 11103192
       0,   435433, 11103050
       0,   592101, 11102719
       0,   492060, 11102641
       0,   592426, 11101996
       0,   695099, 11102908
       0,   684891, 11102805
       0,   757500, 11103099
       0,   522167, 11100779
       0,   888095, 11103234
       0,      407, 11102763
       0,   661145, 11101894
       0,    42241, 11100818
       0,    63091, 11101457
       0,    73315, 11102370
       0,   115867, 11103574
       0,   116918, 11101762
       0,   156691, 11100203
       0,   709702, 11103812
       0,   188905, 11101667
       0,   240935, 11100390
       0,     8928, 11101680
       0,   300300, 11102829
       0,   104617, 11101930
       0,   320124, 11103661
       0,   725045, 11103111
       0,   425115, 11100103
       0,   937162, 11101871
       0,   470356, 11103747
       0,   559401, 11100258
       0,   574284, 11103068
       0,   584431, 11100506
       0,   666193, 11102007
       0,   609986, 11100587
       0,   112300, 11103368
       0,   779198, 11101935
       0,   825831, 11100355
       0,   876192, 11100939
       0,   874461, 11101433
       0,   676145, 11101214
       0,   962367, 11103013
       0,    69508, 11101292
       0,    60691, 11101324
       0,   175940, 11101134
       0,   191266, 11103224
       0,   195804, 11102989
       0,   208852, 11101311
       0,   210309, 11103570
       0,   231815, 11103105
       0,   231974, 11102443
       0,   859453, 11103526
       0,   727549, 11102669
       0,   364712, 11103091
       0,   525547, 11103001
       0,   700683, 11102869
       0,   974617, 11101494
       0,   506843, 11101032
       0,   575810, 11100741
       0,   579915, 11100321
       0,   594600, 11102140
       0,   675222, 11102163
       0,   710110, 11101427
       0,   723328, 11103371
       0,   731455, 11101825
       0,   745152, 11102967
       0,   746995, 11103585
       0,   786485, 11101049
       0,   832427, 11103562
       0,   360378, 11102056
       0,   886535, 11101987
       0,   902338, 11103823
       0,   746389, 11101229
       0,   624123, 11100904
       0,   216428, 11102699
       0,   928035, 11102892
       0,    49678, 11103651
       0,   280035, 11102099
       0,   249920, 11103627
       0,   113487, 11103295
       0,   584290, 11102835
       0,   556500, 11100551
       0,   185645, 11103528
       0,   311062, 11103471
       0,   311888, 11103628
       0,   345657, 11101288
       0,   388462, 11102470
       0,   754983, 11102042
       0,   890988, 11102090
       0,   504395, 11102039
       0,   766743, 11102471
       0,   566829, 11100167
       0,   863278, 11100674
       0,   637948, 11100216
       0,   660154, 11100841
       0,   697618, 11100713
       0,   719219, 11100575
       0,    90192, 11100920
       0,   309619, 11102893
       0,    51162, 11101742
       0,   598087, 11101118
       0,   520560, 11102864
       0,   897302, 11102811
       0,   244500, 11101357
       0,   928402, 11102157
       0,   960506, 11101567
       0,    44537, 11103592
       0,   719749, 11103475
       0,    81041, 11100691
       0,   215456, 11101823
       0,   348619, 11103373
       0,   821029, 11102810
       0,   518172, 11100777
       0,   600774, 11102091
       0,   338472, 11100028
       0,    65643, 11102498
       0,   677982, 11100670
       0,   670092, 11103700
       0,   923999, 11102578
       0,   842432, 11100961
       0,   921192, 11102966
       0,   950746, 11103581
       0,   522510, 11101847
       0,    30702, 11102987
       0,   322387, 11100574
       0,   152901, 11103316
       0,   168082, 11101006
       0,   169130, 11102833
       0,   179372, 11103127
       0,   919542, 11101460
       0,   453952, 11100757
       0,   408031, 11100282
       0,   893013, 11101561
       0,   444973, 11102295
       0,   602080, 11103748
       0,   297446, 11101719
       0,   669808, 11101915
       0,   818541, 11103683
       0,   484170, 11100050
       0,   309953, 11102487
       0,   821308, 11102334
       0,   170793, 11102648
       0,   362817, 11102651
       0,   595217, 11103246
       0,   943948, 11100430
       0,   996119, 11100560
       0,   239258, 11103675
       0,    61985, 11103682
       0,   591846, 11103040
       0,   122957, 11100403
       0,   211339, 11101789
       0,   297851, 11101704
       0,    61400, 11101829
       0,   750300, 11100738
       0,   437910, 11101579
       0,   885865, 11103092
       0,   928190, 11100256
       0,   405227, 11100266
       0,   542546, 11103681
       0,   564709, 11102316
       0,    41089, 11102102
       0,   618402, 11100326
       0,   382913, 11100811
       0,   801680, 11102925
       0,   879017, 11102851
       0,    17454, 11103764
       0,   186483, 11103079
       0,   120041, 11100196
       0,   932160, 11103721
       0,   184354, 11102622
       0,   395798, 11102816
       0,   198755, 11100255
       0,   248377, 11100124
       0,   471462, 11102923
       0,   520185, 11102446
       0,   537829, 11100263
       0,   639188, 11103433
       0,   718754, 11102569
       0,   697725, 11103258
       0,   859362, 11100484
       0,   559463, 11103324
       0,   366868, 11100932
       0,   828843, 11101495
       0,   805888, 11101638
       0,   737490, 11102020
       0,   962937, 11101977
       0,    51844, 11102071
       0,   437701, 11100507
       0,    93227, 11103181
       0,   224840, 11103597
       0,    83096, 11102317
       0,   959306, 11100369
       0,   363506, 11101733
       0,   368342, 11102670
       0,   440760, 11103599
       0,   454653, 11101253
       0,   493262, 11100330
       0,   960538, 11103520
       0,   549083, 11103409
       0,   576392, 11103738
       0,    79972, 11103605
       0,   642791, 11101919
       0,   731990, 11103133
       0,   790200, 11102479
       0,   846727, 11101387
       0,   853026, 11102774
       0,   236556, 11101527
       0,   466913, 11101615
       0,   974316, 11100740
       0,   991215, 11101813
       0,   958121, 11102687
       0,    18924, 11101147
       0,    24268, 11100141
       0,   586110, 11102991
       0,    41875, 11100726
       0,    67098, 11102584
       0,   138557, 11102692
       0,   671750, 11100817
       0,   919614, 11102409
       0,   227105, 11102478
       0,   246955, 11103540
       0,   552733, 11101649
       0,   353680, 11100202
       0,   386472, 11100265
       0,   448930, 11100450
       0,   478861, 11102413
       0,   343759, 11100522
       0,   147112, 11100704
       0,   636885, 11100762
       0,   763208, 11101542
       0,   430035, 11101015
       0,   936451, 11103745
       0,   198258, 11100245
       0,   844921, 11101348
       0,   922389, 11103046
       0,   937881, 11100476
       0,   412125, 11101794
       0,   965254, 11100902
       0,    26983, 11101228
       0,   893763, 11102597
       0,   108156, 11100610
       0,   122680, 11102368
       0,   141398, 11102558
       0,   149514, 11101083
       0,   492096, 11101171
       0,   763979, 11102807
       0,   170071, 11100143
       0,   191741, 11101272
       0,   199742, 11101461
       0,   218087, 11103740
       0,   245991, 11100460
       0,   288289, 11100059
       0,   300880, 11102724
       0,   317974, 11102138
       0,   784822, 11100542
       0,   430544, 11100594
       0,   472855, 11103251
       0,   244068, 11100680
       0,   588295, 11102728
       0,   659472, 11102508
       0,   708725, 11100808
       0,   315457, 11103216
       0,   769834, 11102206
       0,   560965, 11101231
       0,   663628, 11103729
       0,   848929, 11100752
       0,   200143, 11101653
       0,   888859, 11102938
       0,   278941, 11103534
       0,   935946, 11100925
       0,   148061, 11100381
       0,      260, 11101571
       0,    29902, 11101872
       0,   243080, 11103250
       0,    85942, 11100616
       0,   120935, 11102473
       0,   892449, 11100837
       0,   152070, 11103640
       0,   154028, 11100477
       0,   164407, 11102624
       0,   399006, 11100169
       0,   243703, 11100750
       0,   257676, 11100313
       0,   326726, 11103816
       0,   339946, 11100889
       0,   183151, 11100486
       0,   350448, 11103619
       0,   351755, 11100528
       0,   847453, 11101132
       0,   425929, 11100597
       0,   445868, 11103223
       0,   703819, 11100954
       0,   455004, 11103240
       0,   590911, 11103005
       0,   591967, 11101056
       0,   342797, 11102978
       0,   638576, 11103195
       0,   795848, 11101217
       0,   697428, 11101274
       0,   747189, 11102059
       0,   750191, 11101299
       0,   759091, 11102018
       0,   778513, 11100644
       0,   797856, 11100984
       0,   668407, 11101804
       0,   867348, 11103444
       0,   871473, 11101975
       0,   550792, 11100148
       0,   928412, 11100996
       0,   928873, 11100861
       0,   934807, 11102180
       0,   941381, 11102238
       0,   944572, 11102218
       0,   248862, 11102853
       0,   982038, 11103338
       0,     7662, 11102047
       0,    71701, 11101275
       0,   943154, 11102575
       0,   106063, 11102594
       0,   401344, 11102615
       0,   118104, 11101521
       0,   123293, 11103491
       0,   703714, 11100912
       0,   138312, 11100099
       0,   516341, 11100275
       0,   577733, 11103797
       0,   195371, 11100357
       0,   460209, 11102684
       0,   217115, 11103539
       0,   235570, 11102620
       0,   275193, 11101992
       0,   286362, 11100444
       0,   291081, 11102398
       0,   294475, 11101619
       0,   200638, 11100601
       0,   345411, 11100312
       0,   212950, 11103281
       0,   806987, 11103436
       0,   451842, 11100830
       0,   921374, 11100446
       0,   520234, 11100864
       0,   537297, 11100874
       0,   542405, 11100618
       0,   552003, 11100992
       0,   379204, 11100658
       0,   559775, 11102251
       0,   573625, 11101289
       0,   610343, 11102552
       0,   610795, 11101451
       0,   614478, 11101491
       0,   641931, 11101509
       0,   646173, 11101534
       0,    53155, 11101741
       0,   649702, 11101564
       0,   654033, 11103148
       0,   691212, 11102082
       0,   892709, 11102922
       0,   733743, 11101722
       0,   664521, 11103359
       0,   667134, 11101824
       0,   807170, 11100225
       0,   810071, 11103701
       0,   697774, 11101848
       0,   818199, 11101952
       0,   707608, 11102485
       0,   823205, 11102956
       0,   825030, 11101878
       0,   825925, 11101880
       0,   578621, 11103577
       0,   846872, 11102263
       0,   423838, 11102310
       0,   927855, 11100991
       0,   658511, 11103305
       0,   963717, 11102377
       0,   978438, 11103586
       0,     9887, 11100067
       0,    30094, 11101949
       0,    32510, 11101656
       0,   921507, 11102260
       0,    48047, 11102573
       0,    58963, 11103056
       0,    90219, 11100547
       0,    79591, 11102709
       0,    83769, 11102100
       0,    88664, 11100171
       0,    92032, 11100180
       0,    93066, 11102555
       0,   105578, 11103412
       0,   207564, 11103398
       0,    60027, 11101905
       0,   781714, 11100290
       0,     8521, 11100308
       0,   397052, 11103206
       0,   739155, 11103333
       0,   238640, 11103455
       0,   292805, 11103332
       0,   523652, 11100638
       0,   372489, 11103080
       0,   382452, 11102189
       0,   402696, 11103514
       0,   413495, 11103039
       0,   428204, 11101692
       0,   793519, 11100733
       0,   462930, 11100081
       0,   487913, 11103306
       0,   323959, 11100916
       0,   550706, 11101093
       0,   581832, 11102838
       0,   392707, 11102862
       0,   595638, 11101223
       0,   913210, 11102786
       0,   632531, 11101307
       0,   790344, 11101373
       0,   891586, 11100236
       0,   690051, 11101531
       0,   692811, 11101636
       0,   698522, 11101119
       0,   785211, 11101675
       0,   803894, 11102534
       0,   837426, 11101779
       0,   846581, 11102221
       0,   849271, 11103214
       0,   789404, 11101943
       0,   574843, 11102794
       0,   903660, 11102921
       0,   915740, 11102211
       0,   941943, 11102981
       0,   925235, 11102165
       0,   940105, 11102371
       0,   989343, 11102380
       0,   262288, 11100395
       0,     8225, 11103716
       0,    30703, 11101609
       0,    82853, 11102510
       0,   815374, 11102536
       0,   135366, 11102691
       0,   213590, 11101656
       0,   499811, 11103170
       0,   224809, 11102733
       0,   248568, 11102988
       0,   289030, 11100102
       0,   716377, 11103151
       0,   285573, 11100303
       0,   437499, 11102934
       0,   444504, 11103272
       0,   498868, 11103446
       0,   545321, 11103176
       0,   865716, 11102896
       0,   575703, 11103564
       0,   597733, 11103778
       0,    73541, 11103424
       0,   641160, 11100850
       0,   595848, 11101249
       0,   109689, 11101262
       0,   717913, 11101397
       0,   616176, 11101516
       0,   771112, 11103672
       0,   802543, 11103002
       0,   806202, 11101686
       0,   816335, 11100003
       0,   974665, 11101807
       0,   877801, 11101279
       0,   665968, 11103361
       0,   920090, 11102093
       0,   939640, 11101726
       0,   976392, 11102162
       0,   717731, 11101473
       0,    76755, 11102247
       0,   309493, 11102283
       0,   123534, 11102696
       0,   139482, 11102445
       0,    10441, 11103636
       0,   180214, 11102544
       0,   831127, 11102822
       0,   257464, 11102703
       0,   731469, 11103809
       0,   321127, 11100284
       0,   621815, 11100026
       0,   412471, 11100414
       0,   419634, 11100454
       0,   424790, 11103419
       0,   455640, 11101306
       0,   478860, 11102325
       0,   497361, 11100786
       0,   543803, 11102052
       0,   548557, 11100555
       0,   577951, 11100063
       0,   578533, 11101172
       0,   484284, 11101197
       0,   593973, 11101210
       0,   388024, 11103297
       0,   674287, 11103714
       0,   692159, 11101394
       0,   446591, 11101511
       0,   711815, 11100254
       0,   737353, 11103611
       0,   740823, 11101628
       0,   326384, 11100924
       0,   807768, 11101669
       0,   412976, 11101114
       0,   897991, 11101896
       0,   900767, 11101956
       0,    80379, 11102303
       0,   919606, 11100053
       0,    62542, 11103807
       0,   112135, 11103325
       0,   908767, 11103038
       0,   140910, 11102258
       0,   149021, 11102787
       0,   300204, 11102499
       0,   615413, 11103124
       0,   346827, 11102760
       0,   355174, 11103521
       0,   359027, 11100253
       0,   438991, 11100379
       0,   441895, 11102515
       0,   249108, 11100458
       0,   800586, 11100109
       0,   654456, 11100977
       0,   656560, 11102513
       0,   793882, 11100994
       0,   862864, 11103229
       0,   867635, 11101022
       0,   943739, 11101254
       0,    52738, 11100661
       0,    71109, 11101838
       0,    86243, 11102259
       0,   103130, 11101168
       0,   105259, 11103677
       0,   409381, 11102230
       0,   226871, 11102946
       0,   229497, 11101121
       0,   293618, 11102628
       0,   293792, 11103459
       0,   443807, 11103043
       0,   458777, 11103798
       0,   548758, 11103707
       0,    57892, 11101372
       0,   313445, 11100416
       0,   426991, 11100699
       0,   432804, 11100708
       0,   614632, 11100872
       0,   981465, 11100871
       0,   189284, 11103633
       0,   320091, 11101525
       0,   432048, 11100243
       0,   438937, 11100923
       0,   477148, 11101220
       0,   633940, 11101448
       0,   743120, 11100730
       0,   783438, 11103169
       0,   793983, 11103831
       0,   808186, 11102887
       0,   855009, 11100809
       0,   922182, 11103414
       0,   932383, 11101342
       0,   995463, 11102799
       0,   689235, 11102088
       0,   263623, 11102713
       0,   269626, 11102203
       0,   885952, 11102231
       0,   894449, 11102256
       0,    71464, 11101892
       0,   201829, 11101435
       0,   686624, 11103355
       0,   372093, 11102750
       0,   536629, 11100671
       0,   577824, 11103501
       0,   956802, 11102676
       0,   171566, 11102505
       0,   482469, 11103055
       0,   675614, 11101504
       0,   690148, 11102166
       0,   843179, 11103442
       0,   146684, 11101055
       0,   277938, 11103648
       0,   915715, 11101620
       0,   316683, 11102680
       0,   402229, 11103666
       0,   782398, 11102667
       0,   835258, 11103518
       0,    60454, 11101724
       0,   186013, 11102365
       0,   556833, 11101971
       0,   843949, 11103692
       0,    90802, 11102915
       0,    90897, 11103075
       0,   548565, 11102008
       0,   524014, 11102201
       0,   679814, 11100295
       0,   372531, 11100100
       0,   554247, 11102715
       0,   359649, 11103728
       0,   423453, 11102005
       0,     3837, 11103535
       0,   714045, 11103256
       0,   870166, 11101524
       0,   898888, 11100593
       0,   981435, 11102770
       0,   299151, 11102906
       0,   335842, 11100360
       0,   878911, 11103529
       0,   978067, 11103307
       0,   239605, 11103390
       0,   312949, 11102017
       0,   420421, 11103564
       0,   902493, 11101107
       0,   968312, 11102937
